# Concentracion g/m^3_=_53300.0
# C_Vs_to_Am_M_A/Vsm_=_128687336408.14134
# pendiente_HvsI_1/m_=_3716.3
# ordenada_HvsI_A/m_=_1297.0
# frecuencia_Hz_=_135956.20063459233
# Promedio de 29 ciclos

Tiempo_(s)	Campo_(V.s)	Magnetizacion_(V.s)	Campo_(kA/m)	Magnetizacion_(A/m)
0.000000e+00	-2.137439e-09	-9.471837e-09	-1.243250e+01	-1.213204e+03
1.000000e-08	-2.137516e-09	-9.471784e-09	-1.243295e+01	-1.213197e+03
2.000000e-08	-2.137569e-09	-9.469883e-09	-1.243326e+01	-1.213115e+03
3.000000e-08	-2.137534e-09	-9.467879e-09	-1.243305e+01	-1.212961e+03
4.000000e-08	-2.137295e-09	-9.470301e-09	-1.243167e+01	-1.212738e+03
5.000000e-08	-2.136781e-09	-9.467372e-09	-1.242867e+01	-1.212448e+03
6.000000e-08	-2.135939e-09	-9.458763e-09	-1.242378e+01	-1.212094e+03
7.000000e-08	-2.134771e-09	-9.456075e-09	-1.241698e+01	-1.211677e+03
8.000000e-08	-2.133379e-09	-9.454082e-09	-1.240889e+01	-1.211199e+03
9.000000e-08	-2.131884e-09	-9.444579e-09	-1.240019e+01	-1.210659e+03
1.000000e-07	-2.130349e-09	-9.440273e-09	-1.239127e+01	-1.210056e+03
1.100000e-07	-2.128762e-09	-9.441037e-09	-1.238203e+01	-1.209392e+03
1.200000e-07	-2.127061e-09	-9.432536e-09	-1.237214e+01	-1.208663e+03
1.300000e-07	-2.125183e-09	-9.423351e-09	-1.236122e+01	-1.207870e+03
1.400000e-07	-2.123110e-09	-9.417862e-09	-1.234916e+01	-1.207012e+03
1.500000e-07	-2.120885e-09	-9.407522e-09	-1.233622e+01	-1.206088e+03
1.600000e-07	-2.118562e-09	-9.397921e-09	-1.232271e+01	-1.205098e+03
1.700000e-07	-2.116144e-09	-9.393231e-09	-1.230864e+01	-1.204042e+03
1.800000e-07	-2.113591e-09	-9.384235e-09	-1.229379e+01	-1.202920e+03
1.900000e-07	-2.110854e-09	-9.373413e-09	-1.227787e+01	-1.201734e+03
2.000000e-07	-2.107929e-09	-9.364169e-09	-1.226086e+01	-1.200485e+03
2.100000e-07	-2.104853e-09	-9.352297e-09	-1.224297e+01	-1.199174e+03
2.200000e-07	-2.101663e-09	-9.338814e-09	-1.222441e+01	-1.197802e+03
2.300000e-07	-2.098374e-09	-9.326508e-09	-1.220528e+01	-1.196370e+03
2.400000e-07	-2.094968e-09	-9.313504e-09	-1.218547e+01	-1.194879e+03
2.500000e-07	-2.091411e-09	-9.301113e-09	-1.216478e+01	-1.193328e+03
2.600000e-07	-2.087678e-09	-9.289971e-09	-1.214306e+01	-1.191717e+03
2.700000e-07	-2.083722e-09	-9.276295e-09	-1.212006e+01	-1.190044e+03
2.800000e-07	-2.079488e-09	-9.259889e-09	-1.209543e+01	-1.188307e+03
2.900000e-07	-2.074995e-09	-9.243369e-09	-1.206929e+01	-1.186505e+03
3.000000e-07	-2.070313e-09	-9.227245e-09	-1.204206e+01	-1.184635e+03
3.100000e-07	-2.065511e-09	-9.211440e-09	-1.201413e+01	-1.182693e+03
3.200000e-07	-2.060610e-09	-9.196088e-09	-1.198562e+01	-1.180679e+03
3.300000e-07	-2.055573e-09	-9.180004e-09	-1.195632e+01	-1.178590e+03
3.400000e-07	-2.050367e-09	-9.162710e-09	-1.192604e+01	-1.176425e+03
3.500000e-07	-2.044987e-09	-9.144289e-09	-1.189475e+01	-1.174183e+03
3.600000e-07	-2.039429e-09	-9.124435e-09	-1.186242e+01	-1.171865e+03
3.700000e-07	-2.033673e-09	-9.102953e-09	-1.182894e+01	-1.169472e+03
3.800000e-07	-2.027700e-09	-9.081047e-09	-1.179420e+01	-1.167005e+03
3.900000e-07	-2.021535e-09	-9.060385e-09	-1.175834e+01	-1.164466e+03
4.000000e-07	-2.015182e-09	-9.040719e-09	-1.172139e+01	-1.161858e+03
4.100000e-07	-2.008645e-09	-9.019836e-09	-1.168337e+01	-1.159184e+03
4.200000e-07	-2.001947e-09	-8.997498e-09	-1.164441e+01	-1.156445e+03
4.300000e-07	-1.995102e-09	-8.973967e-09	-1.160459e+01	-1.153643e+03
4.400000e-07	-1.988129e-09	-8.949081e-09	-1.156404e+01	-1.150780e+03
4.500000e-07	-1.981050e-09	-8.923698e-09	-1.152286e+01	-1.147856e+03
4.600000e-07	-1.973872e-09	-8.899169e-09	-1.148111e+01	-1.144871e+03
4.700000e-07	-1.966577e-09	-8.875303e-09	-1.143867e+01	-1.141823e+03
4.800000e-07	-1.959130e-09	-8.851521e-09	-1.139536e+01	-1.138711e+03
4.900000e-07	-1.951510e-09	-8.827329e-09	-1.135104e+01	-1.135534e+03
5.000000e-07	-1.943725e-09	-8.801953e-09	-1.130576e+01	-1.132288e+03
5.100000e-07	-1.935811e-09	-8.774747e-09	-1.125972e+01	-1.128972e+03
5.200000e-07	-1.927808e-09	-8.746397e-09	-1.121318e+01	-1.125583e+03
5.300000e-07	-1.919733e-09	-8.718063e-09	-1.116620e+01	-1.122120e+03
5.400000e-07	-1.911574e-09	-8.690029e-09	-1.111875e+01	-1.118583e+03
5.500000e-07	-1.903312e-09	-8.662264e-09	-1.107069e+01	-1.114970e+03
5.600000e-07	-1.894927e-09	-8.634238e-09	-1.102192e+01	-1.111282e+03
5.700000e-07	-1.886397e-09	-8.605059e-09	-1.097230e+01	-1.107520e+03
5.800000e-07	-1.877716e-09	-8.574496e-09	-1.092181e+01	-1.103687e+03
5.900000e-07	-1.868895e-09	-8.543066e-09	-1.087050e+01	-1.099784e+03
6.000000e-07	-1.859938e-09	-8.511204e-09	-1.081841e+01	-1.095813e+03
6.100000e-07	-1.850854e-09	-8.479051e-09	-1.076557e+01	-1.091775e+03
6.200000e-07	-1.841631e-09	-8.446896e-09	-1.071192e+01	-1.087673e+03
6.300000e-07	-1.832265e-09	-8.414920e-09	-1.065745e+01	-1.083507e+03
6.400000e-07	-1.822783e-09	-8.382343e-09	-1.060229e+01	-1.079276e+03
6.500000e-07	-1.813200e-09	-8.349037e-09	-1.054655e+01	-1.074981e+03
6.600000e-07	-1.803523e-09	-8.314851e-09	-1.049027e+01	-1.070618e+03
6.700000e-07	-1.793726e-09	-8.279665e-09	-1.043328e+01	-1.066187e+03
6.800000e-07	-1.783781e-09	-8.244030e-09	-1.037544e+01	-1.061685e+03
6.900000e-07	-1.773676e-09	-8.208423e-09	-1.031666e+01	-1.057107e+03
7.000000e-07	-1.763398e-09	-8.172668e-09	-1.025688e+01	-1.052453e+03
7.100000e-07	-1.752926e-09	-8.136248e-09	-1.019596e+01	-1.047718e+03
7.200000e-07	-1.742241e-09	-8.098506e-09	-1.013382e+01	-1.042901e+03
7.300000e-07	-1.731356e-09	-8.059133e-09	-1.007050e+01	-1.038002e+03
7.400000e-07	-1.720314e-09	-8.019081e-09	-1.000628e+01	-1.033019e+03
7.500000e-07	-1.709170e-09	-7.979581e-09	-9.941455e+00	-1.027953e+03
7.600000e-07	-1.697955e-09	-7.940284e-09	-9.876227e+00	-1.022808e+03
7.700000e-07	-1.686681e-09	-7.899790e-09	-9.810649e+00	-1.017585e+03
7.800000e-07	-1.675317e-09	-7.857495e-09	-9.744552e+00	-1.012287e+03
7.900000e-07	-1.663835e-09	-7.814563e-09	-9.677766e+00	-1.006919e+03
8.000000e-07	-1.652224e-09	-7.771940e-09	-9.610225e+00	-1.001485e+03
8.100000e-07	-1.640480e-09	-7.728758e-09	-9.541917e+00	-9.959867e+02
8.200000e-07	-1.628615e-09	-7.684859e-09	-9.472906e+00	-9.904288e+02
8.300000e-07	-1.616649e-09	-7.641518e-09	-9.403303e+00	-9.848132e+02
8.400000e-07	-1.604597e-09	-7.598904e-09	-9.333206e+00	-9.791413e+02
8.500000e-07	-1.592460e-09	-7.555770e-09	-9.262609e+00	-9.734138e+02
8.600000e-07	-1.580217e-09	-7.510723e-09	-9.191394e+00	-9.676301e+02
8.700000e-07	-1.567851e-09	-7.463572e-09	-9.119470e+00	-9.617890e+02
8.800000e-07	-1.555362e-09	-7.415774e-09	-9.046825e+00	-9.558886e+02
8.900000e-07	-1.542754e-09	-7.368593e-09	-8.973491e+00	-9.499267e+02
9.000000e-07	-1.530051e-09	-7.321650e-09	-8.899605e+00	-9.439007e+02
9.100000e-07	-1.517285e-09	-7.273888e-09	-8.825352e+00	-9.378082e+02
9.200000e-07	-1.504465e-09	-7.225169e-09	-8.750783e+00	-9.316474e+02
9.300000e-07	-1.491577e-09	-7.176293e-09	-8.675820e+00	-9.254166e+02
9.400000e-07	-1.478598e-09	-7.127547e-09	-8.600323e+00	-9.191152e+02
9.500000e-07	-1.465504e-09	-7.077737e-09	-8.524162e+00	-9.127428e+02
9.600000e-07	-1.452278e-09	-7.026261e-09	-8.447231e+00	-9.063001e+02
9.700000e-07	-1.438901e-09	-6.974278e-09	-8.369423e+00	-8.997879e+02
9.800000e-07	-1.425365e-09	-6.922749e-09	-8.290691e+00	-8.932077e+02
9.900000e-07	-1.411661e-09	-6.871363e-09	-8.210980e+00	-8.865607e+02
1.000000e-06	-1.397779e-09	-6.819329e-09	-8.130240e+00	-8.798482e+02
1.010000e-06	-1.383729e-09	-6.766208e-09	-8.048515e+00	-8.730710e+02
1.020000e-06	-1.369541e-09	-6.712048e-09	-7.965992e+00	-8.662292e+02
1.030000e-06	-1.355252e-09	-6.657501e-09	-7.882877e+00	-8.593221e+02
1.040000e-06	-1.340888e-09	-6.602808e-09	-7.799329e+00	-8.523482e+02
1.050000e-06	-1.326478e-09	-6.547155e-09	-7.715510e+00	-8.453051e+02
1.060000e-06	-1.312026e-09	-6.490339e-09	-7.631450e+00	-8.381894e+02
1.070000e-06	-1.297521e-09	-6.433313e-09	-7.547080e+00	-8.309972e+02
1.080000e-06	-1.282952e-09	-6.376650e-09	-7.462344e+00	-8.237242e+02
1.090000e-06	-1.268311e-09	-6.319881e-09	-7.377179e+00	-8.163657e+02
1.100000e-06	-1.253580e-09	-6.262049e-09	-7.291501e+00	-8.089171e+02
1.110000e-06	-1.238754e-09	-6.202603e-09	-7.205260e+00	-8.013743e+02
1.120000e-06	-1.223824e-09	-6.141998e-09	-7.118421e+00	-7.937335e+02
1.130000e-06	-1.208798e-09	-6.080989e-09	-7.031023e+00	-7.859921e+02
1.140000e-06	-1.193687e-09	-6.019677e-09	-6.943130e+00	-7.781479e+02
1.150000e-06	-1.178496e-09	-5.957692e-09	-6.854768e+00	-7.701999e+02
1.160000e-06	-1.163226e-09	-5.894660e-09	-6.765953e+00	-7.621482e+02
1.170000e-06	-1.147874e-09	-5.830660e-09	-6.676653e+00	-7.539936e+02
1.180000e-06	-1.132421e-09	-5.765822e-09	-6.586770e+00	-7.457376e+02
1.190000e-06	-1.116873e-09	-5.700267e-09	-6.496338e+00	-7.373824e+02
1.200000e-06	-1.101248e-09	-5.633983e-09	-6.405455e+00	-7.289306e+02
1.210000e-06	-1.085542e-09	-5.566809e-09	-6.314098e+00	-7.203847e+02
1.220000e-06	-1.069762e-09	-5.499383e-09	-6.222311e+00	-7.117476e+02
1.230000e-06	-1.053917e-09	-5.432214e-09	-6.130148e+00	-7.030219e+02
1.240000e-06	-1.038010e-09	-5.364826e-09	-6.037624e+00	-6.942100e+02
1.250000e-06	-1.022049e-09	-5.296168e-09	-5.944791e+00	-6.853139e+02
1.260000e-06	-1.006055e-09	-5.225683e-09	-5.851761e+00	-6.763355e+02
1.270000e-06	-9.900362e-10	-5.154456e-09	-5.758584e+00	-6.672763e+02
1.280000e-06	-9.739832e-10	-5.083775e-09	-5.665212e+00	-6.581376e+02
1.290000e-06	-9.578902e-10	-5.013178e-09	-5.571606e+00	-6.489208e+02
1.300000e-06	-9.417420e-10	-4.941927e-09	-5.477679e+00	-6.396269e+02
1.310000e-06	-9.255247e-10	-4.870156e-09	-5.383351e+00	-6.302572e+02
1.320000e-06	-9.092304e-10	-4.797881e-09	-5.288574e+00	-6.208131e+02
1.330000e-06	-8.928569e-10	-4.724658e-09	-5.193337e+00	-6.112960e+02
1.340000e-06	-8.763996e-10	-4.650686e-09	-5.097612e+00	-6.017075e+02
1.350000e-06	-8.598637e-10	-4.576168e-09	-5.001430e+00	-5.920493e+02
1.360000e-06	-8.432382e-10	-4.500764e-09	-4.904728e+00	-5.823231e+02
1.370000e-06	-8.264986e-10	-4.425104e-09	-4.807361e+00	-5.725307e+02
1.380000e-06	-8.096445e-10	-4.349856e-09	-4.709328e+00	-5.626735e+02
1.390000e-06	-7.926821e-10	-4.274215e-09	-4.610666e+00	-5.527530e+02
1.400000e-06	-7.756215e-10	-4.197245e-09	-4.511432e+00	-5.427702e+02
1.410000e-06	-7.584711e-10	-4.119493e-09	-4.411676e+00	-5.327260e+02
1.420000e-06	-7.412345e-10	-4.041560e-09	-4.311419e+00	-5.226208e+02
1.430000e-06	-7.239126e-10	-3.963532e-09	-4.210665e+00	-5.124549e+02
1.440000e-06	-7.065223e-10	-3.885075e-09	-4.109514e+00	-5.022282e+02
1.450000e-06	-6.890678e-10	-3.805657e-09	-4.007989e+00	-4.919404e+02
1.460000e-06	-6.715531e-10	-3.725213e-09	-3.906114e+00	-4.815912e+02
1.470000e-06	-6.540033e-10	-3.644725e-09	-3.804035e+00	-4.711803e+02
1.480000e-06	-6.364297e-10	-3.564821e-09	-3.701817e+00	-4.607074e+02
1.490000e-06	-6.188373e-10	-3.484671e-09	-3.599490e+00	-4.501723e+02
1.500000e-06	-6.012318e-10	-3.403551e-09	-3.497087e+00	-4.395751e+02
1.510000e-06	-5.836134e-10	-3.321499e-09	-3.394609e+00	-4.289160e+02
1.520000e-06	-5.659778e-10	-3.238784e-09	-3.292031e+00	-4.181953e+02
1.530000e-06	-5.483264e-10	-3.155496e-09	-3.189361e+00	-4.074135e+02
1.540000e-06	-5.306597e-10	-3.071861e-09	-3.086601e+00	-3.965709e+02
1.550000e-06	-5.129738e-10	-2.987737e-09	-2.983731e+00	-3.856681e+02
1.560000e-06	-4.952666e-10	-2.902988e-09	-2.880736e+00	-3.747051e+02
1.570000e-06	-4.775324e-10	-2.817825e-09	-2.777584e+00	-3.636819e+02
1.580000e-06	-4.597686e-10	-2.732030e-09	-2.674260e+00	-3.525979e+02
1.590000e-06	-4.419700e-10	-2.645103e-09	-2.570734e+00	-3.414525e+02
1.600000e-06	-4.241362e-10	-2.557381e-09	-2.467003e+00	-3.302442e+02
1.610000e-06	-4.062751e-10	-2.469210e-09	-2.363113e+00	-3.189716e+02
1.620000e-06	-3.883861e-10	-2.381142e-09	-2.259061e+00	-3.076327e+02
1.630000e-06	-3.704636e-10	-2.293120e-09	-2.154814e+00	-2.962255e+02
1.640000e-06	-3.525154e-10	-2.204154e-09	-2.050418e+00	-2.847479e+02
1.650000e-06	-3.345504e-10	-2.113961e-09	-1.945924e+00	-2.731979e+02
1.660000e-06	-3.165623e-10	-2.022812e-09	-1.841295e+00	-2.615737e+02
1.670000e-06	-2.985369e-10	-1.931504e-09	-1.736450e+00	-2.498738e+02
1.680000e-06	-2.804794e-10	-1.839292e-09	-1.631418e+00	-2.380975e+02
1.690000e-06	-2.623947e-10	-1.745669e-09	-1.526227e+00	-2.262442e+02
1.700000e-06	-2.442802e-10	-1.652094e-09	-1.420863e+00	-2.143142e+02
1.710000e-06	-2.261433e-10	-1.558439e-09	-1.315370e+00	-2.023082e+02
1.720000e-06	-2.079904e-10	-1.463369e-09	-1.209782e+00	-1.902275e+02
1.730000e-06	-1.898191e-10	-1.367675e-09	-1.104088e+00	-1.780739e+02
1.740000e-06	-1.716315e-10	-1.272109e-09	-9.982993e-01	-1.658496e+02
1.750000e-06	-1.534324e-10	-1.175736e-09	-8.924435e-01	-1.535569e+02
1.760000e-06	-1.352239e-10	-1.078836e-09	-7.865331e-01	-1.411986e+02
1.770000e-06	-1.170127e-10	-9.819884e-10	-6.806070e-01	-1.287773e+02
1.780000e-06	-9.879651e-11	-8.845544e-10	-5.746515e-01	-1.162960e+02
1.790000e-06	-8.057843e-11	-7.861845e-10	-4.686853e-01	-1.037574e+02
1.800000e-06	-6.235685e-11	-6.876167e-10	-3.626987e-01	-9.116446e+01
1.810000e-06	-4.412796e-11	-5.889168e-10	-2.566697e-01	-7.852013e+01
1.820000e-06	-2.589647e-11	-4.901182e-10	-1.506255e-01	-6.582743e+01
1.830000e-06	-7.661180e-12	-3.916540e-10	-4.455917e-02	-5.308953e+01
1.840000e-06	1.057730e-11	-2.925532e-10	6.152569e-02	-4.030981e+01
1.850000e-06	2.881536e-11	-1.925714e-10	1.676082e-01	-2.749187e+01
1.860000e-06	4.705523e-11	-9.306446e-11	2.737011e-01	-1.463960e+01
1.870000e-06	6.529690e-11	5.987961e-12	3.798045e-01	-1.757134e+00
1.880000e-06	8.353208e-11	1.061512e-10	4.858702e-01	1.115113e+01
1.890000e-06	1.017593e-10	2.071246e-10	5.918896e-01	2.408063e+01
1.900000e-06	1.199747e-10	3.073504e-10	6.978401e-01	3.702666e+01
1.910000e-06	1.381760e-10	4.073113e-10	8.037086e-01	4.998450e+01
1.920000e-06	1.563652e-10	5.074262e-10	9.095068e-01	6.294950e+01
1.930000e-06	1.745366e-10	6.073114e-10	1.015202e+00	7.591715e+01
1.940000e-06	1.926923e-10	7.075520e-10	1.120805e+00	8.888314e+01
1.950000e-06	2.108330e-10	8.085514e-10	1.226321e+00	1.018434e+02
1.960000e-06	2.289588e-10	9.094830e-10	1.331751e+00	1.147941e+02
1.970000e-06	2.470656e-10	1.009497e-09	1.437070e+00	1.277317e+02
1.980000e-06	2.651498e-10	1.109003e-09	1.542257e+00	1.406527e+02
1.990000e-06	2.832200e-10	1.208755e-09	1.647363e+00	1.535535e+02
2.000000e-06	3.012675e-10	1.308722e-09	1.752337e+00	1.664306e+02
2.010000e-06	3.192821e-10	1.408796e-09	1.857120e+00	1.792801e+02
2.020000e-06	3.372647e-10	1.508996e-09	1.961717e+00	1.920979e+02
2.030000e-06	3.552096e-10	1.609000e-09	2.066094e+00	2.048792e+02
2.040000e-06	3.731228e-10	1.708510e-09	2.170286e+00	2.176188e+02
2.050000e-06	3.910063e-10	1.807006e-09	2.274307e+00	2.303111e+02
2.060000e-06	4.088538e-10	1.904859e-09	2.378117e+00	2.429499e+02
2.070000e-06	4.266634e-10	2.002442e-09	2.481708e+00	2.555287e+02
2.080000e-06	4.444374e-10	2.099765e-09	2.585091e+00	2.680408e+02
2.090000e-06	4.621894e-10	2.197223e-09	2.688346e+00	2.804797e+02
2.100000e-06	4.799228e-10	2.294571e-09	2.791493e+00	2.928390e+02
2.110000e-06	4.976325e-10	2.391119e-09	2.894502e+00	3.051131e+02
2.120000e-06	5.153205e-10	2.486233e-09	2.997385e+00	3.172972e+02
2.130000e-06	5.329907e-10	2.580209e-09	3.100165e+00	3.293874e+02
2.140000e-06	5.506464e-10	2.673730e-09	3.202860e+00	3.413811e+02
2.150000e-06	5.682857e-10	2.766509e-09	3.305460e+00	3.532770e+02
2.160000e-06	5.859089e-10	2.858197e-09	3.407966e+00	3.650750e+02
2.170000e-06	6.035184e-10	2.949193e-09	3.510392e+00	3.767763e+02
2.180000e-06	6.211141e-10	3.039866e-09	3.612738e+00	3.883829e+02
2.190000e-06	6.386869e-10	3.129848e-09	3.714951e+00	3.998980e+02
2.200000e-06	6.562285e-10	3.218351e-09	3.816982e+00	4.113251e+02
2.210000e-06	6.737368e-10	3.305662e-09	3.918820e+00	4.226680e+02
2.220000e-06	6.912020e-10	3.392571e-09	4.020408e+00	4.339305e+02
2.230000e-06	7.086153e-10	3.479055e-09	4.121692e+00	4.451161e+02
2.240000e-06	7.259665e-10	3.565005e-09	4.222617e+00	4.562277e+02
2.250000e-06	7.432521e-10	3.650727e-09	4.323159e+00	4.672676e+02
2.260000e-06	7.604633e-10	3.735715e-09	4.423269e+00	4.782371e+02
2.270000e-06	7.775817e-10	3.819590e-09	4.522838e+00	4.891370e+02
2.280000e-06	7.945854e-10	3.902877e-09	4.621741e+00	4.999670e+02
2.290000e-06	8.114628e-10	3.985578e-09	4.719909e+00	5.107266e+02
2.300000e-06	8.282275e-10	4.067383e-09	4.817422e+00	5.214144e+02
2.310000e-06	8.448781e-10	4.148600e-09	4.914271e+00	5.320291e+02
2.320000e-06	8.614218e-10	4.229736e-09	5.010497e+00	5.425693e+02
2.330000e-06	8.778582e-10	4.310693e-09	5.106101e+00	5.530337e+02
2.340000e-06	8.941915e-10	4.390989e-09	5.201104e+00	5.634212e+02
2.350000e-06	9.104481e-10	4.470550e-09	5.295661e+00	5.737314e+02
2.360000e-06	9.266317e-10	4.549412e-09	5.389794e+00	5.839640e+02
2.370000e-06	9.427599e-10	4.627334e-09	5.483604e+00	5.941195e+02
2.380000e-06	9.588532e-10	4.704756e-09	5.577211e+00	6.041983e+02
2.390000e-06	9.749159e-10	4.781764e-09	5.670641e+00	6.142014e+02
2.400000e-06	9.909485e-10	4.857637e-09	5.763895e+00	6.241294e+02
2.410000e-06	1.006951e-09	4.932800e-09	5.856975e+00	6.339831e+02
2.420000e-06	1.022917e-09	5.008263e-09	5.949844e+00	6.437624e+02
2.430000e-06	1.038834e-09	5.083540e-09	6.042424e+00	6.534671e+02
2.440000e-06	1.054689e-09	5.157750e-09	6.134642e+00	6.630960e+02
2.450000e-06	1.070468e-09	5.231083e-09	6.226426e+00	6.726473e+02
2.460000e-06	1.086159e-09	5.303452e-09	6.317692e+00	6.821184e+02
2.470000e-06	1.101751e-09	5.374873e-09	6.408385e+00	6.915060e+02
2.480000e-06	1.117249e-09	5.446172e-09	6.498529e+00	7.008060e+02
2.490000e-06	1.132662e-09	5.517396e-09	6.588176e+00	7.100143e+02
2.500000e-06	1.147999e-09	5.587912e-09	6.677383e+00	7.191262e+02
2.510000e-06	1.163270e-09	5.657638e-09	6.766212e+00	7.281374e+02
2.520000e-06	1.178486e-09	5.726858e-09	6.854712e+00	7.370434e+02
2.530000e-06	1.193633e-09	5.795262e-09	6.942816e+00	7.458407e+02
2.540000e-06	1.208696e-09	5.862417e-09	7.030434e+00	7.545260e+02
2.550000e-06	1.223674e-09	5.928442e-09	7.117555e+00	7.630969e+02
2.560000e-06	1.238555e-09	5.993571e-09	7.204108e+00	7.715521e+02
2.570000e-06	1.253321e-09	6.058180e-09	7.289996e+00	7.798907e+02
2.580000e-06	1.267974e-09	6.122504e-09	7.375227e+00	7.881131e+02
2.590000e-06	1.282540e-09	6.186170e-09	7.459947e+00	7.962199e+02
2.600000e-06	1.297044e-09	6.248739e-09	7.544310e+00	8.042128e+02
2.610000e-06	1.311502e-09	6.309707e-09	7.628411e+00	8.120938e+02
2.620000e-06	1.325923e-09	6.369570e-09	7.712286e+00	8.198653e+02
2.630000e-06	1.340297e-09	6.429180e-09	7.795896e+00	8.275299e+02
2.640000e-06	1.354617e-09	6.488231e-09	7.879190e+00	8.350903e+02
2.650000e-06	1.368861e-09	6.545751e-09	7.962039e+00	8.425495e+02
2.660000e-06	1.382990e-09	6.601665e-09	8.044218e+00	8.499102e+02
2.670000e-06	1.396976e-09	6.657673e-09	8.125569e+00	8.571752e+02
2.680000e-06	1.410791e-09	6.714274e-09	8.205924e+00	8.643473e+02
2.690000e-06	1.424420e-09	6.770099e-09	8.285197e+00	8.714292e+02
2.700000e-06	1.437865e-09	6.824242e-09	8.363406e+00	8.784238e+02
2.710000e-06	1.451135e-09	6.877185e-09	8.440588e+00	8.853338e+02
2.720000e-06	1.464251e-09	6.929926e-09	8.516881e+00	8.921619e+02
2.730000e-06	1.477252e-09	6.982544e-09	8.592496e+00	8.989110e+02
2.740000e-06	1.490173e-09	7.034431e-09	8.667656e+00	9.055838e+02
2.750000e-06	1.503037e-09	7.085294e-09	8.742481e+00	9.121830e+02
2.760000e-06	1.515851e-09	7.136087e-09	8.817014e+00	9.187111e+02
2.770000e-06	1.528613e-09	7.187517e-09	8.891243e+00	9.251703e+02
2.780000e-06	1.541298e-09	7.238253e-09	8.965025e+00	9.315627e+02
2.790000e-06	1.553881e-09	7.286882e-09	9.038215e+00	9.378897e+02
2.800000e-06	1.566344e-09	7.333949e-09	9.110708e+00	9.441525e+02
2.810000e-06	1.578670e-09	7.380987e-09	9.182400e+00	9.503517e+02
2.820000e-06	1.590863e-09	7.428440e-09	9.253325e+00	9.564876e+02
2.830000e-06	1.602948e-09	7.475907e-09	9.323612e+00	9.625599e+02
2.840000e-06	1.614938e-09	7.522514e-09	9.393357e+00	9.685679e+02
2.850000e-06	1.626839e-09	7.568194e-09	9.462578e+00	9.745109e+02
2.860000e-06	1.638635e-09	7.613472e-09	9.531192e+00	9.803877e+02
2.870000e-06	1.650310e-09	7.658632e-09	9.599100e+00	9.861973e+02
2.880000e-06	1.661857e-09	7.703820e-09	9.666264e+00	9.919385e+02
2.890000e-06	1.673287e-09	7.747919e-09	9.732742e+00	9.976103e+02
2.900000e-06	1.684623e-09	7.790676e-09	9.798680e+00	1.003212e+03
2.910000e-06	1.695891e-09	7.832913e-09	9.864224e+00	1.008743e+03
2.920000e-06	1.707106e-09	7.875076e-09	9.929456e+00	1.014202e+03
2.930000e-06	1.718259e-09	7.917057e-09	9.994329e+00	1.019590e+03
2.940000e-06	1.729318e-09	7.958249e-09	1.005865e+01	1.024905e+03
2.950000e-06	1.740237e-09	7.998342e-09	1.012216e+01	1.030148e+03
2.960000e-06	1.750955e-09	8.037644e-09	1.018450e+01	1.035317e+03
2.970000e-06	1.761432e-09	8.077006e-09	1.024544e+01	1.040412e+03
2.980000e-06	1.771676e-09	8.116614e-09	1.030503e+01	1.045430e+03
2.990000e-06	1.781711e-09	8.155445e-09	1.036340e+01	1.050371e+03
3.000000e-06	1.791571e-09	8.192773e-09	1.042075e+01	1.055231e+03
3.010000e-06	1.801310e-09	8.229403e-09	1.047740e+01	1.060008e+03
3.020000e-06	1.810957e-09	8.266209e-09	1.053351e+01	1.064700e+03
3.030000e-06	1.820519e-09	8.302927e-09	1.058912e+01	1.069302e+03
3.040000e-06	1.829982e-09	8.338568e-09	1.064416e+01	1.073811e+03
3.050000e-06	1.839316e-09	8.372834e-09	1.069846e+01	1.078226e+03
3.060000e-06	1.848504e-09	8.406130e-09	1.075190e+01	1.082543e+03
3.070000e-06	1.857552e-09	8.439157e-09	1.080453e+01	1.086760e+03
3.080000e-06	1.866482e-09	8.472332e-09	1.085647e+01	1.090877e+03
3.090000e-06	1.875297e-09	8.504729e-09	1.090774e+01	1.094893e+03
3.100000e-06	1.883999e-09	8.535208e-09	1.095836e+01	1.098810e+03
3.110000e-06	1.892573e-09	8.564062e-09	1.100823e+01	1.102629e+03
3.120000e-06	1.900995e-09	8.592675e-09	1.105721e+01	1.106354e+03
3.130000e-06	1.909269e-09	8.621313e-09	1.110534e+01	1.109987e+03
3.140000e-06	1.917429e-09	8.648806e-09	1.115281e+01	1.113533e+03
3.150000e-06	1.925505e-09	8.674690e-09	1.119978e+01	1.116996e+03
3.160000e-06	1.933509e-09	8.700050e-09	1.124633e+01	1.120382e+03
3.170000e-06	1.941437e-09	8.725450e-09	1.129245e+01	1.123695e+03
3.180000e-06	1.949257e-09	8.750299e-09	1.133793e+01	1.126939e+03
3.190000e-06	1.956924e-09	8.774081e-09	1.138253e+01	1.130119e+03
3.200000e-06	1.964407e-09	8.796886e-09	1.142606e+01	1.133238e+03
3.210000e-06	1.971702e-09	8.819260e-09	1.146849e+01	1.136299e+03
3.220000e-06	1.978836e-09	8.841612e-09	1.150998e+01	1.139304e+03
3.230000e-06	1.985849e-09	8.863531e-09	1.155077e+01	1.142255e+03
3.240000e-06	1.992759e-09	8.884586e-09	1.159097e+01	1.145152e+03
3.250000e-06	1.999568e-09	8.904979e-09	1.163057e+01	1.147997e+03
3.260000e-06	2.006254e-09	8.925333e-09	1.166946e+01	1.150788e+03
3.270000e-06	2.012768e-09	8.945727e-09	1.170735e+01	1.153526e+03
3.280000e-06	2.019077e-09	8.965497e-09	1.174404e+01	1.156212e+03
3.290000e-06	2.025179e-09	8.984346e-09	1.177954e+01	1.158843e+03
3.300000e-06	2.031093e-09	9.001965e-09	1.181393e+01	1.161420e+03
3.310000e-06	2.036844e-09	9.019197e-09	1.184739e+01	1.163943e+03
3.320000e-06	2.042465e-09	9.036999e-09	1.188008e+01	1.166411e+03
3.330000e-06	2.047951e-09	9.055091e-09	1.191199e+01	1.168825e+03
3.340000e-06	2.053284e-09	9.072558e-09	1.194301e+01	1.171183e+03
3.350000e-06	2.058453e-09	9.088903e-09	1.197308e+01	1.173486e+03
3.360000e-06	2.063468e-09	9.104438e-09	1.200225e+01	1.175733e+03
3.370000e-06	2.068357e-09	9.119760e-09	1.203069e+01	1.177924e+03
3.380000e-06	2.073122e-09	9.135512e-09	1.205840e+01	1.180058e+03
3.390000e-06	2.077731e-09	9.151184e-09	1.208521e+01	1.182135e+03
3.400000e-06	2.082135e-09	9.165658e-09	1.211083e+01	1.184154e+03
3.410000e-06	2.086297e-09	9.179390e-09	1.213503e+01	1.186114e+03
3.420000e-06	2.090201e-09	9.193572e-09	1.215774e+01	1.188014e+03
3.430000e-06	2.093866e-09	9.207585e-09	1.217906e+01	1.189854e+03
3.440000e-06	2.097341e-09	9.220386e-09	1.219927e+01	1.191634e+03
3.450000e-06	2.100686e-09	9.232029e-09	1.221872e+01	1.193352e+03
3.460000e-06	2.103945e-09	9.243010e-09	1.223768e+01	1.195009e+03
3.470000e-06	2.107120e-09	9.254497e-09	1.225615e+01	1.196605e+03
3.480000e-06	2.110186e-09	9.266706e-09	1.227399e+01	1.198140e+03
3.490000e-06	2.113105e-09	9.277939e-09	1.229096e+01	1.199614e+03
3.500000e-06	2.115857e-09	9.287885e-09	1.230697e+01	1.201026e+03
3.510000e-06	2.118454e-09	9.298132e-09	1.232207e+01	1.202377e+03
3.520000e-06	2.120906e-09	9.308679e-09	1.233634e+01	1.203666e+03
3.530000e-06	2.123214e-09	9.318377e-09	1.234976e+01	1.204893e+03
3.540000e-06	2.125357e-09	9.327022e-09	1.236222e+01	1.206055e+03
3.550000e-06	2.127333e-09	9.334722e-09	1.237372e+01	1.207151e+03
3.560000e-06	2.129167e-09	9.341820e-09	1.238439e+01	1.208179e+03
3.570000e-06	2.130894e-09	9.348976e-09	1.239443e+01	1.209136e+03
3.580000e-06	2.132536e-09	9.356164e-09	1.240399e+01	1.210020e+03
3.590000e-06	2.134091e-09	9.362540e-09	1.241303e+01	1.210827e+03
3.600000e-06	2.135526e-09	9.368224e-09	1.242138e+01	1.211555e+03
3.610000e-06	2.136786e-09	9.373898e-09	1.242870e+01	1.212201e+03
3.620000e-06	2.137821e-09	9.379602e-09	1.243472e+01	1.212764e+03
3.630000e-06	2.138612e-09	9.384563e-09	1.243932e+01	1.213241e+03
3.640000e-06	2.139151e-09	9.388209e-09	1.244246e+01	1.213632e+03
3.650000e-06	2.139476e-09	9.390652e-09	1.244435e+01	1.213938e+03
3.660000e-06	2.139655e-09	9.391679e-09	1.244539e+01	1.214159e+03
3.670000e-06	2.139730e-09	9.392520e-09	1.244583e+01	1.214297e+03
3.680000e-06	2.139722e-09	9.393605e-09	1.244578e+01	1.214354e+03
3.690000e-06	2.139578e-09	9.393356e-09	1.244494e+01	1.214334e+03
3.700000e-06	2.139223e-09	9.396297e-09	1.244288e+01	1.214239e+03
3.710000e-06	2.138688e-09	9.394864e-09	1.243977e+01	1.214073e+03
3.720000e-06	2.138059e-09	9.388086e-09	1.243611e+01	1.213838e+03
3.730000e-06	2.137337e-09	9.390858e-09	1.243191e+01	1.213537e+03
3.740000e-06	2.136447e-09	9.391628e-09	1.242673e+01	1.213172e+03
3.750000e-06	2.135350e-09	9.382087e-09	1.242035e+01	1.212745e+03
3.760000e-06	2.134097e-09	9.378032e-09	1.241306e+01	1.212255e+03
3.770000e-06	2.132753e-09	9.379030e-09	1.240524e+01	1.211704e+03
3.780000e-06	2.131331e-09	9.372479e-09	1.239697e+01	1.211091e+03
3.790000e-06	2.129820e-09	9.366498e-09	1.238818e+01	1.210416e+03
3.800000e-06	2.128186e-09	9.364232e-09	1.237868e+01	1.209676e+03
3.810000e-06	2.126379e-09	9.358084e-09	1.236817e+01	1.208872e+03
3.820000e-06	2.124407e-09	9.351464e-09	1.235670e+01	1.208002e+03
3.830000e-06	2.122294e-09	9.345401e-09	1.234441e+01	1.207067e+03
3.840000e-06	2.119975e-09	9.336524e-09	1.233092e+01	1.206065e+03
3.850000e-06	2.117372e-09	9.326774e-09	1.231578e+01	1.204997e+03
3.860000e-06	2.114501e-09	9.318630e-09	1.229908e+01	1.203864e+03
3.870000e-06	2.111470e-09	9.311545e-09	1.228145e+01	1.202667e+03
3.880000e-06	2.108357e-09	9.304211e-09	1.226335e+01	1.201407e+03
3.890000e-06	2.105155e-09	9.294442e-09	1.224472e+01	1.200085e+03
3.900000e-06	2.101816e-09	9.283040e-09	1.222530e+01	1.198703e+03
3.910000e-06	2.098296e-09	9.271937e-09	1.220483e+01	1.197261e+03
3.920000e-06	2.094606e-09	9.260563e-09	1.218336e+01	1.195759e+03
3.930000e-06	2.090796e-09	9.247789e-09	1.216120e+01	1.194198e+03
3.940000e-06	2.086879e-09	9.235033e-09	1.213842e+01	1.192576e+03
3.950000e-06	2.082816e-09	9.223277e-09	1.211478e+01	1.190892e+03
3.960000e-06	2.078576e-09	9.212267e-09	1.209013e+01	1.189144e+03
3.970000e-06	2.074190e-09	9.201278e-09	1.206461e+01	1.187330e+03
3.980000e-06	2.069684e-09	9.188521e-09	1.203840e+01	1.185448e+03
3.990000e-06	2.065028e-09	9.172641e-09	1.201132e+01	1.183494e+03
4.000000e-06	2.060203e-09	9.155045e-09	1.198325e+01	1.181467e+03
4.010000e-06	2.055213e-09	9.138233e-09	1.195423e+01	1.179364e+03
4.020000e-06	2.050055e-09	9.122858e-09	1.192423e+01	1.177186e+03
4.030000e-06	2.044686e-09	9.107477e-09	1.189300e+01	1.174931e+03
4.040000e-06	2.039040e-09	9.090651e-09	1.186016e+01	1.172599e+03
4.050000e-06	2.033115e-09	9.072842e-09	1.182570e+01	1.170193e+03
4.060000e-06	2.026985e-09	9.054675e-09	1.179004e+01	1.167713e+03
4.070000e-06	2.020726e-09	9.035682e-09	1.175363e+01	1.165162e+03
4.080000e-06	2.014379e-09	9.015486e-09	1.171672e+01	1.162543e+03
4.090000e-06	2.007942e-09	8.994503e-09	1.167928e+01	1.159857e+03
4.100000e-06	2.001392e-09	8.973513e-09	1.164118e+01	1.157107e+03
4.110000e-06	1.994708e-09	8.953771e-09	1.160230e+01	1.154294e+03
4.120000e-06	1.987871e-09	8.935017e-09	1.156253e+01	1.151421e+03
4.130000e-06	1.980877e-09	8.914799e-09	1.152185e+01	1.148486e+03
4.140000e-06	1.973756e-09	8.891220e-09	1.148043e+01	1.145490e+03
4.150000e-06	1.966522e-09	8.865751e-09	1.143836e+01	1.142431e+03
4.160000e-06	1.959158e-09	8.841429e-09	1.139552e+01	1.139308e+03
4.170000e-06	1.951627e-09	8.819007e-09	1.135172e+01	1.136119e+03
4.180000e-06	1.943931e-09	8.796370e-09	1.130695e+01	1.132861e+03
4.190000e-06	1.936116e-09	8.771734e-09	1.126150e+01	1.129532e+03
4.200000e-06	1.928227e-09	8.745726e-09	1.121561e+01	1.126131e+03
4.210000e-06	1.920275e-09	8.719531e-09	1.116936e+01	1.122655e+03
4.220000e-06	1.912244e-09	8.692610e-09	1.112264e+01	1.119104e+03
4.230000e-06	1.904103e-09	8.664332e-09	1.107529e+01	1.115478e+03
4.240000e-06	1.895808e-09	8.634897e-09	1.102704e+01	1.111777e+03
4.250000e-06	1.887295e-09	8.605963e-09	1.097753e+01	1.108003e+03
4.260000e-06	1.878526e-09	8.578489e-09	1.092652e+01	1.104158e+03
4.270000e-06	1.869518e-09	8.551034e-09	1.087412e+01	1.100242e+03
4.280000e-06	1.860313e-09	8.521766e-09	1.082059e+01	1.096259e+03
4.290000e-06	1.850960e-09	8.489780e-09	1.076619e+01	1.092211e+03
4.300000e-06	1.841492e-09	8.456201e-09	1.071111e+01	1.088097e+03
4.310000e-06	1.831941e-09	8.423070e-09	1.065556e+01	1.083920e+03
4.320000e-06	1.822317e-09	8.390881e-09	1.059958e+01	1.079678e+03
4.330000e-06	1.812591e-09	8.359139e-09	1.054301e+01	1.075371e+03
4.340000e-06	1.802735e-09	8.327026e-09	1.048568e+01	1.070997e+03
4.350000e-06	1.792736e-09	8.293889e-09	1.042752e+01	1.066553e+03
4.360000e-06	1.782602e-09	8.259989e-09	1.036858e+01	1.062038e+03
4.370000e-06	1.772348e-09	8.225491e-09	1.030893e+01	1.057447e+03
4.380000e-06	1.761985e-09	8.189419e-09	1.024866e+01	1.052779e+03
4.390000e-06	1.751514e-09	8.151323e-09	1.018775e+01	1.048030e+03
4.400000e-06	1.740904e-09	8.113092e-09	1.012604e+01	1.043198e+03
4.410000e-06	1.730143e-09	8.076055e-09	1.006345e+01	1.038284e+03
4.420000e-06	1.719250e-09	8.039122e-09	1.000009e+01	1.033287e+03
4.430000e-06	1.708252e-09	8.000861e-09	9.936117e+00	1.028208e+03
4.440000e-06	1.697174e-09	7.960678e-09	9.871681e+00	1.023048e+03
4.450000e-06	1.686027e-09	7.918832e-09	9.806846e+00	1.017812e+03
4.460000e-06	1.674808e-09	7.876659e-09	9.741587e+00	1.012502e+03
4.470000e-06	1.663499e-09	7.835047e-09	9.675809e+00	1.007122e+03
4.480000e-06	1.652059e-09	7.793885e-09	9.609267e+00	1.001676e+03
4.490000e-06	1.640443e-09	7.752037e-09	9.541701e+00	9.961674e+02
4.500000e-06	1.628635e-09	7.709487e-09	9.473019e+00	9.905993e+02
4.510000e-06	1.616636e-09	7.667012e-09	9.403226e+00	9.849738e+02
4.520000e-06	1.604451e-09	7.624363e-09	9.332356e+00	9.792923e+02
4.530000e-06	1.592087e-09	7.580235e-09	9.260439e+00	9.735550e+02
4.540000e-06	1.579567e-09	7.534181e-09	9.187614e+00	9.677614e+02
4.550000e-06	1.566936e-09	7.488068e-09	9.114145e+00	9.619101e+02
4.560000e-06	1.554228e-09	7.443244e-09	9.040228e+00	9.559992e+02
4.570000e-06	1.541449e-09	7.398364e-09	8.965899e+00	9.500262e+02
4.580000e-06	1.528592e-09	7.351462e-09	8.891115e+00	9.439888e+02
4.590000e-06	1.515632e-09	7.302698e-09	8.815736e+00	9.378845e+02
4.600000e-06	1.502545e-09	7.253441e-09	8.739616e+00	9.317116e+02
4.610000e-06	1.489341e-09	7.204555e-09	8.662813e+00	9.254685e+02
4.620000e-06	1.476030e-09	7.156107e-09	8.585388e+00	9.191546e+02
4.630000e-06	1.462621e-09	7.107716e-09	8.507395e+00	9.127700e+02
4.640000e-06	1.449132e-09	7.058553e-09	8.428935e+00	9.063150e+02
4.650000e-06	1.435565e-09	7.007975e-09	8.350021e+00	8.997909e+02
4.660000e-06	1.421909e-09	6.956791e-09	8.270591e+00	8.931989e+02
4.670000e-06	1.408147e-09	6.906021e-09	8.190546e+00	8.865405e+02
4.680000e-06	1.394261e-09	6.854508e-09	8.109773e+00	8.798167e+02
4.690000e-06	1.380246e-09	6.801155e-09	8.028255e+00	8.730282e+02
4.700000e-06	1.366125e-09	6.747050e-09	7.946122e+00	8.661751e+02
4.710000e-06	1.351918e-09	6.693839e-09	7.863485e+00	8.592565e+02
4.720000e-06	1.337648e-09	6.640937e-09	7.780481e+00	8.522707e+02
4.730000e-06	1.323334e-09	6.586760e-09	7.697223e+00	8.452151e+02
4.740000e-06	1.308978e-09	6.531067e-09	7.613720e+00	8.380864e+02
4.750000e-06	1.294575e-09	6.474546e-09	7.529948e+00	8.308804e+02
4.760000e-06	1.280108e-09	6.418053e-09	7.445798e+00	8.235928e+02
4.770000e-06	1.265561e-09	6.361581e-09	7.361189e+00	8.162188e+02
4.780000e-06	1.250915e-09	6.304463e-09	7.275999e+00	8.087540e+02
4.790000e-06	1.236147e-09	6.246618e-09	7.190099e+00	8.011943e+02
4.800000e-06	1.221236e-09	6.188789e-09	7.103367e+00	7.935361e+02
4.810000e-06	1.206162e-09	6.130444e-09	7.015688e+00	7.857768e+02
4.820000e-06	1.190925e-09	6.070079e-09	6.927060e+00	7.779145e+02
4.830000e-06	1.175529e-09	6.007800e-09	6.837514e+00	7.699484e+02
4.840000e-06	1.159983e-09	5.945000e-09	6.747085e+00	7.618787e+02
4.850000e-06	1.144307e-09	5.882479e-09	6.655908e+00	7.537062e+02
4.860000e-06	1.128541e-09	5.819451e-09	6.564202e+00	7.454327e+02
4.870000e-06	1.112711e-09	5.755341e-09	6.472128e+00	7.370604e+02
4.880000e-06	1.096836e-09	5.690704e-09	6.379790e+00	7.285919e+02
4.890000e-06	1.080925e-09	5.625692e-09	6.287244e+00	7.200300e+02
4.900000e-06	1.064981e-09	5.559655e-09	6.194502e+00	7.113772e+02
4.910000e-06	1.049001e-09	5.491896e-09	6.101555e+00	7.026363e+02
4.920000e-06	1.032983e-09	5.422725e-09	6.008384e+00	6.938095e+02
4.930000e-06	1.016912e-09	5.353057e-09	5.914909e+00	6.848989e+02
4.940000e-06	1.000779e-09	5.283023e-09	5.821072e+00	6.759063e+02
4.950000e-06	9.845653e-10	5.212599e-09	5.726763e+00	6.668331e+02
4.960000e-06	9.682646e-10	5.141902e-09	5.631949e+00	6.576807e+02
4.970000e-06	9.518814e-10	5.070393e-09	5.536656e+00	6.484503e+02
4.980000e-06	9.354136e-10	4.997623e-09	5.440870e+00	6.391430e+02
4.990000e-06	9.188756e-10	4.924112e-09	5.344676e+00	6.297603e+02
5.000000e-06	9.022782e-10	4.850257e-09	5.248136e+00	6.203033e+02
5.010000e-06	8.856236e-10	4.775602e-09	5.151264e+00	6.107736e+02
5.020000e-06	8.689190e-10	4.699978e-09	5.054101e+00	6.011728e+02
5.030000e-06	8.521688e-10	4.624212e-09	4.956673e+00	5.915027e+02
5.040000e-06	8.353706e-10	4.548596e-09	4.858966e+00	5.817648e+02
5.050000e-06	8.185200e-10	4.472625e-09	4.760953e+00	5.719610e+02
5.060000e-06	8.016109e-10	4.395900e-09	4.662601e+00	5.620927e+02
5.070000e-06	7.846461e-10	4.317523e-09	4.563924e+00	5.521612e+02
5.080000e-06	7.676226e-10	4.237823e-09	4.464907e+00	5.421677e+02
5.090000e-06	7.505241e-10	4.158652e-09	4.365453e+00	5.321128e+02
5.100000e-06	7.333518e-10	4.080226e-09	4.265569e+00	5.219971e+02
5.110000e-06	7.161219e-10	4.000673e-09	4.165351e+00	5.118206e+02
5.120000e-06	6.988349e-10	3.919904e-09	4.064800e+00	5.015832e+02
5.130000e-06	6.814871e-10	3.839029e-09	3.963896e+00	4.912847e+02
5.140000e-06	6.640949e-10	3.757739e-09	3.862733e+00	4.809248e+02
5.150000e-06	6.466698e-10	3.675566e-09	3.761379e+00	4.705031e+02
5.160000e-06	6.292155e-10	3.592315e-09	3.659856e+00	4.600193e+02
5.170000e-06	6.117376e-10	3.508429e-09	3.558195e+00	4.494734e+02
5.180000e-06	5.942380e-10	3.424969e-09	3.456408e+00	4.388654e+02
5.190000e-06	5.767224e-10	3.342140e-09	3.354528e+00	4.281955e+02
5.200000e-06	5.591931e-10	3.258748e-09	3.252567e+00	4.174641e+02
5.210000e-06	5.416496e-10	3.173944e-09	3.150525e+00	4.066716e+02
5.220000e-06	5.240949e-10	3.088077e-09	3.048418e+00	3.958186e+02
5.230000e-06	5.065285e-10	3.001470e-09	2.946242e+00	3.849053e+02
5.240000e-06	4.889460e-10	2.914564e-09	2.843973e+00	3.739318e+02
5.250000e-06	4.713429e-10	2.828100e-09	2.741583e+00	3.628981e+02
5.260000e-06	4.537189e-10	2.741872e-09	2.639073e+00	3.518035e+02
5.270000e-06	4.360733e-10	2.655160e-09	2.536436e+00	3.406472e+02
5.280000e-06	4.184050e-10	2.568065e-09	2.433668e+00	3.294278e+02
5.290000e-06	4.007092e-10	2.480964e-09	2.330739e+00	3.181438e+02
5.300000e-06	3.829909e-10	2.393154e-09	2.227680e+00	3.067932e+02
5.310000e-06	3.652534e-10	2.303669e-09	2.124509e+00	2.953738e+02
5.320000e-06	3.474847e-10	2.213073e-09	2.021157e+00	2.838837e+02
5.330000e-06	3.296875e-10	2.122655e-09	1.917639e+00	2.723209e+02
5.340000e-06	3.118592e-10	2.032979e-09	1.813940e+00	2.606835e+02
5.350000e-06	2.939987e-10	1.943655e-09	1.710053e+00	2.489704e+02
5.360000e-06	2.761151e-10	1.853438e-09	1.606033e+00	2.371806e+02
5.370000e-06	2.582161e-10	1.761538e-09	1.501922e+00	2.253139e+02
5.380000e-06	2.403000e-10	1.668881e-09	1.397713e+00	2.133705e+02
5.390000e-06	2.223566e-10	1.576132e-09	1.293344e+00	2.013514e+02
5.400000e-06	2.043877e-10	1.483022e-09	1.188827e+00	1.892578e+02
5.410000e-06	1.863965e-10	1.389209e-09	1.084181e+00	1.770917e+02
5.420000e-06	1.683814e-10	1.294492e-09	9.793952e-01	1.648552e+02
5.430000e-06	1.503519e-10	1.199655e-09	8.745258e-01	1.525509e+02
5.440000e-06	1.323184e-10	1.105094e-09	7.696332e-01	1.401814e+02
5.450000e-06	1.142821e-10	1.009592e-09	6.647242e-01	1.277494e+02
5.460000e-06	9.624846e-11	9.128876e-10	5.598309e-01	1.152579e+02
5.470000e-06	7.821879e-11	8.159195e-10	4.549606e-01	1.027097e+02
5.480000e-06	6.017776e-11	7.187654e-10	3.500242e-01	9.010758e+01
5.490000e-06	4.212024e-11	6.212596e-10	2.449919e-01	7.745462e+01
5.500000e-06	2.406227e-11	5.232584e-10	1.399570e-01	6.475383e+01
5.510000e-06	6.004326e-12	4.244854e-10	3.492217e-02	5.200842e+01
5.520000e-06	-1.205508e-11	3.249017e-10	-7.012109e-02	3.922180e+01
5.530000e-06	-3.010648e-11	2.252630e-10	-1.751178e-01	2.639763e+01
5.540000e-06	-4.815834e-11	1.263748e-10	-2.801172e-01	1.353983e+01
5.550000e-06	-6.621309e-11	2.741933e-11	-3.851333e-01	6.525942e-01
5.560000e-06	-8.426587e-11	-7.256126e-11	-4.901381e-01	-1.225966e+01
5.570000e-06	-1.023111e-10	-1.733757e-10	-5.950992e-01	-2.519232e+01
5.580000e-06	-1.203339e-10	-2.743905e-10	-6.999291e-01	-3.814069e+01
5.590000e-06	-1.383298e-10	-3.751757e-10	-8.046032e-01	-5.110005e+01
5.600000e-06	-1.563090e-10	-4.757159e-10	-9.091801e-01	-6.406577e+01
5.610000e-06	-1.742729e-10	-5.766364e-10	-1.013668e+00	-7.703337e+01
5.620000e-06	-1.922244e-10	-6.783622e-10	-1.118083e+00	-8.999858e+01
5.630000e-06	-2.101657e-10	-7.796197e-10	-1.222439e+00	-1.029574e+02
5.640000e-06	-2.280814e-10	-8.794614e-10	-1.326647e+00	-1.159060e+02
5.650000e-06	-2.459652e-10	-9.790187e-10	-1.430669e+00	-1.288409e+02
5.660000e-06	-2.638225e-10	-1.079557e-09	-1.534536e+00	-1.417585e+02
5.670000e-06	-2.816613e-10	-1.180358e-09	-1.638297e+00	-1.546553e+02
5.680000e-06	-2.994822e-10	-1.279961e-09	-1.741953e+00	-1.675278e+02
5.690000e-06	-3.172813e-10	-1.378486e-09	-1.845482e+00	-1.803720e+02
5.700000e-06	-3.350486e-10	-1.477527e-09	-1.948826e+00	-1.931837e+02
5.710000e-06	-3.527848e-10	-1.577386e-09	-2.051990e+00	-2.059580e+02
5.720000e-06	-3.704994e-10	-1.676805e-09	-2.155027e+00	-2.186897e+02
5.730000e-06	-3.881857e-10	-1.775001e-09	-2.257900e+00	-2.313730e+02
5.740000e-06	-4.058449e-10	-1.872132e-09	-2.360616e+00	-2.440017e+02
5.750000e-06	-4.234847e-10	-1.969045e-09	-2.463219e+00	-2.565692e+02
5.760000e-06	-4.411041e-10	-2.066424e-09	-2.565702e+00	-2.690688e+02
5.770000e-06	-4.587087e-10	-2.163697e-09	-2.668101e+00	-2.814941e+02
5.780000e-06	-4.763003e-10	-2.259439e-09	-2.770422e+00	-2.938388e+02
5.790000e-06	-4.938730e-10	-2.353792e-09	-2.872635e+00	-3.060974e+02
5.800000e-06	-5.114284e-10	-2.447875e-09	-2.974746e+00	-3.182652e+02
5.810000e-06	-5.289711e-10	-2.541900e-09	-3.076785e+00	-3.303386e+02
5.820000e-06	-5.465025e-10	-2.635472e-09	-3.178756e+00	-3.423151e+02
5.830000e-06	-5.640233e-10	-2.727681e-09	-3.280667e+00	-3.541938e+02
5.840000e-06	-5.815314e-10	-2.818270e-09	-3.382504e+00	-3.659747e+02
5.850000e-06	-5.990216e-10	-2.908183e-09	-3.484236e+00	-3.776591e+02
5.860000e-06	-6.164883e-10	-2.998579e-09	-3.585832e+00	-3.892494e+02
5.870000e-06	-6.339282e-10	-3.089416e-09	-3.687272e+00	-4.007488e+02
5.880000e-06	-6.513329e-10	-3.179375e-09	-3.788507e+00	-4.121608e+02
5.890000e-06	-6.686907e-10	-3.267709e-09	-3.889469e+00	-4.234893e+02
5.900000e-06	-6.859969e-10	-3.355051e-09	-3.990131e+00	-4.347380e+02
5.910000e-06	-7.032435e-10	-3.442487e-09	-4.090447e+00	-4.459104e+02
5.920000e-06	-7.204323e-10	-3.529992e-09	-4.190427e+00	-4.570092e+02
5.930000e-06	-7.375561e-10	-3.616471e-09	-4.290028e+00	-4.680366e+02
5.940000e-06	-7.546119e-10	-3.701889e-09	-4.389234e+00	-4.789939e+02
5.950000e-06	-7.716070e-10	-3.787181e-09	-4.488086e+00	-4.898814e+02
5.960000e-06	-7.885409e-10	-3.872512e-09	-4.586583e+00	-5.006992e+02
5.970000e-06	-8.054129e-10	-3.957642e-09	-4.684720e+00	-5.114462e+02
5.980000e-06	-8.222296e-10	-4.041731e-09	-4.782535e+00	-5.221212e+02
5.990000e-06	-8.390049e-10	-4.124202e-09	-4.880109e+00	-5.327229e+02
6.000000e-06	-8.557402e-10	-4.206006e-09	-4.977450e+00	-5.432499e+02
6.010000e-06	-8.724305e-10	-4.288162e-09	-5.074530e+00	-5.537008e+02
6.020000e-06	-8.890665e-10	-4.370076e-09	-5.171294e+00	-5.640747e+02
6.030000e-06	-9.056379e-10	-4.450875e-09	-5.267682e+00	-5.743712e+02
6.040000e-06	-9.221422e-10	-4.531000e-09	-5.363681e+00	-5.845903e+02
6.050000e-06	-9.385738e-10	-4.611212e-09	-5.459255e+00	-5.947322e+02
6.060000e-06	-9.549173e-10	-4.691060e-09	-5.554318e+00	-6.047977e+02
6.070000e-06	-9.711676e-10	-4.770030e-09	-5.648839e+00	-6.147875e+02
6.080000e-06	-9.873368e-10	-4.847665e-09	-5.742887e+00	-6.247025e+02
6.090000e-06	-1.003435e-09	-4.923637e-09	-5.836525e+00	-6.345430e+02
6.100000e-06	-1.019476e-09	-4.999049e-09	-5.929828e+00	-6.443093e+02
6.110000e-06	-1.035473e-09	-5.075158e-09	-6.022873e+00	-6.540007e+02
6.120000e-06	-1.051437e-09	-5.151936e-09	-6.115729e+00	-6.636161e+02
6.130000e-06	-1.067377e-09	-5.227653e-09	-6.208442e+00	-6.731535e+02
6.140000e-06	-1.083285e-09	-5.301472e-09	-6.300976e+00	-6.826102e+02
6.150000e-06	-1.099155e-09	-5.374587e-09	-6.393284e+00	-6.919826e+02
6.160000e-06	-1.114974e-09	-5.447317e-09	-6.485293e+00	-7.012668e+02
6.170000e-06	-1.130726e-09	-5.518807e-09	-6.576916e+00	-7.104585e+02
6.180000e-06	-1.146383e-09	-5.588484e-09	-6.667983e+00	-7.195530e+02
6.190000e-06	-1.161922e-09	-5.656974e-09	-6.758371e+00	-7.285459e+02
6.200000e-06	-1.177338e-09	-5.725717e-09	-6.848036e+00	-7.374331e+02
6.210000e-06	-1.192611e-09	-5.794938e-09	-6.936874e+00	-7.462109e+02
6.220000e-06	-1.207719e-09	-5.863105e-09	-7.024751e+00	-7.548762e+02
6.230000e-06	-1.222654e-09	-5.929395e-09	-7.111619e+00	-7.634269e+02
6.240000e-06	-1.237426e-09	-5.994652e-09	-7.197543e+00	-7.718616e+02
6.250000e-06	-1.252057e-09	-6.059133e-09	-7.282642e+00	-7.801798e+02
6.260000e-06	-1.266575e-09	-6.122392e-09	-7.367085e+00	-7.883818e+02
6.270000e-06	-1.281014e-09	-6.184759e-09	-7.451075e+00	-7.964685e+02
6.280000e-06	-1.295405e-09	-6.246191e-09	-7.534778e+00	-8.044416e+02
6.290000e-06	-1.309753e-09	-6.306659e-09	-7.618235e+00	-8.123032e+02
6.300000e-06	-1.324060e-09	-6.366696e-09	-7.701450e+00	-8.200557e+02
6.310000e-06	-1.338316e-09	-6.426047e-09	-7.784375e+00	-8.277018e+02
6.320000e-06	-1.352508e-09	-6.484511e-09	-7.866920e+00	-8.352442e+02
6.330000e-06	-1.366608e-09	-6.542173e-09	-7.948936e+00	-8.426859e+02
6.340000e-06	-1.380593e-09	-6.599159e-09	-8.030279e+00	-8.500295e+02
6.350000e-06	-1.394461e-09	-6.655566e-09	-8.110943e+00	-8.572780e+02
6.360000e-06	-1.408223e-09	-6.711668e-09	-8.190991e+00	-8.644341e+02
6.370000e-06	-1.421886e-09	-6.767038e-09	-8.270458e+00	-8.715005e+02
6.380000e-06	-1.435451e-09	-6.820989e-09	-8.349361e+00	-8.784799e+02
6.390000e-06	-1.448924e-09	-6.874630e-09	-8.427730e+00	-8.853753e+02
6.400000e-06	-1.462300e-09	-6.928736e-09	-8.505529e+00	-8.921894e+02
6.410000e-06	-1.475564e-09	-6.981939e-09	-8.582683e+00	-8.989249e+02
6.420000e-06	-1.488707e-09	-7.033471e-09	-8.659128e+00	-9.055845e+02
6.430000e-06	-1.501726e-09	-7.084379e-09	-8.734851e+00	-9.121711e+02
6.440000e-06	-1.514639e-09	-7.135162e-09	-8.809963e+00	-9.186869e+02
6.450000e-06	-1.527471e-09	-7.185617e-09	-8.884599e+00	-9.251342e+02
6.460000e-06	-1.540239e-09	-7.235569e-09	-8.958868e+00	-9.315150e+02
6.470000e-06	-1.552949e-09	-7.284799e-09	-9.032791e+00	-9.378306e+02
6.480000e-06	-1.565578e-09	-7.333325e-09	-9.106254e+00	-9.440822e+02
6.490000e-06	-1.578105e-09	-7.381578e-09	-9.179113e+00	-9.502703e+02
6.500000e-06	-1.590491e-09	-7.430223e-09	-9.251160e+00	-9.563950e+02
6.510000e-06	-1.602705e-09	-7.478485e-09	-9.322201e+00	-9.624560e+02
6.520000e-06	-1.614725e-09	-7.525374e-09	-9.392119e+00	-9.684526e+02
6.530000e-06	-1.626545e-09	-7.571709e-09	-9.460870e+00	-9.743840e+02
6.540000e-06	-1.638172e-09	-7.618187e-09	-9.528497e+00	-9.802491e+02
6.550000e-06	-1.649624e-09	-7.663866e-09	-9.595108e+00	-9.860466e+02
6.560000e-06	-1.660941e-09	-7.708471e-09	-9.660933e+00	-9.917757e+02
6.570000e-06	-1.672165e-09	-7.752907e-09	-9.726221e+00	-9.974352e+02
6.580000e-06	-1.683328e-09	-7.797362e-09	-9.791147e+00	-1.003024e+03
6.590000e-06	-1.694438e-09	-7.841455e-09	-9.855769e+00	-1.008543e+03
6.600000e-06	-1.705475e-09	-7.884890e-09	-9.919965e+00	-1.013989e+03
6.610000e-06	-1.716402e-09	-7.927678e-09	-9.983527e+00	-1.019364e+03
6.620000e-06	-1.727196e-09	-7.969796e-09	-1.004631e+01	-1.024667e+03
6.630000e-06	-1.737851e-09	-8.010908e-09	-1.010828e+01	-1.029897e+03
6.640000e-06	-1.748375e-09	-8.050649e-09	-1.016950e+01	-1.035053e+03
6.650000e-06	-1.758781e-09	-8.089846e-09	-1.023002e+01	-1.040134e+03
6.660000e-06	-1.769073e-09	-8.128891e-09	-1.028989e+01	-1.045139e+03
6.670000e-06	-1.779229e-09	-8.167315e-09	-1.034896e+01	-1.050066e+03
6.680000e-06	-1.789233e-09	-8.205112e-09	-1.040715e+01	-1.054912e+03
6.690000e-06	-1.799096e-09	-8.242077e-09	-1.046452e+01	-1.059674e+03
6.700000e-06	-1.808842e-09	-8.278385e-09	-1.052121e+01	-1.064350e+03
6.710000e-06	-1.818491e-09	-8.314052e-09	-1.057733e+01	-1.068936e+03
6.720000e-06	-1.828067e-09	-8.348792e-09	-1.063303e+01	-1.073429e+03
6.730000e-06	-1.837580e-09	-8.382563e-09	-1.068836e+01	-1.077827e+03
6.740000e-06	-1.847016e-09	-8.415569e-09	-1.074325e+01	-1.082126e+03
6.750000e-06	-1.856331e-09	-8.448052e-09	-1.079743e+01	-1.086326e+03
6.760000e-06	-1.865470e-09	-8.479331e-09	-1.085058e+01	-1.090425e+03
6.770000e-06	-1.874397e-09	-8.509661e-09	-1.090251e+01	-1.094424e+03
6.780000e-06	-1.883104e-09	-8.539843e-09	-1.095315e+01	-1.098324e+03
6.790000e-06	-1.891583e-09	-8.569582e-09	-1.100247e+01	-1.102126e+03
6.800000e-06	-1.899856e-09	-8.598300e-09	-1.105059e+01	-1.105834e+03
6.810000e-06	-1.907977e-09	-8.626195e-09	-1.109783e+01	-1.109451e+03
6.820000e-06	-1.915998e-09	-8.653896e-09	-1.114448e+01	-1.112982e+03
6.830000e-06	-1.923945e-09	-8.680967e-09	-1.119071e+01	-1.116432e+03
6.840000e-06	-1.931818e-09	-8.707039e-09	-1.123650e+01	-1.119804e+03
6.850000e-06	-1.939585e-09	-8.732666e-09	-1.128168e+01	-1.123105e+03
6.860000e-06	-1.947210e-09	-8.758547e-09	-1.132603e+01	-1.126338e+03
6.870000e-06	-1.954678e-09	-8.784389e-09	-1.136947e+01	-1.129507e+03
6.880000e-06	-1.962005e-09	-8.809390e-09	-1.141209e+01	-1.132615e+03
6.890000e-06	-1.969220e-09	-8.833375e-09	-1.145405e+01	-1.135666e+03
6.900000e-06	-1.976323e-09	-8.857220e-09	-1.149537e+01	-1.138662e+03
6.910000e-06	-1.983299e-09	-8.881406e-09	-1.153594e+01	-1.141603e+03
6.920000e-06	-1.990128e-09	-8.904962e-09	-1.157566e+01	-1.144491e+03
6.930000e-06	-1.996798e-09	-8.927834e-09	-1.161446e+01	-1.147326e+03
6.940000e-06	-2.003325e-09	-8.950634e-09	-1.165242e+01	-1.150108e+03
6.950000e-06	-2.009751e-09	-8.973699e-09	-1.168980e+01	-1.152837e+03
6.960000e-06	-2.016099e-09	-8.996818e-09	-1.172673e+01	-1.155513e+03
6.970000e-06	-2.022355e-09	-9.018768e-09	-1.176311e+01	-1.158135e+03
6.980000e-06	-2.028466e-09	-9.039463e-09	-1.179866e+01	-1.160702e+03
6.990000e-06	-2.034354e-09	-9.059627e-09	-1.183291e+01	-1.163216e+03
7.000000e-06	-2.039977e-09	-9.079616e-09	-1.186561e+01	-1.165674e+03
7.010000e-06	-2.045346e-09	-9.099529e-09	-1.189684e+01	-1.168078e+03
7.020000e-06	-2.050497e-09	-9.118993e-09	-1.192680e+01	-1.170426e+03
7.030000e-06	-2.055474e-09	-9.138158e-09	-1.195575e+01	-1.172719e+03
7.040000e-06	-2.060314e-09	-9.157475e-09	-1.198390e+01	-1.174957e+03
7.050000e-06	-2.065028e-09	-9.176246e-09	-1.201132e+01	-1.177138e+03
7.060000e-06	-2.069596e-09	-9.193808e-09	-1.203789e+01	-1.179262e+03
7.070000e-06	-2.074005e-09	-9.210991e-09	-1.206354e+01	-1.181328e+03
7.080000e-06	-2.078251e-09	-9.228296e-09	-1.208823e+01	-1.183337e+03
7.090000e-06	-2.082348e-09	-9.244800e-09	-1.211207e+01	-1.185286e+03
7.100000e-06	-2.086324e-09	-9.260104e-09	-1.213519e+01	-1.187176e+03
7.110000e-06	-2.090178e-09	-9.275294e-09	-1.215761e+01	-1.189006e+03
7.120000e-06	-2.093887e-09	-9.290587e-09	-1.217918e+01	-1.190774e+03
7.130000e-06	-2.097432e-09	-9.305053e-09	-1.219980e+01	-1.192482e+03
7.140000e-06	-2.100821e-09	-9.318627e-09	-1.221951e+01	-1.194129e+03
7.150000e-06	-2.104092e-09	-9.331624e-09	-1.223854e+01	-1.195714e+03
7.160000e-06	-2.107275e-09	-9.344171e-09	-1.225705e+01	-1.197238e+03
7.170000e-06	-2.110377e-09	-9.355951e-09	-1.227510e+01	-1.198701e+03
7.180000e-06	-2.113367e-09	-9.367042e-09	-1.229248e+01	-1.200102e+03
7.190000e-06	-2.116191e-09	-9.377991e-09	-1.230891e+01	-1.201443e+03
7.200000e-06	-2.118799e-09	-9.389091e-09	-1.232408e+01	-1.202721e+03
7.210000e-06	-2.121157e-09	-9.400017e-09	-1.233780e+01	-1.203936e+03
7.220000e-06	-2.123270e-09	-9.409568e-09	-1.235009e+01	-1.205086e+03
7.230000e-06	-2.125163e-09	-9.417729e-09	-1.236110e+01	-1.206171e+03
7.240000e-06	-2.126890e-09	-9.425317e-09	-1.237114e+01	-1.207187e+03
7.250000e-06	-2.128505e-09	-9.432628e-09	-1.238054e+01	-1.208131e+03
7.260000e-06	-2.130034e-09	-9.439683e-09	-1.238943e+01	-1.209002e+03
7.270000e-06	-2.131463e-09	-9.446350e-09	-1.239775e+01	-1.209795e+03
7.280000e-06	-2.132757e-09	-9.452308e-09	-1.240527e+01	-1.210509e+03
7.290000e-06	-2.133891e-09	-9.457200e-09	-1.241187e+01	-1.211140e+03
7.300000e-06	-2.134867e-09	-9.461328e-09	-1.241754e+01	-1.211688e+03
7.310000e-06	-2.135704e-09	-9.465143e-09	-1.242241e+01	-1.212150e+03
7.320000e-06	-2.136414e-09	-9.467927e-09	-1.242654e+01	-1.212526e+03
7.330000e-06	-2.136947e-09	-9.469293e-09	-1.242964e+01	-1.212817e+03
7.340000e-06	-2.137237e-09	-9.470447e-09	-1.243133e+01	-1.213023e+03
7.350000e-06	-2.137357e-09	-9.471573e-09	-1.243203e+01	-1.213146e+03
