# Concentracion g/m^3_=_53300.0
# C_Vs_to_Am_M_A/Vsm_=_128687336408.14134
# pendiente_HvsI_1/m_=_3716.3
# ordenada_HvsI_A/m_=_1297.0
# frecuencia_Hz_=_135969.8628562717
# Promedio de 28 ciclos

Tiempo_(s)	Campo_(V.s)	Magnetizacion_(V.s)	Campo_(kA/m)	Magnetizacion_(A/m)
0.000000e+00	-7.570897e-10	-3.455565e-09	-5.008867e+00	-4.966498e+02
1.000000e-08	-7.571323e-10	-3.457295e-09	-5.009159e+00	-4.967266e+02
2.000000e-08	-7.571139e-10	-3.444770e-09	-5.009042e+00	-4.967708e+02
3.000000e-08	-7.570364e-10	-3.435981e-09	-5.008521e+00	-4.967830e+02
4.000000e-08	-7.569146e-10	-3.446229e-09	-5.007715e+00	-4.967635e+02
5.000000e-08	-7.567446e-10	-3.449776e-09	-5.006613e+00	-4.967126e+02
6.000000e-08	-7.565268e-10	-3.439797e-09	-5.005195e+00	-4.966302e+02
7.000000e-08	-7.562634e-10	-3.442454e-09	-5.003464e+00	-4.965163e+02
8.000000e-08	-7.559409e-10	-3.449438e-09	-5.001328e+00	-4.963706e+02
9.000000e-08	-7.555475e-10	-3.443686e-09	-4.998705e+00	-4.961926e+02
1.000000e-07	-7.550857e-10	-3.438613e-09	-4.995632e+00	-4.959819e+02
1.100000e-07	-7.545471e-10	-3.437091e-09	-4.992077e+00	-4.957377e+02
1.200000e-07	-7.539178e-10	-3.429840e-09	-4.987927e+00	-4.954597e+02
1.300000e-07	-7.532070e-10	-3.426613e-09	-4.983235e+00	-4.951472e+02
1.400000e-07	-7.524309e-10	-3.428714e-09	-4.978102e+00	-4.947998e+02
1.500000e-07	-7.515898e-10	-3.423778e-09	-4.972543e+00	-4.944172e+02
1.600000e-07	-7.506904e-10	-3.418519e-09	-4.966606e+00	-4.939992e+02
1.700000e-07	-7.497508e-10	-3.419282e-09	-4.960384e+00	-4.935460e+02
1.800000e-07	-7.487763e-10	-3.416948e-09	-4.953930e+00	-4.930575e+02
1.900000e-07	-7.477647e-10	-3.409541e-09	-4.947233e+00	-4.925343e+02
2.000000e-07	-7.467189e-10	-3.403184e-09	-4.940306e+00	-4.919767e+02
2.100000e-07	-7.456371e-10	-3.398776e-09	-4.933138e+00	-4.913852e+02
2.200000e-07	-7.445078e-10	-3.393726e-09	-4.925656e+00	-4.907604e+02
2.300000e-07	-7.433198e-10	-3.388172e-09	-4.917786e+00	-4.901028e+02
2.400000e-07	-7.420702e-10	-3.382846e-09	-4.909501e+00	-4.894130e+02
2.500000e-07	-7.407631e-10	-3.377519e-09	-4.900840e+00	-4.886913e+02
2.600000e-07	-7.393990e-10	-3.371290e-09	-4.891814e+00	-4.879380e+02
2.700000e-07	-7.379811e-10	-3.363894e-09	-4.882437e+00	-4.871534e+02
2.800000e-07	-7.365134e-10	-3.358241e-09	-4.872723e+00	-4.863375e+02
2.900000e-07	-7.349915e-10	-3.353627e-09	-4.862648e+00	-4.854902e+02
3.000000e-07	-7.334195e-10	-3.346444e-09	-4.852252e+00	-4.846113e+02
3.100000e-07	-7.317997e-10	-3.338970e-09	-4.841555e+00	-4.837007e+02
3.200000e-07	-7.301300e-10	-3.332964e-09	-4.830529e+00	-4.827580e+02
3.300000e-07	-7.284147e-10	-3.325333e-09	-4.819189e+00	-4.817830e+02
3.400000e-07	-7.266589e-10	-3.316654e-09	-4.807568e+00	-4.807754e+02
3.500000e-07	-7.248653e-10	-3.308935e-09	-4.795689e+00	-4.797350e+02
3.600000e-07	-7.230293e-10	-3.300839e-09	-4.783537e+00	-4.786617e+02
3.700000e-07	-7.211404e-10	-3.292064e-09	-4.771040e+00	-4.775552e+02
3.800000e-07	-7.191912e-10	-3.283845e-09	-4.758145e+00	-4.764155e+02
3.900000e-07	-7.171788e-10	-3.275800e-09	-4.744826e+00	-4.752427e+02
4.000000e-07	-7.150880e-10	-3.267332e-09	-4.730983e+00	-4.740366e+02
4.100000e-07	-7.129063e-10	-3.258473e-09	-4.716548e+00	-4.727973e+02
4.200000e-07	-7.106442e-10	-3.248916e-09	-4.701600e+00	-4.715247e+02
4.300000e-07	-7.083077e-10	-3.238750e-09	-4.686167e+00	-4.702188e+02
4.400000e-07	-7.059041e-10	-3.228248e-09	-4.670273e+00	-4.688794e+02
4.500000e-07	-7.034455e-10	-3.217806e-09	-4.654006e+00	-4.675064e+02
4.600000e-07	-7.009326e-10	-3.208086e-09	-4.637387e+00	-4.660996e+02
4.700000e-07	-6.983712e-10	-3.198488e-09	-4.620452e+00	-4.646588e+02
4.800000e-07	-6.957678e-10	-3.187811e-09	-4.603231e+00	-4.631838e+02
4.900000e-07	-6.931185e-10	-3.176174e-09	-4.585710e+00	-4.616745e+02
5.000000e-07	-6.904183e-10	-3.164634e-09	-4.567860e+00	-4.601309e+02
5.100000e-07	-6.876640e-10	-3.153138e-09	-4.549641e+00	-4.585529e+02
5.200000e-07	-6.848521e-10	-3.141147e-09	-4.531042e+00	-4.569409e+02
5.300000e-07	-6.819836e-10	-3.129323e-09	-4.512075e+00	-4.552951e+02
5.400000e-07	-6.790610e-10	-3.118144e-09	-4.492745e+00	-4.536160e+02
5.500000e-07	-6.760845e-10	-3.107143e-09	-4.473064e+00	-4.519042e+02
5.600000e-07	-6.730542e-10	-3.095932e-09	-4.453029e+00	-4.501605e+02
5.700000e-07	-6.699662e-10	-3.084330e-09	-4.432615e+00	-4.483855e+02
5.800000e-07	-6.668156e-10	-3.071634e-09	-4.411788e+00	-4.465800e+02
5.900000e-07	-6.635974e-10	-3.057930e-09	-4.390506e+00	-4.447446e+02
6.000000e-07	-6.603122e-10	-3.044128e-09	-4.368783e+00	-4.428799e+02
6.100000e-07	-6.569555e-10	-3.030769e-09	-4.346600e+00	-4.409862e+02
6.200000e-07	-6.535282e-10	-3.017671e-09	-4.323942e+00	-4.390637e+02
6.300000e-07	-6.500417e-10	-3.004832e-09	-4.300880e+00	-4.371122e+02
6.400000e-07	-6.465047e-10	-2.992183e-09	-4.277488e+00	-4.351316e+02
6.500000e-07	-6.429209e-10	-2.978979e-09	-4.253792e+00	-4.331215e+02
6.600000e-07	-6.392966e-10	-2.964785e-09	-4.229830e+00	-4.310811e+02
6.700000e-07	-6.356369e-10	-2.950127e-09	-4.205619e+00	-4.290101e+02
6.800000e-07	-6.319404e-10	-2.935395e-09	-4.181160e+00	-4.269077e+02
6.900000e-07	-6.282120e-10	-2.920805e-09	-4.156495e+00	-4.247737e+02
7.000000e-07	-6.244490e-10	-2.906544e-09	-4.131608e+00	-4.226077e+02
7.100000e-07	-6.206464e-10	-2.891960e-09	-4.106469e+00	-4.204099e+02
7.200000e-07	-6.168022e-10	-2.876901e-09	-4.081056e+00	-4.181808e+02
7.300000e-07	-6.129146e-10	-2.861768e-09	-4.055344e+00	-4.159211e+02
7.400000e-07	-6.089803e-10	-2.846721e-09	-4.029316e+00	-4.136320e+02
7.500000e-07	-6.049968e-10	-2.831471e-09	-4.002966e+00	-4.113151e+02
7.600000e-07	-6.009671e-10	-2.815897e-09	-3.976317e+00	-4.089721e+02
7.700000e-07	-5.968934e-10	-2.800247e-09	-3.949379e+00	-4.066050e+02
7.800000e-07	-5.927826e-10	-2.784709e-09	-3.922199e+00	-4.042157e+02
7.900000e-07	-5.886455e-10	-2.769189e-09	-3.894840e+00	-4.018061e+02
8.000000e-07	-5.844845e-10	-2.753265e-09	-3.867323e+00	-3.993779e+02
8.100000e-07	-5.803012e-10	-2.736801e-09	-3.839653e+00	-3.969324e+02
8.200000e-07	-5.760945e-10	-2.720273e-09	-3.811824e+00	-3.944705e+02
8.300000e-07	-5.718599e-10	-2.704202e-09	-3.783820e+00	-3.919926e+02
8.400000e-07	-5.675955e-10	-2.688283e-09	-3.755628e+00	-3.894986e+02
8.500000e-07	-5.632991e-10	-2.672085e-09	-3.727217e+00	-3.869879e+02
8.600000e-07	-5.589628e-10	-2.655316e-09	-3.698541e+00	-3.844592e+02
8.700000e-07	-5.545807e-10	-2.638025e-09	-3.669559e+00	-3.819111e+02
8.800000e-07	-5.501574e-10	-2.620923e-09	-3.640299e+00	-3.793417e+02
8.900000e-07	-5.456926e-10	-2.603948e-09	-3.610778e+00	-3.767492e+02
9.000000e-07	-5.411848e-10	-2.586414e-09	-3.580972e+00	-3.741317e+02
9.100000e-07	-5.366385e-10	-2.568697e-09	-3.550904e+00	-3.714874e+02
9.200000e-07	-5.320544e-10	-2.551327e-09	-3.520581e+00	-3.688147e+02
9.300000e-07	-5.274315e-10	-2.534014e-09	-3.490002e+00	-3.661126e+02
9.400000e-07	-5.227720e-10	-2.516449e-09	-3.459181e+00	-3.633805e+02
9.500000e-07	-5.180745e-10	-2.498191e-09	-3.428126e+00	-3.606182e+02
9.600000e-07	-5.133402e-10	-2.478958e-09	-3.396835e+00	-3.578259e+02
9.700000e-07	-5.085722e-10	-2.459354e-09	-3.365304e+00	-3.550045e+02
9.800000e-07	-5.037688e-10	-2.440344e-09	-3.333525e+00	-3.521549e+02
9.900000e-07	-4.989298e-10	-2.421823e-09	-3.301514e+00	-3.492785e+02
1.000000e-06	-4.940574e-10	-2.402840e-09	-3.269285e+00	-3.463768e+02
1.010000e-06	-4.891535e-10	-2.383615e-09	-3.236845e+00	-3.434511e+02
1.020000e-06	-4.842223e-10	-2.364626e-09	-3.204224e+00	-3.405028e+02
1.030000e-06	-4.792659e-10	-2.344937e-09	-3.171435e+00	-3.375331e+02
1.040000e-06	-4.742825e-10	-2.324102e-09	-3.138471e+00	-3.345427e+02
1.050000e-06	-4.692727e-10	-2.302984e-09	-3.105325e+00	-3.315322e+02
1.060000e-06	-4.642341e-10	-2.282194e-09	-3.071988e+00	-3.285020e+02
1.070000e-06	-4.591642e-10	-2.261620e-09	-3.038447e+00	-3.254518e+02
1.080000e-06	-4.540605e-10	-2.240844e-09	-3.004694e+00	-3.223814e+02
1.090000e-06	-4.489187e-10	-2.219335e-09	-2.970679e+00	-3.192904e+02
1.100000e-06	-4.437349e-10	-2.197575e-09	-2.936383e+00	-3.161782e+02
1.110000e-06	-4.385044e-10	-2.176686e-09	-2.901797e+00	-3.130443e+02
1.120000e-06	-4.332249e-10	-2.156165e-09	-2.866876e+00	-3.098882e+02
1.130000e-06	-4.278987e-10	-2.134813e-09	-2.831627e+00	-3.067096e+02
1.140000e-06	-4.225213e-10	-2.112507e-09	-2.796043e+00	-3.035083e+02
1.150000e-06	-4.170888e-10	-2.089598e-09	-2.760102e+00	-3.002843e+02
1.160000e-06	-4.116018e-10	-2.066584e-09	-2.723810e+00	-2.970378e+02
1.170000e-06	-4.060656e-10	-2.044014e-09	-2.687188e+00	-2.937692e+02
1.180000e-06	-4.004873e-10	-2.021450e-09	-2.650271e+00	-2.904787e+02
1.190000e-06	-3.948681e-10	-1.998326e-09	-2.613075e+00	-2.871667e+02
1.200000e-06	-3.892120e-10	-1.975329e-09	-2.575648e+00	-2.838335e+02
1.210000e-06	-3.835255e-10	-1.952780e-09	-2.538028e+00	-2.804792e+02
1.220000e-06	-3.778148e-10	-1.929602e-09	-2.500242e+00	-2.771038e+02
1.230000e-06	-3.720866e-10	-1.905351e-09	-2.462337e+00	-2.737070e+02
1.240000e-06	-3.663426e-10	-1.880777e-09	-2.424334e+00	-2.702882e+02
1.250000e-06	-3.605860e-10	-1.856619e-09	-2.386244e+00	-2.668467e+02
1.260000e-06	-3.548192e-10	-1.832998e-09	-2.348091e+00	-2.633816e+02
1.270000e-06	-3.490401e-10	-1.809266e-09	-2.309861e+00	-2.598917e+02
1.280000e-06	-3.432495e-10	-1.784991e-09	-2.271557e+00	-2.563762e+02
1.290000e-06	-3.374460e-10	-1.760025e-09	-2.233169e+00	-2.528339e+02
1.300000e-06	-3.316276e-10	-1.734789e-09	-2.194682e+00	-2.492640e+02
1.310000e-06	-3.257898e-10	-1.709927e-09	-2.156067e+00	-2.456659e+02
1.320000e-06	-3.199300e-10	-1.685182e-09	-2.117305e+00	-2.420391e+02
1.330000e-06	-3.140520e-10	-1.659921e-09	-2.078415e+00	-2.383835e+02
1.340000e-06	-3.081537e-10	-1.634011e-09	-2.039387e+00	-2.346992e+02
1.350000e-06	-3.022301e-10	-1.608048e-09	-2.000200e+00	-2.309869e+02
1.360000e-06	-2.962793e-10	-1.582202e-09	-1.960840e+00	-2.272471e+02
1.370000e-06	-2.903054e-10	-1.556159e-09	-1.921321e+00	-2.234806e+02
1.380000e-06	-2.843092e-10	-1.529780e-09	-1.881652e+00	-2.196884e+02
1.390000e-06	-2.782924e-10	-1.502696e-09	-1.841847e+00	-2.158713e+02
1.400000e-06	-2.722546e-10	-1.475256e-09	-1.801888e+00	-2.120302e+02
1.410000e-06	-2.661924e-10	-1.448354e-09	-1.761771e+00	-2.081657e+02
1.420000e-06	-2.601090e-10	-1.421544e-09	-1.721528e+00	-2.042783e+02
1.430000e-06	-2.540092e-10	-1.394084e-09	-1.681173e+00	-2.003681e+02
1.440000e-06	-2.478950e-10	-1.366197e-09	-1.640715e+00	-1.964352e+02
1.450000e-06	-2.417651e-10	-1.338533e-09	-1.600158e+00	-1.924794e+02
1.460000e-06	-2.356206e-10	-1.311171e-09	-1.559508e+00	-1.885003e+02
1.470000e-06	-2.294615e-10	-1.283652e-09	-1.518762e+00	-1.844975e+02
1.480000e-06	-2.232918e-10	-1.255437e-09	-1.477941e+00	-1.804705e+02
1.490000e-06	-2.171131e-10	-1.226622e-09	-1.437058e+00	-1.764190e+02
1.500000e-06	-2.109234e-10	-1.197729e-09	-1.396096e+00	-1.723427e+02
1.510000e-06	-2.047227e-10	-1.169134e-09	-1.355057e+00	-1.682415e+02
1.520000e-06	-1.985122e-10	-1.140546e-09	-1.313964e+00	-1.641155e+02
1.530000e-06	-1.922938e-10	-1.111272e-09	-1.272823e+00	-1.599652e+02
1.540000e-06	-1.860676e-10	-1.081517e-09	-1.231631e+00	-1.557911e+02
1.550000e-06	-1.798304e-10	-1.052000e-09	-1.190370e+00	-1.515941e+02
1.560000e-06	-1.735816e-10	-1.022963e-09	-1.149019e+00	-1.473749e+02
1.570000e-06	-1.673182e-10	-9.938635e-10	-1.107565e+00	-1.431348e+02
1.580000e-06	-1.610382e-10	-9.643912e-10	-1.066013e+00	-1.388746e+02
1.590000e-06	-1.547462e-10	-9.345281e-10	-1.024385e+00	-1.345955e+02
1.600000e-06	-1.484445e-10	-9.041236e-10	-9.826828e-01	-1.302984e+02
1.610000e-06	-1.421349e-10	-8.733666e-10	-9.409302e-01	-1.259840e+02
1.620000e-06	-1.358144e-10	-8.427053e-10	-8.991155e-01	-1.216532e+02
1.630000e-06	-1.294842e-10	-8.120673e-10	-8.572457e-01	-1.173065e+02
1.640000e-06	-1.231484e-10	-7.813495e-10	-8.153365e-01	-1.129444e+02
1.650000e-06	-1.168028e-10	-7.510607e-10	-7.733515e-01	-1.085674e+02
1.660000e-06	-1.104478e-10	-7.212443e-10	-7.313091e-01	-1.041759e+02
1.670000e-06	-1.040894e-10	-6.911242e-10	-6.892486e-01	-9.977042e+01
1.680000e-06	-9.772196e-11	-6.601826e-10	-6.471232e-01	-9.535148e+01
1.690000e-06	-9.134215e-11	-6.290891e-10	-6.049036e-01	-9.091973e+01
1.700000e-06	-8.495344e-11	-5.983181e-10	-5.626278e-01	-8.647593e+01
1.710000e-06	-7.855674e-11	-5.673643e-10	-5.203151e-01	-8.202091e+01
1.720000e-06	-7.215614e-11	-5.361174e-10	-4.779779e-01	-7.755560e+01
1.730000e-06	-6.574915e-11	-5.047552e-10	-4.356032e-01	-7.308094e+01
1.740000e-06	-5.933223e-11	-4.731393e-10	-3.931546e-01	-6.859783e+01
1.750000e-06	-5.290975e-11	-4.415508e-10	-3.506491e-01	-6.410706e+01
1.760000e-06	-4.648651e-11	-4.102203e-10	-3.081421e-01	-5.960927e+01
1.770000e-06	-4.005908e-11	-3.788210e-10	-2.656084e-01	-5.510485e+01
1.780000e-06	-3.362567e-11	-3.472957e-10	-2.230415e-01	-5.059397e+01
1.790000e-06	-2.719079e-11	-3.158947e-10	-1.804821e-01	-4.607651e+01
1.800000e-06	-2.075747e-11	-2.848080e-10	-1.379272e-01	-4.155211e+01
1.810000e-06	-1.432271e-11	-2.532169e-10	-9.534968e-02	-3.702021e+01
1.820000e-06	-7.887252e-12	-2.207265e-10	-5.276388e-02	-3.248010e+01
1.830000e-06	-1.453944e-12	-1.883898e-10	-1.018847e-02	-2.793107e+01
1.840000e-06	4.980358e-12	-1.568138e-10	3.239819e-02	-2.337245e+01
1.850000e-06	1.141634e-11	-1.255049e-10	7.499221e-02	-1.880374e+01
1.860000e-06	1.785194e-11	-9.376413e-11	1.175713e-01	-1.422475e+01
1.870000e-06	2.428910e-11	-6.132904e-11	1.601645e-01	-9.635634e+00
1.880000e-06	3.072536e-11	-2.843807e-11	2.027550e-01	-5.036946e+00
1.890000e-06	3.715609e-11	4.021886e-12	2.453017e-01	-4.296864e-01
1.900000e-06	4.358198e-11	3.578180e-11	2.878257e-01	4.184739e+00
1.910000e-06	5.000661e-11	6.763172e-11	3.303485e-01	8.804577e+00
1.920000e-06	5.642770e-11	1.000417e-10	3.728480e-01	1.342782e+01
1.930000e-06	6.283910e-11	1.325490e-10	4.152808e-01	1.805233e+01
1.940000e-06	6.924076e-11	1.648124e-10	4.576384e-01	2.267597e+01
1.950000e-06	7.563329e-11	1.967540e-10	4.999305e-01	2.729678e+01
1.960000e-06	8.202219e-11	2.283693e-10	5.422095e-01	3.191306e+01
1.970000e-06	8.840730e-11	2.603186e-10	5.844702e-01	3.652353e+01
1.980000e-06	9.478495e-11	2.927683e-10	6.266795e-01	4.112737e+01
1.990000e-06	1.011586e-10	3.252315e-10	6.688614e-01	4.572426e+01
2.000000e-06	1.075271e-10	3.575604e-10	7.109996e-01	5.031439e+01
2.010000e-06	1.138846e-10	3.900145e-10	7.530623e-01	5.489837e+01
2.020000e-06	1.202297e-10	4.225908e-10	7.950484e-01	5.947715e+01
2.030000e-06	1.265624e-10	4.549471e-10	8.369588e-01	6.405183e+01
2.040000e-06	1.328823e-10	4.868652e-10	8.787978e-01	6.862358e+01
2.050000e-06	1.391923e-10	5.181616e-10	9.205675e-01	7.319339e+01
2.060000e-06	1.454933e-10	5.492575e-10	9.622640e-01	7.776196e+01
2.070000e-06	1.517811e-10	5.809328e-10	1.003872e+00	8.232954e+01
2.080000e-06	1.580547e-10	6.133397e-10	1.045384e+00	8.689584e+01
2.090000e-06	1.643179e-10	6.458593e-10	1.086829e+00	9.145998e+01
2.100000e-06	1.705715e-10	6.778989e-10	1.128207e+00	9.602050e+01
2.110000e-06	1.768164e-10	7.095683e-10	1.169519e+00	1.005754e+02
2.120000e-06	1.830517e-10	7.412813e-10	1.210773e+00	1.051221e+02
2.130000e-06	1.892764e-10	7.725928e-10	1.251961e+00	1.096581e+02
2.140000e-06	1.954936e-10	8.035029e-10	1.293095e+00	1.141803e+02
2.150000e-06	2.017013e-10	8.347936e-10	1.334168e+00	1.186861e+02
2.160000e-06	2.078973e-10	8.661736e-10	1.375164e+00	1.231728e+02
2.170000e-06	2.140804e-10	8.971740e-10	1.416076e+00	1.276383e+02
2.180000e-06	2.202511e-10	9.282433e-10	1.456908e+00	1.320809e+02
2.190000e-06	2.264084e-10	9.594141e-10	1.497649e+00	1.364997e+02
2.200000e-06	2.325509e-10	9.900669e-10	1.538297e+00	1.408941e+02
2.210000e-06	2.386813e-10	1.020290e-09	1.578870e+00	1.452644e+02
2.220000e-06	2.448003e-10	1.050462e-09	1.619358e+00	1.496111e+02
2.230000e-06	2.509049e-10	1.080882e-09	1.659741e+00	1.539354e+02
2.240000e-06	2.569897e-10	1.111302e-09	1.699999e+00	1.582384e+02
2.250000e-06	2.630566e-10	1.141134e-09	1.740143e+00	1.625214e+02
2.260000e-06	2.691079e-10	1.170497e-09	1.780190e+00	1.667856e+02
2.270000e-06	2.751394e-10	1.199839e-09	1.820109e+00	1.710317e+02
2.280000e-06	2.811483e-10	1.229286e-09	1.859871e+00	1.752603e+02
2.290000e-06	2.871357e-10	1.258943e-09	1.899485e+00	1.794713e+02
2.300000e-06	2.931006e-10	1.288486e-09	1.938950e+00	1.836641e+02
2.310000e-06	2.990402e-10	1.317480e-09	1.978248e+00	1.878376e+02
2.320000e-06	3.049565e-10	1.346322e-09	2.017393e+00	1.919904e+02
2.330000e-06	3.108468e-10	1.375278e-09	2.056376e+00	1.961206e+02
2.340000e-06	3.167141e-10	1.404033e-09	2.095210e+00	2.002263e+02
2.350000e-06	3.225633e-10	1.432582e-09	2.133914e+00	2.043054e+02
2.360000e-06	3.283923e-10	1.461256e-09	2.172479e+00	2.083562e+02
2.370000e-06	3.342056e-10	1.489853e-09	2.210944e+00	2.123770e+02
2.380000e-06	3.400077e-10	1.518010e-09	2.249332e+00	2.163668e+02
2.390000e-06	3.457984e-10	1.545752e-09	2.287643e+00	2.203249e+02
2.400000e-06	3.515766e-10	1.573179e-09	2.325870e+00	2.242511e+02
2.410000e-06	3.573445e-10	1.600128e-09	2.364022e+00	2.281459e+02
2.420000e-06	3.631026e-10	1.626845e-09	2.402100e+00	2.320098e+02
2.430000e-06	3.688474e-10	1.653646e-09	2.440096e+00	2.358441e+02
2.440000e-06	3.745754e-10	1.680111e-09	2.477984e+00	2.396500e+02
2.450000e-06	3.802846e-10	1.706142e-09	2.515738e+00	2.434287e+02
2.460000e-06	3.859705e-10	1.731950e-09	2.553343e+00	2.471816e+02
2.470000e-06	3.916251e-10	1.757750e-09	2.590758e+00	2.509094e+02
2.480000e-06	3.972427e-10	1.783619e-09	2.627933e+00	2.546129e+02
2.490000e-06	4.028173e-10	1.809326e-09	2.664826e+00	2.582922e+02
2.500000e-06	4.083431e-10	1.834793e-09	2.701401e+00	2.619471e+02
2.510000e-06	4.138202e-10	1.860186e-09	2.737644e+00	2.655768e+02
2.520000e-06	4.192446e-10	1.885518e-09	2.773549e+00	2.691805e+02
2.530000e-06	4.246140e-10	1.910595e-09	2.809099e+00	2.727567e+02
2.540000e-06	4.299309e-10	1.935173e-09	2.844298e+00	2.763042e+02
2.550000e-06	4.351961e-10	1.959287e-09	2.879149e+00	2.798214e+02
2.560000e-06	4.404135e-10	1.983347e-09	2.913669e+00	2.833070e+02
2.570000e-06	4.455866e-10	2.007542e-09	2.947898e+00	2.867601e+02
2.580000e-06	4.507182e-10	2.031420e-09	2.981855e+00	2.901800e+02
2.590000e-06	4.558080e-10	2.054563e-09	3.015532e+00	2.935663e+02
2.600000e-06	4.608611e-10	2.077074e-09	3.048965e+00	2.969193e+02
2.610000e-06	4.658859e-10	2.099555e-09	3.082217e+00	3.002396e+02
2.620000e-06	4.708866e-10	2.122328e-09	3.115303e+00	3.035281e+02
2.630000e-06	4.758630e-10	2.144757e-09	3.148219e+00	3.067860e+02
2.640000e-06	4.808140e-10	2.166694e-09	3.180975e+00	3.100149e+02
2.650000e-06	4.857391e-10	2.188672e-09	3.213568e+00	3.132163e+02
2.660000e-06	4.906383e-10	2.210726e-09	3.245985e+00	3.163916e+02
2.670000e-06	4.955069e-10	2.232322e-09	3.278185e+00	3.195423e+02
2.680000e-06	5.003397e-10	2.253333e-09	3.310148e+00	3.226693e+02
2.690000e-06	5.051345e-10	2.273906e-09	3.341867e+00	3.257736e+02
2.700000e-06	5.098930e-10	2.293968e-09	3.373340e+00	3.288558e+02
2.710000e-06	5.146147e-10	2.313772e-09	3.404564e+00	3.319159e+02
2.720000e-06	5.192960e-10	2.334005e-09	3.435528e+00	3.349541e+02
2.730000e-06	5.239411e-10	2.354664e-09	3.466260e+00	3.379701e+02
2.740000e-06	5.285493e-10	2.375123e-09	3.496746e+00	3.409636e+02
2.750000e-06	5.331225e-10	2.395208e-09	3.526998e+00	3.439340e+02
2.760000e-06	5.376605e-10	2.415041e-09	3.557022e+00	3.468811e+02
2.770000e-06	5.421645e-10	2.434473e-09	3.586820e+00	3.498044e+02
2.780000e-06	5.466361e-10	2.453295e-09	3.616398e+00	3.527040e+02
2.790000e-06	5.510670e-10	2.471684e-09	3.645712e+00	3.555795e+02
2.800000e-06	5.554550e-10	2.490150e-09	3.674738e+00	3.584313e+02
2.810000e-06	5.598016e-10	2.508759e-09	3.703491e+00	3.612594e+02
2.820000e-06	5.641084e-10	2.527500e-09	3.731984e+00	3.640642e+02
2.830000e-06	5.683785e-10	2.546037e-09	3.760236e+00	3.668458e+02
2.840000e-06	5.726167e-10	2.563855e-09	3.788272e+00	3.696044e+02
2.850000e-06	5.768288e-10	2.581127e-09	3.816130e+00	3.723401e+02
2.860000e-06	5.810184e-10	2.598320e-09	3.843845e+00	3.750528e+02
2.870000e-06	5.851844e-10	2.615839e-09	3.871405e+00	3.777419e+02
2.880000e-06	5.893245e-10	2.633240e-09	3.898791e+00	3.804070e+02
2.890000e-06	5.934364e-10	2.650227e-09	3.925990e+00	3.830472e+02
2.900000e-06	5.975153e-10	2.667218e-09	3.952974e+00	3.856614e+02
2.910000e-06	6.015562e-10	2.684100e-09	3.979717e+00	3.882486e+02
2.920000e-06	6.055517e-10	2.700604e-09	4.006160e+00	3.908077e+02
2.930000e-06	6.094956e-10	2.716532e-09	4.032247e+00	3.933375e+02
2.940000e-06	6.133907e-10	2.732043e-09	4.058012e+00	3.958372e+02
2.950000e-06	6.172381e-10	2.747777e-09	4.083463e+00	3.983062e+02
2.960000e-06	6.210365e-10	2.763880e-09	4.108580e+00	4.007441e+02
2.970000e-06	6.247873e-10	2.779679e-09	4.133391e+00	4.031509e+02
2.980000e-06	6.284982e-10	2.794861e-09	4.157939e+00	4.055271e+02
2.990000e-06	6.321726e-10	2.810134e-09	4.182236e+00	4.078732e+02
3.000000e-06	6.358083e-10	2.825570e-09	4.206285e+00	4.101903e+02
3.010000e-06	6.394090e-10	2.840705e-09	4.230097e+00	4.124797e+02
3.020000e-06	6.429743e-10	2.855541e-09	4.253676e+00	4.147426e+02
3.030000e-06	6.464947e-10	2.869924e-09	4.276966e+00	4.169803e+02
3.040000e-06	6.499682e-10	2.883871e-09	4.299930e+00	4.191942e+02
3.050000e-06	6.533929e-10	2.898107e-09	4.322571e+00	4.213851e+02
3.060000e-06	6.567577e-10	2.912764e-09	4.344828e+00	4.235539e+02
3.070000e-06	6.600593e-10	2.927162e-09	4.366661e+00	4.257008e+02
3.080000e-06	6.632924e-10	2.941083e-09	4.388043e+00	4.278258e+02
3.090000e-06	6.664577e-10	2.954897e-09	4.408993e+00	4.299287e+02
3.100000e-06	6.695657e-10	2.968479e-09	4.429559e+00	4.320086e+02
3.110000e-06	6.726205e-10	2.981690e-09	4.449767e+00	4.340646e+02
3.120000e-06	6.756227e-10	2.994790e-09	4.469626e+00	4.360955e+02
3.130000e-06	6.785732e-10	3.007931e-09	4.489134e+00	4.381002e+02
3.140000e-06	6.814730e-10	3.021166e-09	4.508304e+00	4.400775e+02
3.150000e-06	6.843202e-10	3.034208e-09	4.527126e+00	4.420263e+02
3.160000e-06	6.871159e-10	3.046662e-09	4.545604e+00	4.439458e+02
3.170000e-06	6.898601e-10	3.058792e-09	4.563756e+00	4.458356e+02
3.180000e-06	6.925548e-10	3.071036e-09	4.581587e+00	4.476954e+02
3.190000e-06	6.952036e-10	3.083207e-09	4.599107e+00	4.495254e+02
3.200000e-06	6.978043e-10	3.095273e-09	4.616310e+00	4.513261e+02
3.210000e-06	7.003612e-10	3.107315e-09	4.633216e+00	4.530982e+02
3.220000e-06	7.028742e-10	3.119129e-09	4.649830e+00	4.548425e+02
3.230000e-06	7.053318e-10	3.130370e-09	4.666086e+00	4.565599e+02
3.240000e-06	7.077258e-10	3.140940e-09	4.681931e+00	4.582512e+02
3.250000e-06	7.100517e-10	3.151594e-09	4.697324e+00	4.599170e+02
3.260000e-06	7.122990e-10	3.162711e-09	4.712186e+00	4.615576e+02
3.270000e-06	7.144618e-10	3.173724e-09	4.726489e+00	4.631730e+02
3.280000e-06	7.165418e-10	3.184410e-09	4.740265e+00	4.647627e+02
3.290000e-06	7.185440e-10	3.194854e-09	4.753545e+00	4.663257e+02
3.300000e-06	7.204802e-10	3.204908e-09	4.766387e+00	4.678607e+02
3.310000e-06	7.223621e-10	3.214834e-09	4.778864e+00	4.693658e+02
3.320000e-06	7.241975e-10	3.224614e-09	4.791024e+00	4.708388e+02
3.330000e-06	7.259935e-10	3.233763e-09	4.802915e+00	4.722774e+02
3.340000e-06	7.277547e-10	3.242683e-09	4.814570e+00	4.736791e+02
3.350000e-06	7.294804e-10	3.251609e-09	4.825985e+00	4.750413e+02
3.360000e-06	7.311681e-10	3.260182e-09	4.837151e+00	4.763618e+02
3.370000e-06	7.328123e-10	3.268732e-09	4.848023e+00	4.776384e+02
3.380000e-06	7.344063e-10	3.277221e-09	4.858562e+00	4.788695e+02
3.390000e-06	7.359487e-10	3.285235e-09	4.868766e+00	4.800538e+02
3.400000e-06	7.374390e-10	3.293128e-09	4.878630e+00	4.811905e+02
3.410000e-06	7.388725e-10	3.301014e-09	4.888121e+00	4.822795e+02
3.420000e-06	7.402523e-10	3.308003e-09	4.897246e+00	4.833210e+02
3.430000e-06	7.415841e-10	3.314069e-09	4.906048e+00	4.843159e+02
3.440000e-06	7.428652e-10	3.320950e-09	4.914518e+00	4.852652e+02
3.450000e-06	7.440904e-10	3.329278e-09	4.922615e+00	4.861706e+02
3.460000e-06	7.452605e-10	3.337065e-09	4.930358e+00	4.870338e+02
3.470000e-06	7.463823e-10	3.342746e-09	4.937784e+00	4.878565e+02
3.480000e-06	7.474585e-10	3.347836e-09	4.944911e+00	4.886406e+02
3.490000e-06	7.484918e-10	3.353404e-09	4.951770e+00	4.893878e+02
3.500000e-06	7.494884e-10	3.358710e-09	4.958382e+00	4.900997e+02
3.510000e-06	7.504503e-10	3.364461e-09	4.964747e+00	4.907774e+02
3.520000e-06	7.513717e-10	3.370549e-09	4.970838e+00	4.914219e+02
3.530000e-06	7.522495e-10	3.375284e-09	4.976633e+00	4.920340e+02
3.540000e-06	7.530748e-10	3.379419e-09	4.982073e+00	4.926138e+02
3.550000e-06	7.538374e-10	3.383873e-09	4.987098e+00	4.931615e+02
3.560000e-06	7.545290e-10	3.386868e-09	4.991667e+00	4.936767e+02
3.570000e-06	7.551422e-10	3.387769e-09	4.995726e+00	4.941591e+02
3.580000e-06	7.556863e-10	3.390297e-09	4.999328e+00	4.946083e+02
3.590000e-06	7.561592e-10	3.396808e-09	5.002460e+00	4.950235e+02
3.600000e-06	7.565511e-10	3.402746e-09	5.005053e+00	4.954044e+02
3.610000e-06	7.568706e-10	3.405377e-09	5.007162e+00	4.957504e+02
3.620000e-06	7.571334e-10	3.408535e-09	5.008906e+00	4.960614e+02
3.630000e-06	7.573508e-10	3.412055e-09	5.010363e+00	4.963370e+02
3.640000e-06	7.575299e-10	3.411918e-09	5.011563e+00	4.965775e+02
3.650000e-06	7.576659e-10	3.410875e-09	5.012470e+00	4.967830e+02
3.660000e-06	7.577514e-10	3.412542e-09	5.013032e+00	4.969538e+02
3.670000e-06	7.577892e-10	3.412570e-09	5.013277e+00	4.970906e+02
3.680000e-06	7.577742e-10	3.412535e-09	5.013186e+00	4.971938e+02
3.690000e-06	7.576976e-10	3.420878e-09	5.012693e+00	4.972640e+02
3.700000e-06	7.575691e-10	3.430281e-09	5.011867e+00	4.973018e+02
3.710000e-06	7.573984e-10	3.424949e-09	5.010766e+00	4.973076e+02
3.720000e-06	7.571787e-10	3.418420e-09	5.009326e+00	4.972819e+02
3.730000e-06	7.569199e-10	3.424687e-09	5.007611e+00	4.972247e+02
3.740000e-06	7.566382e-10	3.423685e-09	5.005739e+00	4.971361e+02
3.750000e-06	7.563077e-10	3.413995e-09	5.003542e+00	4.970159e+02
3.760000e-06	7.559015e-10	3.413597e-09	5.000844e+00	4.968638e+02
3.770000e-06	7.554331e-10	3.418276e-09	4.997745e+00	4.966793e+02
3.780000e-06	7.549207e-10	3.420579e-09	4.994367e+00	4.964619e+02
3.790000e-06	7.543623e-10	3.422803e-09	4.990702e+00	4.962111e+02
3.800000e-06	7.537621e-10	3.420320e-09	4.986762e+00	4.959262e+02
3.810000e-06	7.531325e-10	3.415046e-09	4.982608e+00	4.956068e+02
3.820000e-06	7.524696e-10	3.414254e-09	4.978219e+00	4.952524e+02
3.830000e-06	7.517623e-10	3.410975e-09	4.973534e+00	4.948628e+02
3.840000e-06	7.509962e-10	3.404371e-09	4.968461e+00	4.944378e+02
3.850000e-06	7.501482e-10	3.402816e-09	4.962861e+00	4.939776e+02
3.860000e-06	7.491983e-10	3.403774e-09	4.956588e+00	4.934822e+02
3.870000e-06	7.481530e-10	3.403866e-09	4.949678e+00	4.929521e+02
3.880000e-06	7.470392e-10	3.403151e-09	4.942333e+00	4.923877e+02
3.890000e-06	7.458731e-10	3.397446e-09	4.934663e+00	4.917895e+02
3.900000e-06	7.446526e-10	3.389725e-09	4.926621e+00	4.911582e+02
3.910000e-06	7.433759e-10	3.386404e-09	4.918171e+00	4.904942e+02
3.920000e-06	7.420489e-10	3.382930e-09	4.909386e+00	4.897980e+02
3.930000e-06	7.406807e-10	3.376242e-09	4.900349e+00	4.890700e+02
3.940000e-06	7.392690e-10	3.372494e-09	4.891029e+00	4.883105e+02
3.950000e-06	7.378074e-10	3.370997e-09	4.881372e+00	4.875197e+02
3.960000e-06	7.362995e-10	3.365871e-09	4.871410e+00	4.866976e+02
3.970000e-06	7.347435e-10	3.359823e-09	4.861118e+00	4.858440e+02
3.980000e-06	7.331364e-10	3.355002e-09	4.850484e+00	4.849589e+02
3.990000e-06	7.314821e-10	3.348328e-09	4.839545e+00	4.840419e+02
4.000000e-06	7.297807e-10	3.341603e-09	4.828292e+00	4.830928e+02
4.010000e-06	7.280270e-10	3.336920e-09	4.816692e+00	4.821113e+02
4.020000e-06	7.262176e-10	3.331426e-09	4.804729e+00	4.810972e+02
4.030000e-06	7.243584e-10	3.324332e-09	4.792427e+00	4.800503e+02
4.040000e-06	7.224550e-10	3.317398e-09	4.779832e+00	4.789703e+02
4.050000e-06	7.205043e-10	3.309846e-09	4.766935e+00	4.778572e+02
4.060000e-06	7.184976e-10	3.301117e-09	4.753669e+00	4.767110e+02
4.070000e-06	7.164297e-10	3.292150e-09	4.739996e+00	4.755315e+02
4.080000e-06	7.143034e-10	3.283582e-09	4.725941e+00	4.743188e+02
4.090000e-06	7.121272e-10	3.276179e-09	4.711546e+00	4.730728e+02
4.100000e-06	7.099033e-10	3.269785e-09	4.696835e+00	4.717936e+02
4.110000e-06	7.076288e-10	3.263026e-09	4.681796e+00	4.704810e+02
4.120000e-06	7.053032e-10	3.254848e-09	4.666395e+00	4.691349e+02
4.130000e-06	7.029106e-10	3.244942e-09	4.650553e+00	4.677552e+02
4.140000e-06	7.004383e-10	3.234275e-09	4.634203e+00	4.663416e+02
4.150000e-06	6.978882e-10	3.224737e-09	4.617330e+00	4.648940e+02
4.160000e-06	6.952550e-10	3.216366e-09	4.599914e+00	4.634122e+02
4.170000e-06	6.925360e-10	3.207317e-09	4.581938e+00	4.618960e+02
4.180000e-06	6.897377e-10	3.197116e-09	4.563431e+00	4.603456e+02
4.190000e-06	6.868695e-10	3.186473e-09	4.544465e+00	4.587608e+02
4.200000e-06	6.839487e-10	3.175178e-09	4.525156e+00	4.571420e+02
4.210000e-06	6.809848e-10	3.162959e-09	4.505563e+00	4.554896e+02
4.220000e-06	6.779829e-10	3.150204e-09	4.485713e+00	4.538039e+02
4.230000e-06	6.749472e-10	3.137544e-09	4.465633e+00	4.520858e+02
4.240000e-06	6.718785e-10	3.125856e-09	4.445331e+00	4.503358e+02
4.250000e-06	6.687769e-10	3.115409e-09	4.424810e+00	4.485547e+02
4.260000e-06	6.656353e-10	3.104851e-09	4.404027e+00	4.467432e+02
4.270000e-06	6.624470e-10	3.092783e-09	4.382939e+00	4.449020e+02
4.280000e-06	6.592099e-10	3.079132e-09	4.361525e+00	4.430315e+02
4.290000e-06	6.559268e-10	3.064921e-09	4.339808e+00	4.411321e+02
4.300000e-06	6.525982e-10	3.050866e-09	4.317794e+00	4.392038e+02
4.310000e-06	6.492220e-10	3.036889e-09	4.295467e+00	4.372466e+02
4.320000e-06	6.458006e-10	3.022909e-09	4.272843e+00	4.352602e+02
4.330000e-06	6.423401e-10	3.009231e-09	4.249959e+00	4.332440e+02
4.340000e-06	6.388409e-10	2.995661e-09	4.226816e+00	4.311976e+02
4.350000e-06	6.352972e-10	2.981335e-09	4.203378e+00	4.291203e+02
4.360000e-06	6.317057e-10	2.965852e-09	4.179632e+00	4.270117e+02
4.370000e-06	6.280671e-10	2.949653e-09	4.155567e+00	4.248713e+02
4.380000e-06	6.243847e-10	2.933811e-09	4.131203e+00	4.226990e+02
4.390000e-06	6.206615e-10	2.918611e-09	4.106582e+00	4.204949e+02
4.400000e-06	6.169056e-10	2.903709e-09	4.081753e+00	4.182596e+02
4.410000e-06	6.131226e-10	2.888477e-09	4.056737e+00	4.159940e+02
4.420000e-06	6.093137e-10	2.872286e-09	4.031542e+00	4.136994e+02
4.430000e-06	6.054815e-10	2.855493e-09	4.006189e+00	4.113772e+02
4.440000e-06	6.016245e-10	2.838376e-09	3.980673e+00	4.090293e+02
4.450000e-06	5.977355e-10	2.820656e-09	3.954949e+00	4.066577e+02
4.460000e-06	5.938028e-10	2.802716e-09	3.928937e+00	4.042643e+02
4.470000e-06	5.898161e-10	2.785321e-09	3.902564e+00	4.018510e+02
4.480000e-06	5.857707e-10	2.768341e-09	3.875800e+00	3.994193e+02
4.490000e-06	5.816632e-10	2.751384e-09	3.848624e+00	3.969706e+02
4.500000e-06	5.774864e-10	2.734154e-09	3.820993e+00	3.945056e+02
4.510000e-06	5.732360e-10	2.715904e-09	3.792871e+00	3.920246e+02
4.520000e-06	5.689142e-10	2.696684e-09	3.764286e+00	3.895274e+02
4.530000e-06	5.645308e-10	2.677776e-09	3.735304e+00	3.870132e+02
4.540000e-06	5.600929e-10	2.659725e-09	3.705949e+00	3.844808e+02
4.550000e-06	5.556028e-10	2.641855e-09	3.676250e+00	3.819286e+02
4.560000e-06	5.510727e-10	2.623671e-09	3.646287e+00	3.793548e+02
4.570000e-06	5.465121e-10	2.605157e-09	3.616127e+00	3.767575e+02
4.580000e-06	5.419240e-10	2.586329e-09	3.585784e+00	3.741347e+02
4.590000e-06	5.373114e-10	2.567273e-09	3.555269e+00	3.714848e+02
4.600000e-06	5.326741e-10	2.547750e-09	3.524595e+00	3.688064e+02
4.610000e-06	5.280129e-10	2.527504e-09	3.493761e+00	3.660984e+02
4.620000e-06	5.233279e-10	2.507491e-09	3.462768e+00	3.633603e+02
4.630000e-06	5.186157e-10	2.488422e-09	3.431600e+00	3.605919e+02
4.640000e-06	5.138691e-10	2.469372e-09	3.400197e+00	3.577938e+02
4.650000e-06	5.090834e-10	2.449179e-09	3.368528e+00	3.549667e+02
4.660000e-06	5.042599e-10	2.427920e-09	3.336610e+00	3.521117e+02
4.670000e-06	4.993958e-10	2.406299e-09	3.304433e+00	3.492302e+02
4.680000e-06	4.944950e-10	2.384769e-09	3.272014e+00	3.463237e+02
4.690000e-06	4.895621e-10	2.363413e-09	3.239378e+00	3.433934e+02
4.700000e-06	4.845943e-10	2.342369e-09	3.206514e+00	3.404409e+02
4.710000e-06	4.795934e-10	2.321802e-09	3.173425e+00	3.374670e+02
4.720000e-06	4.745576e-10	2.301634e-09	3.140106e+00	3.344726e+02
4.730000e-06	4.694865e-10	2.281236e-09	3.106566e+00	3.314583e+02
4.740000e-06	4.643839e-10	2.259696e-09	3.072819e+00	3.284241e+02
4.750000e-06	4.592454e-10	2.237254e-09	3.038833e+00	3.253699e+02
4.760000e-06	4.540670e-10	2.214995e-09	3.004582e+00	3.222955e+02
4.770000e-06	4.488537e-10	2.193389e-09	2.970098e+00	3.192004e+02
4.780000e-06	4.436082e-10	2.172299e-09	2.935400e+00	3.160839e+02
4.790000e-06	4.383290e-10	2.150934e-09	2.900493e+00	3.129456e+02
4.800000e-06	4.330203e-10	2.128647e-09	2.865398e+00	3.097851e+02
4.810000e-06	4.276853e-10	2.106073e-09	2.830116e+00	3.066020e+02
4.820000e-06	4.223254e-10	2.083520e-09	2.794670e+00	3.033962e+02
4.830000e-06	4.169478e-10	2.060678e-09	2.759106e+00	3.001678e+02
4.840000e-06	4.115561e-10	2.037735e-09	2.723436e+00	2.969169e+02
4.850000e-06	4.061493e-10	2.015121e-09	2.687669e+00	2.936439e+02
4.860000e-06	4.007263e-10	1.992687e-09	2.651795e+00	2.903492e+02
4.870000e-06	3.952848e-10	1.970182e-09	2.615798e+00	2.870330e+02
4.880000e-06	3.898273e-10	1.947476e-09	2.579690e+00	2.836957e+02
4.890000e-06	3.843528e-10	1.924591e-09	2.543469e+00	2.803373e+02
4.900000e-06	3.788567e-10	1.901181e-09	2.507104e+00	2.769578e+02
4.910000e-06	3.733368e-10	1.877457e-09	2.470574e+00	2.735567e+02
4.920000e-06	3.677897e-10	1.854230e-09	2.433862e+00	2.701335e+02
4.930000e-06	3.622129e-10	1.831112e-09	2.396950e+00	2.666874e+02
4.940000e-06	3.566042e-10	1.807170e-09	2.359832e+00	2.632174e+02
4.950000e-06	3.509557e-10	1.782874e-09	2.322460e+00	2.597226e+02
4.960000e-06	3.452604e-10	1.758670e-09	2.284775e+00	2.562018e+02
4.970000e-06	3.395197e-10	1.733815e-09	2.246789e+00	2.526541e+02
4.980000e-06	3.337342e-10	1.708795e-09	2.208516e+00	2.490787e+02
4.990000e-06	3.279055e-10	1.684086e-09	2.169974e+00	2.454748e+02
5.000000e-06	3.220348e-10	1.659266e-09	2.131155e+00	2.418423e+02
5.010000e-06	3.161216e-10	1.634393e-09	2.092038e+00	2.381809e+02
5.020000e-06	3.101680e-10	1.609327e-09	2.052650e+00	2.344911e+02
5.030000e-06	3.041797e-10	1.583680e-09	2.013029e+00	2.307732e+02
5.040000e-06	2.981597e-10	1.557673e-09	1.973205e+00	2.270279e+02
5.050000e-06	2.921082e-10	1.531911e-09	1.933190e+00	2.232563e+02
5.060000e-06	2.860332e-10	1.506251e-09	1.893014e+00	2.194590e+02
5.070000e-06	2.799385e-10	1.480019e-09	1.852693e+00	2.156371e+02
5.080000e-06	2.738239e-10	1.453443e-09	1.812248e+00	2.117913e+02
5.090000e-06	2.676919e-10	1.427354e-09	1.771690e+00	2.079222e+02
5.100000e-06	2.615404e-10	1.401225e-09	1.730999e+00	2.040303e+02
5.110000e-06	2.553705e-10	1.374027e-09	1.690188e+00	2.001156e+02
5.120000e-06	2.491861e-10	1.346564e-09	1.649285e+00	1.961782e+02
5.130000e-06	2.429910e-10	1.319447e-09	1.608313e+00	1.922178e+02
5.140000e-06	2.367879e-10	1.292382e-09	1.567277e+00	1.882341e+02
5.150000e-06	2.305741e-10	1.265344e-09	1.526165e+00	1.842265e+02
5.160000e-06	2.243489e-10	1.238018e-09	1.484984e+00	1.801948e+02
5.170000e-06	2.181136e-10	1.210360e-09	1.443734e+00	1.761384e+02
5.180000e-06	2.118712e-10	1.182284e-09	1.402442e+00	1.720572e+02
5.190000e-06	2.056217e-10	1.153583e-09	1.361104e+00	1.679511e+02
5.200000e-06	1.993624e-10	1.125110e-09	1.319697e+00	1.638203e+02
5.210000e-06	1.930923e-10	1.097175e-09	1.278216e+00	1.596653e+02
5.220000e-06	1.868119e-10	1.069390e-09	1.236663e+00	1.554866e+02
5.230000e-06	1.805257e-10	1.041361e-09	1.195066e+00	1.512852e+02
5.240000e-06	1.742289e-10	1.012601e-09	1.153402e+00	1.470618e+02
5.250000e-06	1.679182e-10	9.836328e-10	1.111650e+00	1.428177e+02
5.260000e-06	1.615964e-10	9.544629e-10	1.069823e+00	1.385537e+02
5.270000e-06	1.552638e-10	9.246072e-10	1.027925e+00	1.342710e+02
5.280000e-06	1.489243e-10	8.943881e-10	9.859764e-01	1.299704e+02
5.290000e-06	1.425723e-10	8.642371e-10	9.439484e-01	1.256528e+02
5.300000e-06	1.362030e-10	8.347843e-10	9.018145e-01	1.213188e+02
5.310000e-06	1.298267e-10	8.058385e-10	8.596270e-01	1.169690e+02
5.320000e-06	1.234444e-10	7.763480e-10	8.174060e-01	1.126039e+02
5.330000e-06	1.170566e-10	7.460876e-10	7.751441e-01	1.082241e+02
5.340000e-06	1.106643e-10	7.156762e-10	7.328345e-01	1.038298e+02
5.350000e-06	1.042633e-10	6.855046e-10	6.904784e-01	9.942164e+01
5.360000e-06	9.785299e-11	6.551512e-10	6.480706e-01	9.500017e+01
5.370000e-06	9.143525e-11	6.244616e-10	6.056074e-01	9.056603e+01
5.380000e-06	8.500963e-11	5.938933e-10	5.630977e-01	8.612001e+01
5.390000e-06	7.857592e-11	5.634190e-10	5.205326e-01	8.166297e+01
5.400000e-06	7.213440e-11	5.328755e-10	4.778988e-01	7.719583e+01
5.410000e-06	6.568186e-11	5.024638e-10	4.352010e-01	7.271953e+01
5.420000e-06	5.922335e-11	4.721304e-10	3.924690e-01	6.823495e+01
5.430000e-06	5.276200e-11	4.410783e-10	3.497091e-01	6.374285e+01
5.440000e-06	4.629626e-11	4.094350e-10	3.069284e-01	5.924383e+01
5.450000e-06	3.982967e-11	3.785762e-10	2.641506e-01	5.473823e+01
5.460000e-06	3.335945e-11	3.484046e-10	2.213418e-01	5.022616e+01
5.470000e-06	2.688441e-11	3.179682e-10	1.785011e-01	4.570746e+01
5.480000e-06	2.041295e-11	2.870897e-10	1.356848e-01	4.118171e+01
5.490000e-06	1.394437e-11	2.560096e-10	9.288330e-02	3.664832e+01
5.500000e-06	7.475306e-12	2.251703e-10	5.007815e-02	3.210658e+01
5.510000e-06	1.005342e-12	1.942468e-10	7.256302e-03	2.755577e+01
5.520000e-06	-5.468960e-12	1.630090e-10	-3.559869e-02	2.299524e+01
5.530000e-06	-1.194319e-11	1.318203e-10	-7.844539e-02	1.842458e+01
5.540000e-06	-1.841329e-11	1.008612e-10	-1.212668e-01	1.384363e+01
5.550000e-06	-2.488616e-11	6.979976e-11	-1.641074e-01	9.252627e+00
5.560000e-06	-3.135908e-11	3.823806e-11	-2.069459e-01	4.652226e+00
5.570000e-06	-3.782551e-11	6.541908e-12	-2.497464e-01	4.350808e-02
5.580000e-06	-4.428760e-11	-2.515965e-11	-2.925174e-01	-4.572046e+00
5.590000e-06	-5.074300e-11	-5.718333e-11	-3.352422e-01	-9.192624e+00
5.600000e-06	-5.719202e-11	-8.891543e-11	-3.779256e-01	-1.381618e+01
5.610000e-06	-6.363783e-11	-1.201588e-10	-4.205863e-01	-1.844057e+01
5.620000e-06	-7.007662e-11	-1.515984e-10	-4.632006e-01	-2.306368e+01
5.630000e-06	-7.650700e-11	-1.834148e-10	-5.057551e-01	-2.768359e+01
5.640000e-06	-8.293098e-11	-2.153532e-10	-5.482626e-01	-3.229869e+01
5.650000e-06	-8.934888e-11	-2.470965e-10	-5.907241e-01	-3.690776e+01
5.660000e-06	-9.575976e-11	-2.785062e-10	-6.331346e-01	-4.151010e+01
5.670000e-06	-1.021617e-10	-3.095093e-10	-6.754966e-01	-4.610549e+01
5.680000e-06	-1.085552e-10	-3.402180e-10	-7.178130e-01	-5.069422e+01
5.690000e-06	-1.149412e-10	-3.709483e-10	-7.600784e-01	-5.527697e+01
5.700000e-06	-1.213181e-10	-4.019517e-10	-8.022755e-01	-5.985472e+01
5.710000e-06	-1.276864e-10	-4.333368e-10	-8.444115e-01	-6.442861e+01
5.720000e-06	-1.340433e-10	-4.650799e-10	-8.864776e-01	-6.899979e+01
5.730000e-06	-1.403872e-10	-4.966523e-10	-9.284595e-01	-7.356918e+01
5.740000e-06	-1.467228e-10	-5.275214e-10	-9.703891e-01	-7.813743e+01
5.750000e-06	-1.530489e-10	-5.583237e-10	-1.012259e+00	-8.270466e+01
5.760000e-06	-1.593627e-10	-5.897405e-10	-1.054044e+00	-8.727048e+01
5.770000e-06	-1.656663e-10	-6.213136e-10	-1.095753e+00	-9.183390e+01
5.780000e-06	-1.719595e-10	-6.525630e-10	-1.137386e+00	-9.639331e+01
5.790000e-06	-1.782451e-10	-6.835434e-10	-1.178964e+00	-1.009466e+02
5.800000e-06	-1.845228e-10	-7.144272e-10	-1.220492e+00	-1.054913e+02
5.810000e-06	-1.907892e-10	-7.452717e-10	-1.261943e+00	-1.100245e+02
5.820000e-06	-1.970450e-10	-7.762706e-10	-1.303327e+00	-1.145435e+02
5.830000e-06	-2.032930e-10	-8.072776e-10	-1.344664e+00	-1.190455e+02
5.840000e-06	-2.095350e-10	-8.379793e-10	-1.385957e+00	-1.235280e+02
5.850000e-06	-2.157690e-10	-8.684936e-10	-1.427193e+00	-1.279888e+02
5.860000e-06	-2.219926e-10	-8.990850e-10	-1.468363e+00	-1.324266e+02
5.870000e-06	-2.282035e-10	-9.297214e-10	-1.509453e+00	-1.368403e+02
5.880000e-06	-2.344040e-10	-9.596204e-10	-1.550471e+00	-1.412297e+02
5.890000e-06	-2.405951e-10	-9.887196e-10	-1.591438e+00	-1.455950e+02
5.900000e-06	-2.467721e-10	-1.017869e-09	-1.632321e+00	-1.499370e+02
5.910000e-06	-2.529360e-10	-1.047495e-09	-1.673106e+00	-1.542567e+02
5.920000e-06	-2.590877e-10	-1.077510e-09	-1.713808e+00	-1.585555e+02
5.930000e-06	-2.652249e-10	-1.107281e-09	-1.754413e+00	-1.628344e+02
5.940000e-06	-2.713440e-10	-1.136356e-09	-1.794897e+00	-1.670948e+02
5.950000e-06	-2.774412e-10	-1.165280e-09	-1.835240e+00	-1.713372e+02
5.960000e-06	-2.835164e-10	-1.194705e-09	-1.875434e+00	-1.755622e+02
5.970000e-06	-2.895686e-10	-1.224130e-09	-1.915464e+00	-1.797694e+02
5.980000e-06	-2.955938e-10	-1.252553e-09	-1.955311e+00	-1.839583e+02
5.990000e-06	-3.015847e-10	-1.279889e-09	-1.994940e+00	-1.881276e+02
6.000000e-06	-3.075373e-10	-1.307282e-09	-2.034336e+00	-1.922759e+02
6.010000e-06	-3.134528e-10	-1.335491e-09	-2.073486e+00	-1.964012e+02
6.020000e-06	-3.193289e-10	-1.364059e-09	-2.112354e+00	-2.005015e+02
6.030000e-06	-3.251617e-10	-1.392190e-09	-2.150942e+00	-2.045750e+02
6.040000e-06	-3.309528e-10	-1.419581e-09	-2.189263e+00	-2.086197e+02
6.050000e-06	-3.367006e-10	-1.446600e-09	-2.227294e+00	-2.126343e+02
6.060000e-06	-3.424071e-10	-1.473744e-09	-2.265061e+00	-2.166176e+02
6.070000e-06	-3.480755e-10	-1.501066e-09	-2.302582e+00	-2.205691e+02
6.080000e-06	-3.537027e-10	-1.527867e-09	-2.339827e+00	-2.244888e+02
6.090000e-06	-3.592908e-10	-1.554135e-09	-2.376808e+00	-2.283772e+02
6.100000e-06	-3.648472e-10	-1.580546e-09	-2.413572e+00	-2.322349e+02
6.110000e-06	-3.703757e-10	-1.607203e-09	-2.450142e+00	-2.360632e+02
6.120000e-06	-3.758792e-10	-1.633755e-09	-2.486554e+00	-2.398634e+02
6.130000e-06	-3.813571e-10	-1.659494e-09	-2.522807e+00	-2.436367e+02
6.140000e-06	-3.868122e-10	-1.684508e-09	-2.558903e+00	-2.473843e+02
6.150000e-06	-3.922517e-10	-1.709810e-09	-2.594890e+00	-2.511070e+02
6.160000e-06	-3.976768e-10	-1.735627e-09	-2.630779e+00	-2.548055e+02
6.170000e-06	-4.030902e-10	-1.761021e-09	-2.666588e+00	-2.584798e+02
6.180000e-06	-4.084910e-10	-1.785581e-09	-2.702316e+00	-2.621295e+02
6.190000e-06	-4.138775e-10	-1.810165e-09	-2.737948e+00	-2.657540e+02
6.200000e-06	-4.192472e-10	-1.835350e-09	-2.773470e+00	-2.693521e+02
6.210000e-06	-4.245942e-10	-1.860540e-09	-2.808847e+00	-2.729225e+02
6.220000e-06	-4.299150e-10	-1.884912e-09	-2.844047e+00	-2.764638e+02
6.230000e-06	-4.352068e-10	-1.908528e-09	-2.879051e+00	-2.799747e+02
6.240000e-06	-4.404676e-10	-1.931971e-09	-2.913853e+00	-2.834537e+02
6.250000e-06	-4.456917e-10	-1.955692e-09	-2.948415e+00	-2.869001e+02
6.260000e-06	-4.508786e-10	-1.979458e-09	-2.982733e+00	-2.903131e+02
6.270000e-06	-4.560285e-10	-2.002652e-09	-3.016811e+00	-2.936926e+02
6.280000e-06	-4.611421e-10	-2.025385e-09	-3.050644e+00	-2.970388e+02
6.290000e-06	-4.662227e-10	-2.048257e-09	-3.084259e+00	-3.003524e+02
6.300000e-06	-4.712681e-10	-2.071609e-09	-3.117646e+00	-3.036345e+02
6.310000e-06	-4.762815e-10	-2.095129e-09	-3.150818e+00	-3.068864e+02
6.320000e-06	-4.812646e-10	-2.118244e-09	-3.183781e+00	-3.101094e+02
6.330000e-06	-4.862136e-10	-2.140636e-09	-3.216516e+00	-3.133053e+02
6.340000e-06	-4.911285e-10	-2.162386e-09	-3.249033e+00	-3.164754e+02
6.350000e-06	-4.960079e-10	-2.184137e-09	-3.281324e+00	-3.196210e+02
6.360000e-06	-5.008494e-10	-2.206043e-09	-3.313361e+00	-3.227433e+02
6.370000e-06	-5.056510e-10	-2.227675e-09	-3.345127e+00	-3.258429e+02
6.380000e-06	-5.104142e-10	-2.249332e-09	-3.376638e+00	-3.289205e+02
6.390000e-06	-5.151441e-10	-2.271221e-09	-3.407927e+00	-3.319761e+02
6.400000e-06	-5.198413e-10	-2.293327e-09	-3.438999e+00	-3.350097e+02
6.410000e-06	-5.245092e-10	-2.315439e-09	-3.469883e+00	-3.380210e+02
6.420000e-06	-5.291549e-10	-2.336612e-09	-3.500625e+00	-3.410097e+02
6.430000e-06	-5.337795e-10	-2.356793e-09	-3.531226e+00	-3.439753e+02
6.440000e-06	-5.383814e-10	-2.376858e-09	-3.561671e+00	-3.469175e+02
6.450000e-06	-5.429590e-10	-2.397667e-09	-3.591953e+00	-3.498359e+02
6.460000e-06	-5.475083e-10	-2.419444e-09	-3.622045e+00	-3.527304e+02
6.470000e-06	-5.520243e-10	-2.440905e-09	-3.651914e+00	-3.556011e+02
6.480000e-06	-5.565018e-10	-2.461422e-09	-3.681528e+00	-3.584479e+02
6.490000e-06	-5.609314e-10	-2.481565e-09	-3.710828e+00	-3.612711e+02
6.500000e-06	-5.653051e-10	-2.501634e-09	-3.739771e+00	-3.640711e+02
6.510000e-06	-5.696211e-10	-2.521843e-09	-3.768327e+00	-3.668479e+02
6.520000e-06	-5.738734e-10	-2.541985e-09	-3.796449e+00	-3.696018e+02
6.530000e-06	-5.780546e-10	-2.561787e-09	-3.824110e+00	-3.723328e+02
6.540000e-06	-5.821633e-10	-2.581533e-09	-3.851304e+00	-3.750406e+02
6.550000e-06	-5.862063e-10	-2.601477e-09	-3.878059e+00	-3.777248e+02
6.560000e-06	-5.901917e-10	-2.621402e-09	-3.904441e+00	-3.803848e+02
6.570000e-06	-5.941279e-10	-2.641007e-09	-3.930490e+00	-3.830197e+02
6.580000e-06	-5.980221e-10	-2.660203e-09	-3.956245e+00	-3.856285e+02
6.590000e-06	-6.018829e-10	-2.679050e-09	-3.981785e+00	-3.882101e+02
6.600000e-06	-6.057159e-10	-2.697781e-09	-4.007147e+00	-3.907632e+02
6.610000e-06	-6.095244e-10	-2.716355e-09	-4.032340e+00	-3.932870e+02
6.620000e-06	-6.133098e-10	-2.734805e-09	-4.057376e+00	-3.957804e+02
6.630000e-06	-6.170672e-10	-2.753283e-09	-4.082232e+00	-3.982431e+02
6.640000e-06	-6.207888e-10	-2.771594e-09	-4.106857e+00	-4.006746e+02
6.650000e-06	-6.244711e-10	-2.789660e-09	-4.131219e+00	-4.030751e+02
6.660000e-06	-6.281081e-10	-2.807407e-09	-4.155276e+00	-4.054450e+02
6.670000e-06	-6.316938e-10	-2.824356e-09	-4.179001e+00	-4.077850e+02
6.680000e-06	-6.352313e-10	-2.840470e-09	-4.202417e+00	-4.100963e+02
6.690000e-06	-6.387282e-10	-2.856770e-09	-4.225555e+00	-4.123801e+02
6.700000e-06	-6.421870e-10	-2.873681e-09	-4.248442e+00	-4.146377e+02
6.710000e-06	-6.456048e-10	-2.890545e-09	-4.271059e+00	-4.168704e+02
6.720000e-06	-6.489828e-10	-2.906613e-09	-4.293408e+00	-4.190794e+02
6.730000e-06	-6.523210e-10	-2.922303e-09	-4.315487e+00	-4.212656e+02
6.740000e-06	-6.556120e-10	-2.938349e-09	-4.337263e+00	-4.234298e+02
6.750000e-06	-6.588573e-10	-2.954085e-09	-4.358744e+00	-4.255721e+02
6.760000e-06	-6.620601e-10	-2.969194e-09	-4.379932e+00	-4.276926e+02
6.770000e-06	-6.652185e-10	-2.984082e-09	-4.400819e+00	-4.297907e+02
6.780000e-06	-6.683346e-10	-2.999254e-09	-4.421427e+00	-4.318658e+02
6.790000e-06	-6.714091e-10	-3.014812e-09	-4.441766e+00	-4.339167e+02
6.800000e-06	-6.744498e-10	-3.030028e-09	-4.461880e+00	-4.359423e+02
6.810000e-06	-6.774572e-10	-3.044459e-09	-4.481775e+00	-4.379415e+02
6.820000e-06	-6.804272e-10	-3.058100e-09	-4.501422e+00	-4.399130e+02
6.830000e-06	-6.833535e-10	-3.071151e-09	-4.520762e+00	-4.418558e+02
6.840000e-06	-6.862242e-10	-3.084471e-09	-4.539742e+00	-4.437692e+02
6.850000e-06	-6.890257e-10	-3.098545e-09	-4.558288e+00	-4.456528e+02
6.860000e-06	-6.917494e-10	-3.112659e-09	-4.576319e+00	-4.475065e+02
6.870000e-06	-6.943946e-10	-3.125856e-09	-4.593831e+00	-4.493305e+02
6.880000e-06	-6.969556e-10	-3.138613e-09	-4.610785e+00	-4.511252e+02
6.890000e-06	-6.994356e-10	-3.151746e-09	-4.627203e+00	-4.528915e+02
6.900000e-06	-7.018446e-10	-3.164677e-09	-4.643155e+00	-4.546301e+02
6.910000e-06	-7.041930e-10	-3.176648e-09	-4.658703e+00	-4.563420e+02
6.920000e-06	-7.064902e-10	-3.187955e-09	-4.673912e+00	-4.580280e+02
6.930000e-06	-7.087403e-10	-3.199331e-09	-4.688802e+00	-4.596885e+02
6.940000e-06	-7.109447e-10	-3.211269e-09	-4.703389e+00	-4.613240e+02
6.950000e-06	-7.130969e-10	-3.223456e-09	-4.717638e+00	-4.629341e+02
6.960000e-06	-7.151958e-10	-3.234983e-09	-4.731532e+00	-4.645184e+02
6.970000e-06	-7.172433e-10	-3.245840e-09	-4.745080e+00	-4.660757e+02
6.980000e-06	-7.192385e-10	-3.256376e-09	-4.758281e+00	-4.676047e+02
6.990000e-06	-7.211827e-10	-3.266773e-09	-4.771149e+00	-4.691033e+02
7.000000e-06	-7.230779e-10	-3.277430e-09	-4.783689e+00	-4.705695e+02
7.010000e-06	-7.249280e-10	-3.288094e-09	-4.795921e+00	-4.720007e+02
7.020000e-06	-7.267313e-10	-3.298210e-09	-4.807856e+00	-4.733945e+02
7.030000e-06	-7.284864e-10	-3.308060e-09	-4.819470e+00	-4.747483e+02
7.040000e-06	-7.301908e-10	-3.318069e-09	-4.830742e+00	-4.760600e+02
7.050000e-06	-7.318419e-10	-3.327827e-09	-4.841679e+00	-4.773274e+02
7.060000e-06	-7.334408e-10	-3.336770e-09	-4.852267e+00	-4.785489e+02
7.070000e-06	-7.349880e-10	-3.345019e-09	-4.862510e+00	-4.797235e+02
7.080000e-06	-7.364893e-10	-3.352870e-09	-4.872456e+00	-4.808504e+02
7.090000e-06	-7.379537e-10	-3.360733e-09	-4.882159e+00	-4.819296e+02
7.100000e-06	-7.393885e-10	-3.368579e-09	-4.891657e+00	-4.829615e+02
7.110000e-06	-7.407948e-10	-3.375167e-09	-4.900958e+00	-4.839469e+02
7.120000e-06	-7.421627e-10	-3.379165e-09	-4.910009e+00	-4.848872e+02
7.130000e-06	-7.434711e-10	-3.382007e-09	-4.918665e+00	-4.857838e+02
7.140000e-06	-7.447058e-10	-3.386615e-09	-4.926830e+00	-4.866385e+02
7.150000e-06	-7.458741e-10	-3.392575e-09	-4.934561e+00	-4.874531e+02
7.160000e-06	-7.469799e-10	-3.397778e-09	-4.941887e+00	-4.882295e+02
7.170000e-06	-7.480076e-10	-3.402769e-09	-4.948703e+00	-4.889694e+02
7.180000e-06	-7.489489e-10	-3.407852e-09	-4.954937e+00	-4.896741e+02
7.190000e-06	-7.498132e-10	-3.411998e-09	-4.960645e+00	-4.903450e+02
7.200000e-06	-7.506150e-10	-3.416120e-09	-4.965939e+00	-4.909829e+02
7.210000e-06	-7.513611e-10	-3.420217e-09	-4.970871e+00	-4.915883e+02
7.220000e-06	-7.520493e-10	-3.422859e-09	-4.975433e+00	-4.921615e+02
7.230000e-06	-7.526885e-10	-3.425397e-09	-4.979673e+00	-4.927026e+02
7.240000e-06	-7.532929e-10	-3.429730e-09	-4.983679e+00	-4.932111e+02
7.250000e-06	-7.538742e-10	-3.435460e-09	-4.987526e+00	-4.936867e+02
7.260000e-06	-7.544375e-10	-3.439598e-09	-4.991259e+00	-4.941289e+02
7.270000e-06	-7.549685e-10	-3.438643e-09	-4.994786e+00	-4.945372e+02
7.280000e-06	-7.554420e-10	-3.435827e-09	-4.997913e+00	-4.949109e+02
7.290000e-06	-7.558474e-10	-3.437594e-09	-5.000581e+00	-4.952497e+02
7.300000e-06	-7.561909e-10	-3.440126e-09	-5.002856e+00	-4.955534e+02
7.310000e-06	-7.564762e-10	-3.438710e-09	-5.004760e+00	-4.958218e+02
7.320000e-06	-7.567050e-10	-3.440890e-09	-5.006297e+00	-4.960550e+02
7.330000e-06	-7.568688e-10	-3.447574e-09	-5.007408e+00	-4.962533e+02
7.340000e-06	-7.569586e-10	-3.448892e-09	-5.008010e+00	-4.964170e+02
7.350000e-06	-7.570209e-10	-3.449236e-09	-5.008412e+00	-4.965468e+02
