# Concentracion g/m^3_=_53300.0
# C_Vs_to_Am_M_A/Vsm_=_128687336408.14134
# pendiente_HvsI_1/m_=_3716.3
# ordenada_HvsI_A/m_=_1297.0
# frecuencia_Hz_=_136002.93074711226
# Promedio de 33 ciclos

Tiempo_(s)	Campo_(V.s)	Magnetizacion_(V.s)	Campo_(kA/m)	Magnetizacion_(A/m)
0.000000e+00	-3.436438e-09	-1.290197e-08	-1.984098e+01	-1.655230e+03
1.000000e-08	-3.436408e-09	-1.290082e-08	-1.984081e+01	-1.655131e+03
2.000000e-08	-3.436198e-09	-1.289882e-08	-1.983959e+01	-1.654940e+03
3.000000e-08	-3.435715e-09	-1.289555e-08	-1.983680e+01	-1.654660e+03
4.000000e-08	-3.434836e-09	-1.288940e-08	-1.983173e+01	-1.654296e+03
5.000000e-08	-3.433527e-09	-1.288256e-08	-1.982417e+01	-1.653851e+03
6.000000e-08	-3.431928e-09	-1.288107e-08	-1.981494e+01	-1.653328e+03
7.000000e-08	-3.430195e-09	-1.288471e-08	-1.980494e+01	-1.652731e+03
8.000000e-08	-3.428329e-09	-1.288065e-08	-1.979416e+01	-1.652060e+03
9.000000e-08	-3.426290e-09	-1.286001e-08	-1.978239e+01	-1.651318e+03
1.000000e-07	-3.424032e-09	-1.285280e-08	-1.976935e+01	-1.650503e+03
1.100000e-07	-3.421527e-09	-1.286118e-08	-1.975489e+01	-1.649617e+03
1.200000e-07	-3.418777e-09	-1.284539e-08	-1.973901e+01	-1.648656e+03
1.300000e-07	-3.415764e-09	-1.282332e-08	-1.972162e+01	-1.647621e+03
1.400000e-07	-3.412435e-09	-1.282394e-08	-1.970239e+01	-1.646508e+03
1.500000e-07	-3.408725e-09	-1.282121e-08	-1.968097e+01	-1.645316e+03
1.600000e-07	-3.404663e-09	-1.280614e-08	-1.965752e+01	-1.644042e+03
1.700000e-07	-3.400412e-09	-1.279617e-08	-1.963298e+01	-1.642684e+03
1.800000e-07	-3.396073e-09	-1.278020e-08	-1.960792e+01	-1.641240e+03
1.900000e-07	-3.391509e-09	-1.276703e-08	-1.958157e+01	-1.639710e+03
2.000000e-07	-3.386551e-09	-1.276287e-08	-1.955295e+01	-1.638093e+03
2.100000e-07	-3.381207e-09	-1.274473e-08	-1.952209e+01	-1.636388e+03
2.200000e-07	-3.375620e-09	-1.271500e-08	-1.948984e+01	-1.634596e+03
2.300000e-07	-3.369840e-09	-1.270369e-08	-1.945646e+01	-1.632718e+03
2.400000e-07	-3.363757e-09	-1.270676e-08	-1.942134e+01	-1.630755e+03
2.500000e-07	-3.357298e-09	-1.269248e-08	-1.938405e+01	-1.628708e+03
2.600000e-07	-3.350570e-09	-1.266002e-08	-1.934521e+01	-1.626580e+03
2.700000e-07	-3.343665e-09	-1.263495e-08	-1.930534e+01	-1.624372e+03
2.800000e-07	-3.336529e-09	-1.262765e-08	-1.926413e+01	-1.622085e+03
2.900000e-07	-3.329101e-09	-1.261352e-08	-1.922125e+01	-1.619720e+03
3.000000e-07	-3.321416e-09	-1.258213e-08	-1.917688e+01	-1.617278e+03
3.100000e-07	-3.313550e-09	-1.255678e-08	-1.913146e+01	-1.614757e+03
3.200000e-07	-3.305520e-09	-1.254879e-08	-1.908510e+01	-1.612158e+03
3.300000e-07	-3.297295e-09	-1.253497e-08	-1.903761e+01	-1.609479e+03
3.400000e-07	-3.288851e-09	-1.250429e-08	-1.898886e+01	-1.606718e+03
3.500000e-07	-3.280168e-09	-1.247256e-08	-1.893872e+01	-1.603873e+03
3.600000e-07	-3.271220e-09	-1.245091e-08	-1.888706e+01	-1.600941e+03
3.700000e-07	-3.262016e-09	-1.243101e-08	-1.883392e+01	-1.597919e+03
3.800000e-07	-3.252602e-09	-1.240528e-08	-1.877957e+01	-1.594807e+03
3.900000e-07	-3.243023e-09	-1.237926e-08	-1.872426e+01	-1.591600e+03
4.000000e-07	-3.233291e-09	-1.235747e-08	-1.866807e+01	-1.588299e+03
4.100000e-07	-3.223363e-09	-1.233286e-08	-1.861075e+01	-1.584903e+03
4.200000e-07	-3.213141e-09	-1.230167e-08	-1.855173e+01	-1.581411e+03
4.300000e-07	-3.202545e-09	-1.227030e-08	-1.849055e+01	-1.577823e+03
4.400000e-07	-3.191597e-09	-1.224042e-08	-1.842734e+01	-1.574142e+03
4.500000e-07	-3.180409e-09	-1.220854e-08	-1.836274e+01	-1.570370e+03
4.600000e-07	-3.169047e-09	-1.217835e-08	-1.829714e+01	-1.566507e+03
4.700000e-07	-3.157493e-09	-1.215269e-08	-1.823043e+01	-1.562557e+03
4.800000e-07	-3.145716e-09	-1.212299e-08	-1.816243e+01	-1.558523e+03
4.900000e-07	-3.133723e-09	-1.208553e-08	-1.809319e+01	-1.554406e+03
5.000000e-07	-3.121518e-09	-1.204942e-08	-1.802273e+01	-1.550208e+03
5.100000e-07	-3.109091e-09	-1.201785e-08	-1.795098e+01	-1.545930e+03
5.200000e-07	-3.096455e-09	-1.198207e-08	-1.787802e+01	-1.541573e+03
5.300000e-07	-3.083656e-09	-1.194247e-08	-1.780412e+01	-1.537137e+03
5.400000e-07	-3.070713e-09	-1.190936e-08	-1.772939e+01	-1.532621e+03
5.500000e-07	-3.057562e-09	-1.187994e-08	-1.765346e+01	-1.528024e+03
5.600000e-07	-3.044117e-09	-1.184231e-08	-1.757584e+01	-1.523342e+03
5.700000e-07	-3.030343e-09	-1.179998e-08	-1.749631e+01	-1.518576e+03
5.800000e-07	-3.016268e-09	-1.176186e-08	-1.741504e+01	-1.513721e+03
5.900000e-07	-3.001962e-09	-1.172322e-08	-1.733244e+01	-1.508775e+03
6.000000e-07	-2.987479e-09	-1.167929e-08	-1.724882e+01	-1.503737e+03
6.100000e-07	-2.972811e-09	-1.163781e-08	-1.716414e+01	-1.498604e+03
6.200000e-07	-2.957922e-09	-1.160079e-08	-1.707817e+01	-1.493376e+03
6.300000e-07	-2.942817e-09	-1.156047e-08	-1.699096e+01	-1.488052e+03
6.400000e-07	-2.927509e-09	-1.151624e-08	-1.690258e+01	-1.482632e+03
6.500000e-07	-2.911989e-09	-1.147316e-08	-1.681297e+01	-1.477116e+03
6.600000e-07	-2.896273e-09	-1.142835e-08	-1.672223e+01	-1.471505e+03
6.700000e-07	-2.880388e-09	-1.137951e-08	-1.663051e+01	-1.465800e+03
6.800000e-07	-2.864352e-09	-1.133224e-08	-1.653792e+01	-1.460001e+03
6.900000e-07	-2.848161e-09	-1.128800e-08	-1.644444e+01	-1.454111e+03
7.000000e-07	-2.831768e-09	-1.124193e-08	-1.634979e+01	-1.448129e+03
7.100000e-07	-2.815100e-09	-1.119396e-08	-1.625356e+01	-1.442056e+03
7.200000e-07	-2.798114e-09	-1.114698e-08	-1.615548e+01	-1.435890e+03
7.300000e-07	-2.780828e-09	-1.109828e-08	-1.605568e+01	-1.429633e+03
7.400000e-07	-2.763310e-09	-1.104565e-08	-1.595454e+01	-1.423282e+03
7.500000e-07	-2.745628e-09	-1.099312e-08	-1.585245e+01	-1.416836e+03
7.600000e-07	-2.727804e-09	-1.094268e-08	-1.574954e+01	-1.410293e+03
7.700000e-07	-2.709814e-09	-1.089134e-08	-1.564567e+01	-1.403651e+03
7.800000e-07	-2.691636e-09	-1.083876e-08	-1.554071e+01	-1.396908e+03
7.900000e-07	-2.673272e-09	-1.078644e-08	-1.543469e+01	-1.390063e+03
8.000000e-07	-2.654720e-09	-1.073184e-08	-1.532757e+01	-1.383115e+03
8.100000e-07	-2.635967e-09	-1.067418e-08	-1.521930e+01	-1.376063e+03
8.200000e-07	-2.617018e-09	-1.061687e-08	-1.510989e+01	-1.368907e+03
8.300000e-07	-2.597908e-09	-1.055980e-08	-1.499956e+01	-1.361648e+03
8.400000e-07	-2.578671e-09	-1.050145e-08	-1.488849e+01	-1.354287e+03
8.500000e-07	-2.559285e-09	-1.044357e-08	-1.477656e+01	-1.346825e+03
8.600000e-07	-2.539684e-09	-1.038621e-08	-1.466339e+01	-1.339264e+03
8.700000e-07	-2.519809e-09	-1.032604e-08	-1.454863e+01	-1.331606e+03
8.800000e-07	-2.499627e-09	-1.026331e-08	-1.443211e+01	-1.323851e+03
8.900000e-07	-2.479150e-09	-1.020010e-08	-1.431388e+01	-1.316000e+03
9.000000e-07	-2.458442e-09	-1.013610e-08	-1.419432e+01	-1.308055e+03
9.100000e-07	-2.437562e-09	-1.007164e-08	-1.407376e+01	-1.300013e+03
9.200000e-07	-2.416515e-09	-1.000869e-08	-1.395224e+01	-1.291873e+03
9.300000e-07	-2.395287e-09	-9.945738e-09	-1.382968e+01	-1.283634e+03
9.400000e-07	-2.373888e-09	-9.880140e-09	-1.370613e+01	-1.275293e+03
9.500000e-07	-2.352338e-09	-9.812737e-09	-1.358171e+01	-1.266845e+03
9.600000e-07	-2.330642e-09	-9.744501e-09	-1.345644e+01	-1.258288e+03
9.700000e-07	-2.308781e-09	-9.674827e-09	-1.333022e+01	-1.249617e+03
9.800000e-07	-2.286735e-09	-9.604907e-09	-1.320293e+01	-1.240829e+03
9.900000e-07	-2.264512e-09	-9.536029e-09	-1.307462e+01	-1.231921e+03
1.000000e-06	-2.242161e-09	-9.466514e-09	-1.294558e+01	-1.222892e+03
1.010000e-06	-2.219718e-09	-9.395267e-09	-1.281600e+01	-1.213739e+03
1.020000e-06	-2.197183e-09	-9.323290e-09	-1.268588e+01	-1.204463e+03
1.030000e-06	-2.174515e-09	-9.249380e-09	-1.255501e+01	-1.195065e+03
1.040000e-06	-2.151651e-09	-9.173016e-09	-1.242300e+01	-1.185548e+03
1.050000e-06	-2.128547e-09	-9.097175e-09	-1.228960e+01	-1.175914e+03
1.060000e-06	-2.105188e-09	-9.022472e-09	-1.215474e+01	-1.166169e+03
1.070000e-06	-2.081589e-09	-8.947435e-09	-1.201848e+01	-1.156315e+03
1.080000e-06	-2.057793e-09	-8.871919e-09	-1.188109e+01	-1.146360e+03
1.090000e-06	-2.033861e-09	-8.794621e-09	-1.174291e+01	-1.136305e+03
1.100000e-06	-2.009841e-09	-8.714380e-09	-1.160423e+01	-1.126157e+03
1.110000e-06	-1.985743e-09	-8.633654e-09	-1.146510e+01	-1.115918e+03
1.120000e-06	-1.961539e-09	-8.553727e-09	-1.132535e+01	-1.105591e+03
1.130000e-06	-1.937197e-09	-8.473119e-09	-1.118480e+01	-1.095176e+03
1.140000e-06	-1.912700e-09	-8.391766e-09	-1.104336e+01	-1.084674e+03
1.150000e-06	-1.888056e-09	-8.311055e-09	-1.090108e+01	-1.074082e+03
1.160000e-06	-1.863290e-09	-8.230088e-09	-1.075809e+01	-1.063399e+03
1.170000e-06	-1.838418e-09	-8.147139e-09	-1.061448e+01	-1.052619e+03
1.180000e-06	-1.813425e-09	-8.062073e-09	-1.047018e+01	-1.041739e+03
1.190000e-06	-1.788289e-09	-7.975715e-09	-1.032505e+01	-1.030752e+03
1.200000e-06	-1.763005e-09	-7.888919e-09	-1.017907e+01	-1.019653e+03
1.210000e-06	-1.737587e-09	-7.801903e-09	-1.003232e+01	-1.008436e+03
1.220000e-06	-1.712061e-09	-7.714097e-09	-9.884934e+00	-9.970943e+02
1.230000e-06	-1.686457e-09	-7.625355e-09	-9.737102e+00	-9.856226e+02
1.240000e-06	-1.660789e-09	-7.535750e-09	-9.588902e+00	-9.740159e+02
1.250000e-06	-1.635054e-09	-7.444821e-09	-9.440317e+00	-9.622698e+02
1.260000e-06	-1.609236e-09	-7.351910e-09	-9.291251e+00	-9.503811e+02
1.270000e-06	-1.583304e-09	-7.257175e-09	-9.141529e+00	-9.383470e+02
1.280000e-06	-1.557225e-09	-7.161533e-09	-8.990957e+00	-9.261662e+02
1.290000e-06	-1.530967e-09	-7.065045e-09	-8.839348e+00	-9.138378e+02
1.300000e-06	-1.504515e-09	-6.967470e-09	-8.686623e+00	-9.013622e+02
1.310000e-06	-1.477869e-09	-6.869041e-09	-8.532779e+00	-8.887405e+02
1.320000e-06	-1.451043e-09	-6.769245e-09	-8.377893e+00	-8.759744e+02
1.330000e-06	-1.424078e-09	-6.667566e-09	-8.222203e+00	-8.630664e+02
1.340000e-06	-1.397013e-09	-6.564805e-09	-8.065939e+00	-8.500195e+02
1.350000e-06	-1.369874e-09	-6.461966e-09	-7.909244e+00	-8.368373e+02
1.360000e-06	-1.342681e-09	-6.359148e-09	-7.752244e+00	-8.235236e+02
1.370000e-06	-1.315452e-09	-6.255944e-09	-7.595031e+00	-8.100823e+02
1.380000e-06	-1.288186e-09	-6.151790e-09	-7.437605e+00	-7.965175e+02
1.390000e-06	-1.260870e-09	-6.046184e-09	-7.279888e+00	-7.828333e+02
1.400000e-06	-1.233491e-09	-5.939559e-09	-7.121811e+00	-7.690336e+02
1.410000e-06	-1.206025e-09	-5.831577e-09	-6.963231e+00	-7.551216e+02
1.420000e-06	-1.178452e-09	-5.721732e-09	-6.804032e+00	-7.411004e+02
1.430000e-06	-1.150772e-09	-5.611107e-09	-6.644217e+00	-7.269720e+02
1.440000e-06	-1.122992e-09	-5.501396e-09	-6.483823e+00	-7.127378e+02
1.450000e-06	-1.095124e-09	-5.392409e-09	-6.322921e+00	-6.983981e+02
1.460000e-06	-1.067184e-09	-5.282244e-09	-6.161601e+00	-6.839520e+02
1.470000e-06	-1.039177e-09	-5.169817e-09	-5.999896e+00	-6.693975e+02
1.480000e-06	-1.011102e-09	-5.055492e-09	-5.837805e+00	-6.547312e+02
1.490000e-06	-9.829643e-10	-4.939850e-09	-5.675344e+00	-6.399487e+02
1.500000e-06	-9.547641e-10	-4.823539e-09	-5.512524e+00	-6.250444e+02
1.510000e-06	-9.264907e-10	-4.706406e-09	-5.349282e+00	-6.100118e+02
1.520000e-06	-8.981263e-10	-4.587973e-09	-5.185514e+00	-5.948436e+02
1.530000e-06	-8.696650e-10	-4.469119e-09	-5.021187e+00	-5.795322e+02
1.540000e-06	-8.411195e-10	-4.350318e-09	-4.856374e+00	-5.640696e+02
1.550000e-06	-8.125068e-10	-4.230209e-09	-4.691172e+00	-5.484483e+02
1.560000e-06	-7.838333e-10	-4.107605e-09	-4.525620e+00	-5.326609e+02
1.570000e-06	-7.551103e-10	-3.983040e-09	-4.359782e+00	-5.167011e+02
1.580000e-06	-7.263513e-10	-3.856799e-09	-4.193736e+00	-5.005638e+02
1.590000e-06	-6.975659e-10	-3.728860e-09	-4.027537e+00	-4.842451e+02
1.600000e-06	-6.687603e-10	-3.599410e-09	-3.861222e+00	-4.677428e+02
1.610000e-06	-6.399369e-10	-3.468374e-09	-3.694804e+00	-4.510564e+02
1.620000e-06	-6.110984e-10	-3.336438e-09	-3.528299e+00	-4.341869e+02
1.630000e-06	-5.822415e-10	-3.204303e-09	-3.361688e+00	-4.171374e+02
1.640000e-06	-5.533680e-10	-3.071016e-09	-3.194981e+00	-3.999120e+02
1.650000e-06	-5.244820e-10	-2.935573e-09	-3.028202e+00	-3.825166e+02
1.660000e-06	-4.955807e-10	-2.798241e-09	-2.861334e+00	-3.649580e+02
1.670000e-06	-4.666494e-10	-2.659541e-09	-2.694293e+00	-3.472438e+02
1.680000e-06	-4.376808e-10	-2.520189e-09	-2.527037e+00	-3.293819e+02
1.690000e-06	-4.086905e-10	-2.380932e-09	-2.359656e+00	-3.113806e+02
1.700000e-06	-3.796735e-10	-2.241203e-09	-2.192120e+00	-2.932477e+02
1.710000e-06	-3.506252e-10	-2.100145e-09	-2.024404e+00	-2.749909e+02
1.720000e-06	-3.215504e-10	-1.957990e-09	-1.856534e+00	-2.566168e+02
1.730000e-06	-2.924461e-10	-1.815356e-09	-1.688495e+00	-2.381315e+02
1.740000e-06	-2.633201e-10	-1.672011e-09	-1.520330e+00	-2.195399e+02
1.750000e-06	-2.341803e-10	-1.527073e-09	-1.352086e+00	-2.008462e+02
1.760000e-06	-2.050270e-10	-1.380870e-09	-1.183763e+00	-1.820535e+02
1.770000e-06	-1.758504e-10	-1.234508e-09	-1.015306e+00	-1.631644e+02
1.780000e-06	-1.466591e-10	-1.088145e-09	-8.467638e-01	-1.441809e+02
1.790000e-06	-1.174566e-10	-9.416426e-10	-6.781570e-01	-1.251049e+02
1.800000e-06	-8.822811e-11	-7.941775e-10	-5.094006e-01	-1.059382e+02
1.810000e-06	-5.897956e-11	-6.449082e-10	-3.405282e-01	-8.668334e+01
1.820000e-06	-2.972663e-11	-4.945435e-10	-1.716304e-01	-6.734317e+01
1.830000e-06	-4.701587e-13	-3.439258e-10	-2.712157e-03	-4.792175e+01
1.840000e-06	2.879301e-11	-1.930576e-10	1.662447e-01	-2.842431e+01
1.850000e-06	5.805085e-11	-4.109991e-11	3.351708e-01	-8.857422e+00
1.860000e-06	8.729507e-11	1.118344e-10	5.040183e-01	1.077090e+01
1.870000e-06	1.165201e-10	2.642281e-10	6.727549e-01	3.045119e+01
1.880000e-06	1.457263e-10	4.159853e-10	8.413830e-01	5.017266e+01
1.890000e-06	1.749101e-10	5.683460e-10	1.009882e+00	6.992337e+01
1.900000e-06	2.040662e-10	7.215202e-10	1.178221e+00	8.969047e+01
1.910000e-06	2.331989e-10	8.749416e-10	1.346424e+00	1.094606e+02
1.920000e-06	2.623080e-10	1.028529e-09	1.514491e+00	1.292200e+02
1.930000e-06	2.913968e-10	1.181945e-09	1.682442e+00	1.489553e+02
1.940000e-06	3.204654e-10	1.334417e-09	1.850275e+00	1.686536e+02
1.950000e-06	3.495109e-10	1.486545e-09	2.017975e+00	1.883028e+02
1.960000e-06	3.785284e-10	1.638956e-09	2.185514e+00	2.078918e+02
1.970000e-06	4.075138e-10	1.790455e-09	2.352867e+00	2.274110e+02
1.980000e-06	4.364736e-10	1.940728e-09	2.520072e+00	2.468521e+02
1.990000e-06	4.654119e-10	2.090367e-09	2.687153e+00	2.662082e+02
2.000000e-06	4.943209e-10	2.239459e-09	2.854066e+00	2.854737e+02
2.010000e-06	5.232030e-10	2.387868e-09	3.020822e+00	3.046438e+02
2.020000e-06	5.520677e-10	2.534878e-09	3.187478e+00	3.237146e+02
2.030000e-06	5.809130e-10	2.680525e-09	3.354023e+00	3.426825e+02
2.040000e-06	6.097368e-10	2.825539e-09	3.520443e+00	3.615438e+02
2.050000e-06	6.385410e-10	2.970343e-09	3.686750e+00	3.802943e+02
2.060000e-06	6.673203e-10	3.114655e-09	3.852913e+00	3.989291e+02
2.070000e-06	6.960724e-10	3.257903e-09	4.018919e+00	4.174422e+02
2.080000e-06	7.247939e-10	3.399656e-09	4.184749e+00	4.358262e+02
2.090000e-06	7.534801e-10	3.540207e-09	4.350375e+00	4.540724e+02
2.100000e-06	7.821201e-10	3.680354e-09	4.515733e+00	4.721710e+02
2.110000e-06	8.106966e-10	3.820106e-09	4.680726e+00	4.901110e+02
2.120000e-06	8.392057e-10	3.958758e-09	4.845329e+00	5.078808e+02
2.130000e-06	8.676537e-10	4.095422e-09	5.009579e+00	5.254688e+02
2.140000e-06	8.960347e-10	4.230443e-09	5.173443e+00	5.428633e+02
2.150000e-06	9.243422e-10	4.364230e-09	5.336881e+00	5.600540e+02
2.160000e-06	9.525738e-10	4.496423e-09	5.499883e+00	5.770320e+02
2.170000e-06	9.807262e-10	4.626797e-09	5.662426e+00	5.937902e+02
2.180000e-06	1.008809e-09	4.755067e-09	5.824568e+00	6.103246e+02
2.190000e-06	1.036829e-09	4.881325e-09	5.986347e+00	6.266335e+02
2.200000e-06	1.064785e-09	5.006089e-09	6.147755e+00	6.427185e+02
2.210000e-06	1.092666e-09	5.129452e-09	6.308731e+00	6.585842e+02
2.220000e-06	1.120470e-09	5.251213e-09	6.469266e+00	6.742378e+02
2.230000e-06	1.148185e-09	5.370904e-09	6.629286e+00	6.896891e+02
2.240000e-06	1.175797e-09	5.488615e-09	6.788708e+00	7.049495e+02
2.250000e-06	1.203306e-09	5.605178e-09	6.947539e+00	7.200316e+02
2.260000e-06	1.230723e-09	5.720689e-09	7.105833e+00	7.349485e+02
2.270000e-06	1.258070e-09	5.834767e-09	7.263730e+00	7.497127e+02
2.280000e-06	1.285363e-09	5.946914e-09	7.421311e+00	7.643358e+02
2.290000e-06	1.312608e-09	6.058107e-09	7.578614e+00	7.788274e+02
2.300000e-06	1.339803e-09	6.169463e-09	7.735631e+00	7.931947e+02
2.310000e-06	1.366943e-09	6.280385e-09	7.892328e+00	8.074424e+02
2.320000e-06	1.394012e-09	6.389398e-09	8.048619e+00	8.215721e+02
2.330000e-06	1.420982e-09	6.495407e-09	8.204336e+00	8.355825e+02
2.340000e-06	1.447825e-09	6.600518e-09	8.359317e+00	8.494698e+02
2.350000e-06	1.474514e-09	6.706132e-09	8.513409e+00	8.632279e+02
2.360000e-06	1.501032e-09	6.810696e-09	8.666518e+00	8.768490e+02
2.370000e-06	1.527370e-09	6.913843e-09	8.818589e+00	8.903243e+02
2.380000e-06	1.553528e-09	7.016436e-09	8.969617e+00	9.036447e+02
2.390000e-06	1.579513e-09	7.118870e-09	9.119646e+00	9.168014e+02
2.400000e-06	1.605352e-09	7.220716e-09	9.268833e+00	9.297870e+02
2.410000e-06	1.631090e-09	7.321110e-09	9.417434e+00	9.425954e+02
2.420000e-06	1.656754e-09	7.419527e-09	9.565609e+00	9.552228e+02
2.430000e-06	1.682354e-09	7.516039e-09	9.713417e+00	9.676676e+02
2.440000e-06	1.707879e-09	7.611300e-09	9.860793e+00	9.799308e+02
2.450000e-06	1.733306e-09	7.705685e-09	1.000760e+01	9.920156e+02
2.460000e-06	1.758606e-09	7.798729e-09	1.015368e+01	1.003927e+03
2.470000e-06	1.783771e-09	7.889930e-09	1.029897e+01	1.015674e+03
2.480000e-06	1.808823e-09	7.979520e-09	1.044361e+01	1.027262e+03
2.490000e-06	1.833777e-09	8.067736e-09	1.058769e+01	1.038703e+03
2.500000e-06	1.858628e-09	8.154672e-09	1.073117e+01	1.050005e+03
2.510000e-06	1.883362e-09	8.240662e-09	1.087398e+01	1.061177e+03
2.520000e-06	1.907958e-09	8.325385e-09	1.101599e+01	1.072228e+03
2.530000e-06	1.932392e-09	8.408788e-09	1.115707e+01	1.083166e+03
2.540000e-06	1.956674e-09	8.492087e-09	1.129726e+01	1.093996e+03
2.550000e-06	1.980829e-09	8.575562e-09	1.143673e+01	1.104724e+03
2.560000e-06	2.004897e-09	8.658030e-09	1.157569e+01	1.115352e+03
2.570000e-06	2.028890e-09	8.739222e-09	1.171421e+01	1.125882e+03
2.580000e-06	2.052780e-09	8.819158e-09	1.185215e+01	1.136316e+03
2.590000e-06	2.076517e-09	8.897904e-09	1.198920e+01	1.146651e+03
2.600000e-06	2.100040e-09	8.976572e-09	1.212501e+01	1.156888e+03
2.610000e-06	2.123306e-09	9.055214e-09	1.225935e+01	1.167024e+03
2.620000e-06	2.146306e-09	9.132645e-09	1.239214e+01	1.177057e+03
2.630000e-06	2.169076e-09	9.209074e-09	1.252361e+01	1.186985e+03
2.640000e-06	2.191681e-09	9.285024e-09	1.265412e+01	1.196803e+03
2.650000e-06	2.214175e-09	9.360163e-09	1.278399e+01	1.206511e+03
2.660000e-06	2.236571e-09	9.434183e-09	1.291331e+01	1.216104e+03
2.670000e-06	2.258849e-09	9.507024e-09	1.304193e+01	1.225579e+03
2.680000e-06	2.280974e-09	9.578708e-09	1.316967e+01	1.234935e+03
2.690000e-06	2.302922e-09	9.649567e-09	1.329639e+01	1.244166e+03
2.700000e-06	2.324707e-09	9.720431e-09	1.342217e+01	1.253271e+03
2.710000e-06	2.346355e-09	9.791206e-09	1.354716e+01	1.262246e+03
2.720000e-06	2.367860e-09	9.860517e-09	1.367133e+01	1.271087e+03
2.730000e-06	2.389191e-09	9.927679e-09	1.379448e+01	1.279791e+03
2.740000e-06	2.410327e-09	9.994098e-09	1.391652e+01	1.288356e+03
2.750000e-06	2.431281e-09	1.006021e-08	1.403750e+01	1.296779e+03
2.760000e-06	2.452067e-09	1.012517e-08	1.415751e+01	1.305058e+03
2.770000e-06	2.472660e-09	1.018853e-08	1.427641e+01	1.313192e+03
2.780000e-06	2.493008e-09	1.025039e-08	1.439390e+01	1.321181e+03
2.790000e-06	2.513063e-09	1.031162e-08	1.450969e+01	1.329027e+03
2.800000e-06	2.532817e-09	1.037234e-08	1.462374e+01	1.336732e+03
2.810000e-06	2.552327e-09	1.043206e-08	1.473638e+01	1.344300e+03
2.820000e-06	2.571664e-09	1.048989e-08	1.484803e+01	1.351735e+03
2.830000e-06	2.590869e-09	1.054597e-08	1.495892e+01	1.359044e+03
2.840000e-06	2.609933e-09	1.060143e-08	1.506898e+01	1.366232e+03
2.850000e-06	2.628814e-09	1.065665e-08	1.517800e+01	1.373306e+03
2.860000e-06	2.647495e-09	1.071161e-08	1.528586e+01	1.380274e+03
2.870000e-06	2.665986e-09	1.076533e-08	1.539262e+01	1.387143e+03
2.880000e-06	2.684297e-09	1.081791e-08	1.549834e+01	1.393918e+03
2.890000e-06	2.702423e-09	1.087045e-08	1.560300e+01	1.400605e+03
2.900000e-06	2.720370e-09	1.092231e-08	1.570662e+01	1.407209e+03
2.910000e-06	2.738166e-09	1.097281e-08	1.580936e+01	1.413733e+03
2.920000e-06	2.755841e-09	1.102251e-08	1.591142e+01	1.420179e+03
2.930000e-06	2.773397e-09	1.107177e-08	1.601278e+01	1.426550e+03
2.940000e-06	2.790781e-09	1.112068e-08	1.611315e+01	1.432846e+03
2.950000e-06	2.807896e-09	1.116913e-08	1.621197e+01	1.439066e+03
2.960000e-06	2.824669e-09	1.121686e-08	1.630881e+01	1.445209e+03
2.970000e-06	2.841122e-09	1.126332e-08	1.640380e+01	1.451274e+03
2.980000e-06	2.857338e-09	1.130879e-08	1.649743e+01	1.457261e+03
2.990000e-06	2.873396e-09	1.135471e-08	1.659014e+01	1.463167e+03
3.000000e-06	2.889319e-09	1.140061e-08	1.668208e+01	1.468992e+03
3.010000e-06	2.905068e-09	1.144508e-08	1.677301e+01	1.474734e+03
3.020000e-06	2.920614e-09	1.148788e-08	1.686277e+01	1.480394e+03
3.030000e-06	2.935952e-09	1.152991e-08	1.695132e+01	1.485971e+03
3.040000e-06	2.951072e-09	1.157217e-08	1.703862e+01	1.491464e+03
3.050000e-06	2.965974e-09	1.161411e-08	1.712466e+01	1.496873e+03
3.060000e-06	2.980679e-09	1.165503e-08	1.720957e+01	1.502197e+03
3.070000e-06	2.995228e-09	1.169530e-08	1.729356e+01	1.507435e+03
3.080000e-06	3.009642e-09	1.173486e-08	1.737679e+01	1.512585e+03
3.090000e-06	3.023886e-09	1.177386e-08	1.745903e+01	1.517644e+03
3.100000e-06	3.037885e-09	1.181248e-08	1.753986e+01	1.522610e+03
3.110000e-06	3.051555e-09	1.185013e-08	1.761878e+01	1.527478e+03
3.120000e-06	3.064883e-09	1.188710e-08	1.769573e+01	1.532245e+03
3.130000e-06	3.077945e-09	1.192370e-08	1.777115e+01	1.536906e+03
3.140000e-06	3.090825e-09	1.195967e-08	1.784552e+01	1.541457e+03
3.150000e-06	3.103552e-09	1.199476e-08	1.791900e+01	1.545894e+03
3.160000e-06	3.116089e-09	1.202836e-08	1.799138e+01	1.550213e+03
3.170000e-06	3.128409e-09	1.206074e-08	1.806251e+01	1.554413e+03
3.180000e-06	3.140512e-09	1.209232e-08	1.813239e+01	1.558491e+03
3.190000e-06	3.152389e-09	1.212306e-08	1.820097e+01	1.562449e+03
3.200000e-06	3.164033e-09	1.215357e-08	1.826820e+01	1.566287e+03
3.210000e-06	3.175479e-09	1.218377e-08	1.833428e+01	1.570010e+03
3.220000e-06	3.186776e-09	1.221231e-08	1.839951e+01	1.573620e+03
3.230000e-06	3.197923e-09	1.223910e-08	1.846386e+01	1.577123e+03
3.240000e-06	3.208848e-09	1.226490e-08	1.852694e+01	1.580525e+03
3.250000e-06	3.219460e-09	1.228939e-08	1.858821e+01	1.583834e+03
3.260000e-06	3.229714e-09	1.231241e-08	1.864742e+01	1.587055e+03
3.270000e-06	3.239654e-09	1.233516e-08	1.870481e+01	1.590195e+03
3.280000e-06	3.249358e-09	1.235884e-08	1.876084e+01	1.593260e+03
3.290000e-06	3.258856e-09	1.238296e-08	1.881568e+01	1.596254e+03
3.300000e-06	3.268135e-09	1.240620e-08	1.886925e+01	1.599182e+03
3.310000e-06	3.277190e-09	1.242804e-08	1.892153e+01	1.602045e+03
3.320000e-06	3.286028e-09	1.244846e-08	1.897256e+01	1.604846e+03
3.330000e-06	3.294631e-09	1.246802e-08	1.902223e+01	1.607585e+03
3.340000e-06	3.303004e-09	1.248718e-08	1.907057e+01	1.610261e+03
3.350000e-06	3.311189e-09	1.250586e-08	1.911783e+01	1.612872e+03
3.360000e-06	3.319216e-09	1.252436e-08	1.916418e+01	1.615417e+03
3.370000e-06	3.327060e-09	1.254312e-08	1.920947e+01	1.617893e+03
3.380000e-06	3.334657e-09	1.256156e-08	1.925333e+01	1.620299e+03
3.390000e-06	3.341974e-09	1.257893e-08	1.929557e+01	1.622633e+03
3.400000e-06	3.349034e-09	1.259516e-08	1.933634e+01	1.624893e+03
3.410000e-06	3.355883e-09	1.261049e-08	1.937588e+01	1.627080e+03
3.420000e-06	3.362514e-09	1.262534e-08	1.941417e+01	1.629194e+03
3.430000e-06	3.368866e-09	1.264021e-08	1.945084e+01	1.631235e+03
3.440000e-06	3.374919e-09	1.265518e-08	1.948579e+01	1.633206e+03
3.450000e-06	3.380702e-09	1.266907e-08	1.951918e+01	1.635108e+03
3.460000e-06	3.386236e-09	1.268190e-08	1.955113e+01	1.636944e+03
3.470000e-06	3.391528e-09	1.269527e-08	1.958169e+01	1.638715e+03
3.480000e-06	3.396580e-09	1.270923e-08	1.961085e+01	1.640423e+03
3.490000e-06	3.401400e-09	1.272223e-08	1.963868e+01	1.642069e+03
3.500000e-06	3.405954e-09	1.273340e-08	1.966498e+01	1.643654e+03
3.510000e-06	3.410166e-09	1.274363e-08	1.968930e+01	1.645176e+03
3.520000e-06	3.414000e-09	1.275398e-08	1.971143e+01	1.646635e+03
3.530000e-06	3.417517e-09	1.276412e-08	1.973174e+01	1.648027e+03
3.540000e-06	3.420819e-09	1.277344e-08	1.975080e+01	1.649349e+03
3.550000e-06	3.423941e-09	1.278190e-08	1.976883e+01	1.650596e+03
3.560000e-06	3.426851e-09	1.279045e-08	1.978563e+01	1.651765e+03
3.570000e-06	3.429520e-09	1.279962e-08	1.980104e+01	1.652849e+03
3.580000e-06	3.431945e-09	1.280811e-08	1.981504e+01	1.653843e+03
3.590000e-06	3.434125e-09	1.281525e-08	1.982762e+01	1.654743e+03
3.600000e-06	3.436069e-09	1.282092e-08	1.983885e+01	1.655545e+03
3.610000e-06	3.437822e-09	1.282564e-08	1.984897e+01	1.656243e+03
3.620000e-06	3.439403e-09	1.283079e-08	1.985810e+01	1.656837e+03
3.630000e-06	3.440754e-09	1.283632e-08	1.986590e+01	1.657324e+03
3.640000e-06	3.441781e-09	1.284022e-08	1.987183e+01	1.657704e+03
3.650000e-06	3.442444e-09	1.284182e-08	1.987566e+01	1.657977e+03
3.660000e-06	3.442799e-09	1.284295e-08	1.987771e+01	1.658144e+03
3.670000e-06	3.442934e-09	1.284447e-08	1.987849e+01	1.658210e+03
3.680000e-06	3.442882e-09	1.284527e-08	1.987819e+01	1.658175e+03
3.690000e-06	3.442616e-09	1.284482e-08	1.987665e+01	1.658046e+03
3.700000e-06	3.442113e-09	1.284380e-08	1.987375e+01	1.657825e+03
3.710000e-06	3.441371e-09	1.284395e-08	1.986946e+01	1.657517e+03
3.720000e-06	3.440365e-09	1.284221e-08	1.986365e+01	1.657125e+03
3.730000e-06	3.439119e-09	1.283797e-08	1.985646e+01	1.656654e+03
3.740000e-06	3.437652e-09	1.282970e-08	1.984799e+01	1.656107e+03
3.750000e-06	3.435785e-09	1.281501e-08	1.983721e+01	1.655485e+03
3.760000e-06	3.433423e-09	1.282316e-08	1.982357e+01	1.654791e+03
3.770000e-06	3.430800e-09	1.283140e-08	1.980843e+01	1.654025e+03
3.780000e-06	3.428131e-09	1.280581e-08	1.979302e+01	1.653187e+03
3.790000e-06	3.425398e-09	1.279687e-08	1.977724e+01	1.652276e+03
3.800000e-06	3.422497e-09	1.281250e-08	1.976049e+01	1.651291e+03
3.810000e-06	3.419346e-09	1.280156e-08	1.974230e+01	1.650231e+03
3.820000e-06	3.415891e-09	1.277134e-08	1.972235e+01	1.649092e+03
3.830000e-06	3.412146e-09	1.276739e-08	1.970073e+01	1.647873e+03
3.840000e-06	3.408199e-09	1.277333e-08	1.967794e+01	1.646572e+03
3.850000e-06	3.404070e-09	1.275411e-08	1.965410e+01	1.645186e+03
3.860000e-06	3.399668e-09	1.273246e-08	1.962868e+01	1.643714e+03
3.870000e-06	3.394941e-09	1.273128e-08	1.960139e+01	1.642155e+03
3.880000e-06	3.389971e-09	1.273026e-08	1.957269e+01	1.640509e+03
3.890000e-06	3.384811e-09	1.271154e-08	1.954290e+01	1.638775e+03
3.900000e-06	3.379324e-09	1.268826e-08	1.951122e+01	1.636955e+03
3.910000e-06	3.373393e-09	1.267472e-08	1.947698e+01	1.635048e+03
3.920000e-06	3.367128e-09	1.266487e-08	1.944081e+01	1.633058e+03
3.930000e-06	3.360705e-09	1.265078e-08	1.940372e+01	1.630984e+03
3.940000e-06	3.354131e-09	1.263144e-08	1.936577e+01	1.628830e+03
3.950000e-06	3.347304e-09	1.261448e-08	1.932635e+01	1.626596e+03
3.960000e-06	3.340198e-09	1.260405e-08	1.928532e+01	1.624283e+03
3.970000e-06	3.332869e-09	1.258920e-08	1.924300e+01	1.621892e+03
3.980000e-06	3.325340e-09	1.256231e-08	1.919953e+01	1.619424e+03
3.990000e-06	3.317594e-09	1.253719e-08	1.915481e+01	1.616878e+03
4.000000e-06	3.309648e-09	1.252452e-08	1.910893e+01	1.614253e+03
4.010000e-06	3.301524e-09	1.251106e-08	1.906203e+01	1.611547e+03
4.020000e-06	3.293161e-09	1.248505e-08	1.901374e+01	1.608758e+03
4.030000e-06	3.284429e-09	1.245878e-08	1.896333e+01	1.605885e+03
4.040000e-06	3.275307e-09	1.244322e-08	1.891066e+01	1.602924e+03
4.050000e-06	3.265916e-09	1.242478e-08	1.885644e+01	1.599873e+03
4.060000e-06	3.256329e-09	1.239165e-08	1.880108e+01	1.596729e+03
4.070000e-06	3.246512e-09	1.235820e-08	1.874441e+01	1.593492e+03
4.080000e-06	3.236461e-09	1.233921e-08	1.868637e+01	1.590160e+03
4.090000e-06	3.226234e-09	1.232174e-08	1.862732e+01	1.586732e+03
4.100000e-06	3.215838e-09	1.229220e-08	1.856730e+01	1.583208e+03
4.110000e-06	3.205201e-09	1.226214e-08	1.850588e+01	1.579590e+03
4.120000e-06	3.194314e-09	1.224059e-08	1.844303e+01	1.575878e+03
4.130000e-06	3.183253e-09	1.221259e-08	1.837917e+01	1.572076e+03
4.140000e-06	3.172020e-09	1.217329e-08	1.831431e+01	1.568184e+03
4.150000e-06	3.160513e-09	1.214079e-08	1.824787e+01	1.564206e+03
4.160000e-06	3.148663e-09	1.211759e-08	1.817945e+01	1.560145e+03
4.170000e-06	3.136490e-09	1.208600e-08	1.810917e+01	1.556001e+03
4.180000e-06	3.124055e-09	1.204794e-08	1.803737e+01	1.551776e+03
4.190000e-06	3.111421e-09	1.202017e-08	1.796442e+01	1.547472e+03
4.200000e-06	3.098604e-09	1.199480e-08	1.789043e+01	1.543090e+03
4.210000e-06	3.085591e-09	1.195429e-08	1.781529e+01	1.538627e+03
4.220000e-06	3.072356e-09	1.191040e-08	1.773888e+01	1.534085e+03
4.230000e-06	3.058907e-09	1.188036e-08	1.766123e+01	1.529460e+03
4.240000e-06	3.045280e-09	1.185090e-08	1.758255e+01	1.524751e+03
4.250000e-06	3.031469e-09	1.180962e-08	1.750281e+01	1.519955e+03
4.260000e-06	3.017437e-09	1.177139e-08	1.742179e+01	1.515071e+03
4.270000e-06	3.003216e-09	1.174122e-08	1.733968e+01	1.510095e+03
4.280000e-06	2.988852e-09	1.170202e-08	1.725675e+01	1.505026e+03
4.290000e-06	2.974284e-09	1.165486e-08	1.717264e+01	1.499862e+03
4.300000e-06	2.959398e-09	1.161624e-08	1.708669e+01	1.494603e+03
4.310000e-06	2.944152e-09	1.158013e-08	1.699866e+01	1.489247e+03
4.320000e-06	2.928605e-09	1.153384e-08	1.690890e+01	1.483795e+03
4.330000e-06	2.912850e-09	1.148921e-08	1.681794e+01	1.478248e+03
4.340000e-06	2.896950e-09	1.145377e-08	1.672614e+01	1.472605e+03
4.350000e-06	2.880903e-09	1.141215e-08	1.663348e+01	1.466870e+03
4.360000e-06	2.864658e-09	1.136106e-08	1.653969e+01	1.461041e+03
4.370000e-06	2.848197e-09	1.131552e-08	1.644465e+01	1.455120e+03
4.380000e-06	2.831554e-09	1.127401e-08	1.634856e+01	1.449108e+03
4.390000e-06	2.814742e-09	1.122525e-08	1.625149e+01	1.443004e+03
4.400000e-06	2.797727e-09	1.117565e-08	1.615325e+01	1.436809e+03
4.410000e-06	2.780492e-09	1.113109e-08	1.605374e+01	1.430521e+03
4.420000e-06	2.763086e-09	1.108187e-08	1.595324e+01	1.424139e+03
4.430000e-06	2.745554e-09	1.102713e-08	1.585202e+01	1.417661e+03
4.440000e-06	2.727884e-09	1.097694e-08	1.575000e+01	1.411086e+03
4.450000e-06	2.710016e-09	1.092814e-08	1.564683e+01	1.404411e+03
4.460000e-06	2.691907e-09	1.087373e-08	1.554228e+01	1.397635e+03
4.470000e-06	2.673562e-09	1.082006e-08	1.543636e+01	1.390756e+03
4.480000e-06	2.655033e-09	1.077043e-08	1.532937e+01	1.383773e+03
4.490000e-06	2.636362e-09	1.071721e-08	1.522157e+01	1.376687e+03
4.500000e-06	2.617527e-09	1.065970e-08	1.511283e+01	1.369498e+03
4.510000e-06	2.598497e-09	1.060352e-08	1.500295e+01	1.362205e+03
4.520000e-06	2.579239e-09	1.054655e-08	1.489176e+01	1.354810e+03
4.530000e-06	2.559732e-09	1.048692e-08	1.477914e+01	1.347316e+03
4.540000e-06	2.540003e-09	1.042944e-08	1.466523e+01	1.339723e+03
4.550000e-06	2.520088e-09	1.037363e-08	1.455024e+01	1.332032e+03
4.560000e-06	2.499985e-09	1.031436e-08	1.443418e+01	1.324246e+03
4.570000e-06	2.479682e-09	1.025331e-08	1.431695e+01	1.316364e+03
4.580000e-06	2.459183e-09	1.019309e-08	1.419860e+01	1.308387e+03
4.590000e-06	2.438520e-09	1.013059e-08	1.407929e+01	1.300313e+03
4.600000e-06	2.417699e-09	1.006602e-08	1.395908e+01	1.292141e+03
4.610000e-06	2.396676e-09	1.000294e-08	1.383770e+01	1.283869e+03
4.620000e-06	2.375405e-09	9.939767e-09	1.371489e+01	1.275493e+03
4.630000e-06	2.353863e-09	9.874628e-09	1.359051e+01	1.267010e+03
4.640000e-06	2.332051e-09	9.810075e-09	1.346458e+01	1.258415e+03
4.650000e-06	2.310019e-09	9.745401e-09	1.333737e+01	1.249706e+03
4.660000e-06	2.287832e-09	9.677336e-09	1.320926e+01	1.240879e+03
4.670000e-06	2.265532e-09	9.607184e-09	1.308052e+01	1.231931e+03
4.680000e-06	2.243117e-09	9.537219e-09	1.295110e+01	1.222861e+03
4.690000e-06	2.220548e-09	9.466166e-09	1.282079e+01	1.213668e+03
4.700000e-06	2.197801e-09	9.394056e-09	1.268946e+01	1.204352e+03
4.710000e-06	2.174883e-09	9.322159e-09	1.255713e+01	1.194914e+03
4.720000e-06	2.151820e-09	9.248991e-09	1.242398e+01	1.185358e+03
4.730000e-06	2.128622e-09	9.173733e-09	1.229003e+01	1.175688e+03
4.740000e-06	2.105272e-09	9.097435e-09	1.215522e+01	1.165906e+03
4.750000e-06	2.081755e-09	9.019394e-09	1.201944e+01	1.156019e+03
4.760000e-06	2.058082e-09	8.939893e-09	1.188276e+01	1.146030e+03
4.770000e-06	2.034289e-09	8.861749e-09	1.174539e+01	1.135944e+03
4.780000e-06	2.010413e-09	8.784398e-09	1.160753e+01	1.125766e+03
4.790000e-06	1.986463e-09	8.704976e-09	1.146925e+01	1.115498e+03
4.800000e-06	1.962410e-09	8.623946e-09	1.133037e+01	1.105142e+03
4.810000e-06	1.938204e-09	8.541992e-09	1.119062e+01	1.094698e+03
4.820000e-06	1.913806e-09	8.458569e-09	1.104975e+01	1.084167e+03
4.830000e-06	1.889182e-09	8.375413e-09	1.090758e+01	1.073545e+03
4.840000e-06	1.864322e-09	8.292952e-09	1.076404e+01	1.062831e+03
4.850000e-06	1.839245e-09	8.208661e-09	1.061926e+01	1.052019e+03
4.860000e-06	1.813996e-09	8.123216e-09	1.047347e+01	1.041104e+03
4.870000e-06	1.788627e-09	8.038534e-09	1.032700e+01	1.030081e+03
4.880000e-06	1.763178e-09	7.952634e-09	1.018007e+01	1.018944e+03
4.890000e-06	1.737661e-09	7.864168e-09	1.003274e+01	1.007686e+03
4.900000e-06	1.712064e-09	7.774368e-09	9.884948e+00	9.963023e+02
4.910000e-06	1.686367e-09	7.683922e-09	9.736584e+00	9.847867e+02
4.920000e-06	1.660556e-09	7.592594e-09	9.587562e+00	9.731346e+02
4.930000e-06	1.634624e-09	7.501132e-09	9.437838e+00	9.613420e+02
4.940000e-06	1.608567e-09	7.409569e-09	9.287392e+00	9.494057e+02
4.950000e-06	1.582396e-09	7.316802e-09	9.136286e+00	9.373235e+02
4.960000e-06	1.556123e-09	7.222481e-09	8.984593e+00	9.250942e+02
4.970000e-06	1.529748e-09	7.126430e-09	8.832313e+00	9.127173e+02
4.980000e-06	1.503262e-09	7.028542e-09	8.679391e+00	9.001935e+02
4.990000e-06	1.476658e-09	6.929519e-09	8.525788e+00	8.875241e+02
5.000000e-06	1.449938e-09	6.830324e-09	8.371512e+00	8.747110e+02
5.010000e-06	1.423114e-09	6.730663e-09	8.216639e+00	8.617571e+02
5.020000e-06	1.396204e-09	6.629470e-09	8.061267e+00	8.486653e+02
5.030000e-06	1.369224e-09	6.526633e-09	7.905493e+00	8.354395e+02
5.040000e-06	1.342191e-09	6.422833e-09	7.749412e+00	8.220833e+02
5.050000e-06	1.315113e-09	6.317951e-09	7.593075e+00	8.086010e+02
5.060000e-06	1.287997e-09	6.211635e-09	7.436511e+00	7.949966e+02
5.070000e-06	1.260839e-09	6.104358e-09	7.279710e+00	7.812740e+02
5.080000e-06	1.233620e-09	5.996426e-09	7.122556e+00	7.674370e+02
5.090000e-06	1.206315e-09	5.887821e-09	6.964906e+00	7.534888e+02
5.100000e-06	1.178901e-09	5.778403e-09	6.806628e+00	7.394322e+02
5.110000e-06	1.151352e-09	5.667840e-09	6.647565e+00	7.252689e+02
5.120000e-06	1.123659e-09	5.555805e-09	6.487676e+00	7.110001e+02
5.130000e-06	1.095826e-09	5.441876e-09	6.326971e+00	6.966255e+02
5.140000e-06	1.067841e-09	5.327435e-09	6.165395e+00	6.821440e+02
5.150000e-06	1.039719e-09	5.214018e-09	6.003029e+00	6.675531e+02
5.160000e-06	1.011485e-09	5.100835e-09	5.840016e+00	6.528491e+02
5.170000e-06	9.831528e-10	4.986534e-09	5.676432e+00	6.380272e+02
5.180000e-06	9.547337e-10	4.870685e-09	5.512349e+00	6.230815e+02
5.190000e-06	9.262402e-10	4.753427e-09	5.347836e+00	6.080052e+02
5.200000e-06	8.976866e-10	4.635031e-09	5.182976e+00	5.927907e+02
5.210000e-06	8.690866e-10	4.515311e-09	5.017848e+00	5.774305e+02
5.220000e-06	8.404500e-10	4.393962e-09	4.852508e+00	5.619165e+02
5.230000e-06	8.117843e-10	4.271879e-09	4.687001e+00	5.462413e+02
5.240000e-06	7.830917e-10	4.149922e-09	4.521339e+00	5.303979e+02
5.250000e-06	7.543737e-10	4.027643e-09	4.355529e+00	5.143803e+02
5.260000e-06	7.256340e-10	3.903767e-09	4.189595e+00	4.981838e+02
5.270000e-06	6.968703e-10	3.777814e-09	4.023522e+00	4.818049e+02
5.280000e-06	6.680731e-10	3.649946e-09	3.857255e+00	4.652421e+02
5.290000e-06	6.392404e-10	3.520350e-09	3.690783e+00	4.484953e+02
5.300000e-06	6.103682e-10	3.389153e-09	3.524084e+00	4.315663e+02
5.310000e-06	5.814504e-10	3.256150e-09	3.357121e+00	4.144584e+02
5.320000e-06	5.524982e-10	3.121522e-09	3.189960e+00	3.971765e+02
5.330000e-06	5.235078e-10	2.985805e-09	3.022577e+00	3.797267e+02
5.340000e-06	4.944631e-10	2.849333e-09	2.854882e+00	3.621161e+02
5.350000e-06	4.653708e-10	2.711651e-09	2.686912e+00	3.443524e+02
5.360000e-06	4.362377e-10	2.572370e-09	2.518705e+00	3.264438e+02
5.370000e-06	4.070652e-10	2.431557e-09	2.350272e+00	3.083984e+02
5.380000e-06	3.778583e-10	2.289478e-09	2.181640e+00	2.902240e+02
5.390000e-06	3.486189e-10	2.146836e-09	2.012820e+00	2.719279e+02
5.400000e-06	3.193514e-10	2.003564e-09	1.843838e+00	2.535167e+02
5.410000e-06	2.900690e-10	1.858871e-09	1.674770e+00	2.349959e+02
5.420000e-06	2.607762e-10	1.713312e-09	1.505642e+00	2.163703e+02
5.430000e-06	2.314672e-10	1.567396e-09	1.336421e+00	1.976437e+02
5.440000e-06	2.021430e-10	1.420808e-09	1.167112e+00	1.788191e+02
5.450000e-06	1.728106e-10	1.273203e-09	9.977551e-01	1.598987e+02
5.460000e-06	1.434762e-10	1.123645e-09	8.283872e-01	1.408846e+02
5.470000e-06	1.141373e-10	9.725485e-10	6.589926e-01	1.217785e+02
5.480000e-06	8.478855e-11	8.214126e-10	4.895418e-01	1.025826e+02
5.490000e-06	5.542724e-11	6.708285e-10	3.200183e-01	8.329925e+01
5.500000e-06	2.605582e-11	5.199841e-10	1.504363e-01	6.393186e+01
5.510000e-06	-3.320370e-12	3.681831e-10	-1.917318e-02	4.448480e+01
5.520000e-06	-3.268972e-11	2.163131e-10	-1.887432e-01	2.496372e+01
5.530000e-06	-6.204690e-11	6.482750e-11	-3.582428e-01	5.375666e+00
5.540000e-06	-9.140011e-11	-8.713072e-11	-5.277197e-01	-1.427086e+01
5.550000e-06	-1.207461e-10	-2.406185e-10	-6.971549e-01	-3.396595e+01
5.560000e-06	-1.500756e-10	-3.953819e-10	-8.664950e-01	-5.369841e+01
5.570000e-06	-1.793932e-10	-5.501995e-10	-1.035766e+00	-7.345597e+01
5.580000e-06	-2.086993e-10	-7.045162e-10	-1.204971e+00	-9.322557e+01
5.590000e-06	-2.379824e-10	-8.584039e-10	-1.374043e+00	-1.129937e+02
5.600000e-06	-2.672402e-10	-1.012571e-09	-1.542969e+00	-1.327467e+02
5.610000e-06	-2.964802e-10	-1.167032e-09	-1.711792e+00	-1.524713e+02
5.620000e-06	-3.257040e-10	-1.320622e-09	-1.880522e+00	-1.721548e+02
5.630000e-06	-3.549003e-10	-1.473039e-09	-2.049092e+00	-1.917854e+02
5.640000e-06	-3.840703e-10	-1.625444e-09	-2.217511e+00	-2.113525e+02
5.650000e-06	-4.132119e-10	-1.778266e-09	-2.385766e+00	-2.308470e+02
5.660000e-06	-4.423120e-10	-1.930973e-09	-2.553782e+00	-2.502609e+02
5.670000e-06	-4.713686e-10	-2.083077e-09	-2.721546e+00	-2.695879e+02
5.680000e-06	-5.003820e-10	-2.234215e-09	-2.889061e+00	-2.888226e+02
5.690000e-06	-5.293478e-10	-2.383877e-09	-3.056300e+00	-3.079606e+02
5.700000e-06	-5.582694e-10	-2.532470e-09	-3.223285e+00	-3.269981e+02
5.710000e-06	-5.871544e-10	-2.680855e-09	-3.390059e+00	-3.459315e+02
5.720000e-06	-6.159970e-10	-2.828126e-09	-3.556587e+00	-3.647570e+02
5.730000e-06	-6.447988e-10	-2.973683e-09	-3.722881e+00	-3.834702e+02
5.740000e-06	-6.735688e-10	-3.118485e-09	-3.888990e+00	-4.020658e+02
5.750000e-06	-7.023119e-10	-3.262914e-09	-4.054944e+00	-4.205374e+02
5.760000e-06	-7.310337e-10	-3.406542e-09	-4.220776e+00	-4.388772e+02
5.770000e-06	-7.597352e-10	-3.549369e-09	-4.386490e+00	-4.570762e+02
5.780000e-06	-7.884136e-10	-3.690336e-09	-4.552070e+00	-4.751240e+02
5.790000e-06	-8.170681e-10	-3.829049e-09	-4.717513e+00	-4.930094e+02
5.800000e-06	-8.456913e-10	-3.966934e-09	-4.882775e+00	-5.107209e+02
5.810000e-06	-8.742705e-10	-4.103816e-09	-5.047783e+00	-5.282466e+02
5.820000e-06	-9.027955e-10	-4.238261e-09	-5.212478e+00	-5.455753e+02
5.830000e-06	-9.312548e-10	-4.370175e-09	-5.376793e+00	-5.626971e+02
5.840000e-06	-9.596301e-10	-4.501232e-09	-5.540624e+00	-5.796036e+02
5.850000e-06	-9.879031e-10	-4.631438e-09	-5.703864e+00	-5.962888e+02
5.860000e-06	-1.016063e-09	-4.759293e-09	-5.866449e+00	-6.127492e+02
5.870000e-06	-1.044093e-09	-4.885028e-09	-6.028288e+00	-6.289843e+02
5.880000e-06	-1.071979e-09	-5.009205e-09	-6.189296e+00	-6.449968e+02
5.890000e-06	-1.099729e-09	-5.131725e-09	-6.349514e+00	-6.607920e+02
5.900000e-06	-1.127345e-09	-5.252559e-09	-6.508961e+00	-6.763781e+02
5.910000e-06	-1.154832e-09	-5.372012e-09	-6.667662e+00	-6.917655e+02
5.920000e-06	-1.182205e-09	-5.490652e-09	-6.825705e+00	-7.069660e+02
5.930000e-06	-1.209486e-09	-5.608813e-09	-6.983220e+00	-7.219926e+02
5.940000e-06	-1.236696e-09	-5.725922e-09	-7.140323e+00	-7.368581e+02
5.950000e-06	-1.263847e-09	-5.841499e-09	-7.297082e+00	-7.515749e+02
5.960000e-06	-1.290951e-09	-5.955557e-09	-7.453574e+00	-7.661540e+02
5.970000e-06	-1.318015e-09	-6.068288e-09	-7.609833e+00	-7.806042e+02
5.980000e-06	-1.345028e-09	-6.180027e-09	-7.765800e+00	-7.949319e+02
5.990000e-06	-1.371970e-09	-6.290879e-09	-7.921353e+00	-8.091409e+02
6.000000e-06	-1.398819e-09	-6.401292e-09	-8.076370e+00	-8.232318e+02
6.010000e-06	-1.425562e-09	-6.511311e-09	-8.230778e+00	-8.372024e+02
6.020000e-06	-1.452184e-09	-6.620196e-09	-8.384485e+00	-8.510481e+02
6.030000e-06	-1.478688e-09	-6.727759e-09	-8.537509e+00	-8.647622e+02
6.040000e-06	-1.505098e-09	-6.834207e-09	-8.689997e+00	-8.783365e+02
6.050000e-06	-1.531425e-09	-6.939721e-09	-8.841998e+00	-8.917620e+02
6.060000e-06	-1.557666e-09	-7.043747e-09	-8.993504e+00	-9.050296e+02
6.070000e-06	-1.583806e-09	-7.145844e-09	-9.144434e+00	-9.181309e+02
6.080000e-06	-1.609823e-09	-7.246486e-09	-9.294644e+00	-9.310589e+02
6.090000e-06	-1.635701e-09	-7.345754e-09	-9.444059e+00	-9.438083e+02
6.100000e-06	-1.661442e-09	-7.443326e-09	-9.592680e+00	-9.563758e+02
6.110000e-06	-1.687066e-09	-7.538925e-09	-9.740623e+00	-9.687608e+02
6.120000e-06	-1.712606e-09	-7.633074e-09	-9.888082e+00	-9.809651e+02
6.130000e-06	-1.738084e-09	-7.726183e-09	-1.003519e+01	-9.929925e+02
6.140000e-06	-1.763499e-09	-7.818183e-09	-1.018192e+01	-1.004849e+03
6.150000e-06	-1.788822e-09	-7.909093e-09	-1.032813e+01	-1.016543e+03
6.160000e-06	-1.814016e-09	-7.998884e-09	-1.047360e+01	-1.028082e+03
6.170000e-06	-1.839037e-09	-8.087987e-09	-1.061806e+01	-1.039476e+03
6.180000e-06	-1.863853e-09	-8.176588e-09	-1.076134e+01	-1.050734e+03
6.190000e-06	-1.888451e-09	-8.264429e-09	-1.090336e+01	-1.061866e+03
6.200000e-06	-1.912836e-09	-8.351061e-09	-1.104415e+01	-1.072879e+03
6.210000e-06	-1.937023e-09	-8.436015e-09	-1.118380e+01	-1.083781e+03
6.220000e-06	-1.961058e-09	-8.519991e-09	-1.132257e+01	-1.094577e+03
6.230000e-06	-1.984999e-09	-8.604265e-09	-1.146080e+01	-1.105272e+03
6.240000e-06	-2.008867e-09	-8.688314e-09	-1.159861e+01	-1.115868e+03
6.250000e-06	-2.032642e-09	-8.771150e-09	-1.173588e+01	-1.126367e+03
6.260000e-06	-2.056291e-09	-8.852755e-09	-1.187242e+01	-1.136768e+03
6.270000e-06	-2.079779e-09	-8.933436e-09	-1.200803e+01	-1.147072e+03
6.280000e-06	-2.103106e-09	-9.013371e-09	-1.214271e+01	-1.157276e+03
6.290000e-06	-2.126288e-09	-9.092483e-09	-1.227656e+01	-1.167378e+03
6.300000e-06	-2.149325e-09	-9.170663e-09	-1.240957e+01	-1.177377e+03
6.310000e-06	-2.172206e-09	-9.247702e-09	-1.254168e+01	-1.187269e+03
6.320000e-06	-2.194915e-09	-9.324117e-09	-1.267279e+01	-1.197052e+03
6.330000e-06	-2.217451e-09	-9.400697e-09	-1.280291e+01	-1.206722e+03
6.340000e-06	-2.239849e-09	-9.476308e-09	-1.293223e+01	-1.216277e+03
6.350000e-06	-2.262146e-09	-9.549437e-09	-1.306097e+01	-1.225713e+03
6.360000e-06	-2.284343e-09	-9.620559e-09	-1.318912e+01	-1.235028e+03
6.370000e-06	-2.306391e-09	-9.691303e-09	-1.331642e+01	-1.244219e+03
6.380000e-06	-2.328213e-09	-9.762322e-09	-1.344242e+01	-1.253281e+03
6.390000e-06	-2.349746e-09	-9.832756e-09	-1.356674e+01	-1.262212e+03
6.400000e-06	-2.370979e-09	-9.901821e-09	-1.368933e+01	-1.271009e+03
6.410000e-06	-2.391968e-09	-9.969074e-09	-1.381052e+01	-1.279668e+03
6.420000e-06	-2.412780e-09	-1.003473e-08	-1.393068e+01	-1.288187e+03
6.430000e-06	-2.433436e-09	-1.009930e-08	-1.404994e+01	-1.296562e+03
6.440000e-06	-2.453928e-09	-1.016261e-08	-1.416826e+01	-1.304794e+03
6.450000e-06	-2.474245e-09	-1.022389e-08	-1.428556e+01	-1.312880e+03
6.460000e-06	-2.494379e-09	-1.028396e-08	-1.440181e+01	-1.320823e+03
6.470000e-06	-2.514336e-09	-1.034457e-08	-1.451704e+01	-1.328622e+03
6.480000e-06	-2.534098e-09	-1.040533e-08	-1.463114e+01	-1.336282e+03
6.490000e-06	-2.553610e-09	-1.046447e-08	-1.474380e+01	-1.343805e+03
6.500000e-06	-2.572827e-09	-1.052153e-08	-1.485474e+01	-1.351198e+03
6.510000e-06	-2.591764e-09	-1.057731e-08	-1.496409e+01	-1.358467e+03
6.520000e-06	-2.610492e-09	-1.063216e-08	-1.507222e+01	-1.365617e+03
6.530000e-06	-2.629064e-09	-1.068634e-08	-1.517944e+01	-1.372656e+03
6.540000e-06	-2.647502e-09	-1.073982e-08	-1.528590e+01	-1.379590e+03
6.550000e-06	-2.665802e-09	-1.079246e-08	-1.539156e+01	-1.386427e+03
6.560000e-06	-2.683924e-09	-1.084471e-08	-1.549619e+01	-1.393173e+03
6.570000e-06	-2.701841e-09	-1.089714e-08	-1.559963e+01	-1.399832e+03
6.580000e-06	-2.719566e-09	-1.094929e-08	-1.570198e+01	-1.406410e+03
6.590000e-06	-2.737146e-09	-1.099981e-08	-1.580347e+01	-1.412908e+03
6.600000e-06	-2.754610e-09	-1.104853e-08	-1.590431e+01	-1.419330e+03
6.610000e-06	-2.771940e-09	-1.109651e-08	-1.600437e+01	-1.425676e+03
6.620000e-06	-2.789090e-09	-1.114455e-08	-1.610338e+01	-1.431947e+03
6.630000e-06	-2.806034e-09	-1.119298e-08	-1.620121e+01	-1.438142e+03
6.640000e-06	-2.822787e-09	-1.124106e-08	-1.629794e+01	-1.444260e+03
6.650000e-06	-2.839353e-09	-1.128843e-08	-1.639359e+01	-1.450299e+03
6.660000e-06	-2.855713e-09	-1.133557e-08	-1.648805e+01	-1.456260e+03
6.670000e-06	-2.871871e-09	-1.138228e-08	-1.658134e+01	-1.462139e+03
6.680000e-06	-2.887865e-09	-1.142808e-08	-1.667368e+01	-1.467937e+03
6.690000e-06	-2.903716e-09	-1.147212e-08	-1.676520e+01	-1.473653e+03
6.700000e-06	-2.919400e-09	-1.151478e-08	-1.685575e+01	-1.479286e+03
6.710000e-06	-2.934852e-09	-1.155775e-08	-1.694497e+01	-1.484835e+03
6.720000e-06	-2.950007e-09	-1.160142e-08	-1.703247e+01	-1.490301e+03
6.730000e-06	-2.964842e-09	-1.164463e-08	-1.711812e+01	-1.495682e+03
6.740000e-06	-2.979402e-09	-1.168644e-08	-1.720219e+01	-1.500978e+03
6.750000e-06	-2.993772e-09	-1.172685e-08	-1.728516e+01	-1.506187e+03
6.760000e-06	-3.007988e-09	-1.176640e-08	-1.736724e+01	-1.511308e+03
6.770000e-06	-3.022020e-09	-1.180571e-08	-1.744826e+01	-1.516337e+03
6.780000e-06	-3.035837e-09	-1.184458e-08	-1.752803e+01	-1.521271e+03
6.790000e-06	-3.049435e-09	-1.188182e-08	-1.760654e+01	-1.526106e+03
6.800000e-06	-3.062815e-09	-1.191718e-08	-1.768379e+01	-1.530839e+03
6.810000e-06	-3.075970e-09	-1.195238e-08	-1.775975e+01	-1.535464e+03
6.820000e-06	-3.088912e-09	-1.198789e-08	-1.783447e+01	-1.539978e+03
6.830000e-06	-3.101682e-09	-1.202237e-08	-1.790820e+01	-1.544377e+03
6.840000e-06	-3.114291e-09	-1.205529e-08	-1.798100e+01	-1.548657e+03
6.850000e-06	-3.126678e-09	-1.208720e-08	-1.805252e+01	-1.552817e+03
6.860000e-06	-3.138758e-09	-1.211817e-08	-1.812226e+01	-1.556856e+03
6.870000e-06	-3.150481e-09	-1.214798e-08	-1.818995e+01	-1.560775e+03
6.880000e-06	-3.161895e-09	-1.217699e-08	-1.825585e+01	-1.564574e+03
6.890000e-06	-3.173102e-09	-1.220526e-08	-1.832056e+01	-1.568259e+03
6.900000e-06	-3.184156e-09	-1.223272e-08	-1.838438e+01	-1.571834e+03
6.910000e-06	-3.195018e-09	-1.225998e-08	-1.844709e+01	-1.575303e+03
6.920000e-06	-3.205647e-09	-1.228741e-08	-1.850846e+01	-1.578674e+03
6.930000e-06	-3.216047e-09	-1.231452e-08	-1.856851e+01	-1.581953e+03
6.940000e-06	-3.226211e-09	-1.234054e-08	-1.862719e+01	-1.585147e+03
6.950000e-06	-3.236135e-09	-1.236519e-08	-1.868449e+01	-1.588262e+03
6.960000e-06	-3.245849e-09	-1.238911e-08	-1.874057e+01	-1.591303e+03
6.970000e-06	-3.255403e-09	-1.241284e-08	-1.879574e+01	-1.594275e+03
6.980000e-06	-3.264801e-09	-1.243605e-08	-1.885000e+01	-1.597182e+03
6.990000e-06	-3.273965e-09	-1.245858e-08	-1.890291e+01	-1.600025e+03
7.000000e-06	-3.282799e-09	-1.248098e-08	-1.895391e+01	-1.602806e+03
7.010000e-06	-3.291279e-09	-1.250367e-08	-1.900288e+01	-1.605524e+03
7.020000e-06	-3.299468e-09	-1.252609e-08	-1.905015e+01	-1.608179e+03
7.030000e-06	-3.307454e-09	-1.254751e-08	-1.909626e+01	-1.610768e+03
7.040000e-06	-3.315272e-09	-1.256772e-08	-1.914141e+01	-1.613291e+03
7.050000e-06	-3.322884e-09	-1.258733e-08	-1.918535e+01	-1.615744e+03
7.060000e-06	-3.330260e-09	-1.260653e-08	-1.922794e+01	-1.618127e+03
7.070000e-06	-3.337411e-09	-1.262455e-08	-1.926923e+01	-1.620437e+03
7.080000e-06	-3.344333e-09	-1.264206e-08	-1.930920e+01	-1.622673e+03
7.090000e-06	-3.351025e-09	-1.265997e-08	-1.934783e+01	-1.624836e+03
7.100000e-06	-3.357518e-09	-1.267802e-08	-1.938532e+01	-1.626926e+03
7.110000e-06	-3.363843e-09	-1.269531e-08	-1.942184e+01	-1.628944e+03
7.120000e-06	-3.369955e-09	-1.271134e-08	-1.945713e+01	-1.630892e+03
7.130000e-06	-3.375750e-09	-1.272666e-08	-1.949058e+01	-1.632772e+03
7.140000e-06	-3.381158e-09	-1.274129e-08	-1.952181e+01	-1.634587e+03
7.150000e-06	-3.386211e-09	-1.275506e-08	-1.955099e+01	-1.636337e+03
7.160000e-06	-3.390999e-09	-1.276868e-08	-1.957863e+01	-1.638025e+03
7.170000e-06	-3.395549e-09	-1.278229e-08	-1.960490e+01	-1.639651e+03
7.180000e-06	-3.399851e-09	-1.279502e-08	-1.962974e+01	-1.641215e+03
7.190000e-06	-3.403920e-09	-1.280677e-08	-1.965323e+01	-1.642717e+03
7.200000e-06	-3.407753e-09	-1.281856e-08	-1.967536e+01	-1.644154e+03
7.210000e-06	-3.411336e-09	-1.283011e-08	-1.969605e+01	-1.645523e+03
7.220000e-06	-3.414693e-09	-1.284006e-08	-1.971543e+01	-1.646821e+03
7.230000e-06	-3.417873e-09	-1.284874e-08	-1.973379e+01	-1.648044e+03
7.240000e-06	-3.420881e-09	-1.285725e-08	-1.975116e+01	-1.649185e+03
7.250000e-06	-3.423654e-09	-1.286579e-08	-1.976717e+01	-1.650240e+03
7.260000e-06	-3.426095e-09	-1.287394e-08	-1.978127e+01	-1.651204e+03
7.270000e-06	-3.428170e-09	-1.288091e-08	-1.979324e+01	-1.652072e+03
7.280000e-06	-3.429944e-09	-1.288633e-08	-1.980349e+01	-1.652840e+03
7.290000e-06	-3.431513e-09	-1.289079e-08	-1.981255e+01	-1.653505e+03
7.300000e-06	-3.432903e-09	-1.289498e-08	-1.982057e+01	-1.654064e+03
7.310000e-06	-3.434073e-09	-1.289876e-08	-1.982733e+01	-1.654516e+03
7.320000e-06	-3.435003e-09	-1.290105e-08	-1.983270e+01	-1.654860e+03
7.330000e-06	-3.435717e-09	-1.290178e-08	-1.983682e+01	-1.655098e+03
7.340000e-06	-3.436171e-09	-1.290214e-08	-1.983944e+01	-1.655232e+03
7.350000e-06	-3.436366e-09	-1.290234e-08	-1.984057e+01	-1.655265e+03
