# Concentracion g/m^3_=_53300.0
# C_Vs_to_Am_M_A/Vsm_=_128687336408.14134
# pendiente_HvsI_1/m_=_3716.3
# ordenada_HvsI_A/m_=_1297.0
# frecuencia_Hz_=_136452.18006940032
# Promedio de 28 ciclos

Tiempo_(s)	Campo_(V.s)	Magnetizacion_(V.s)	Campo_(kA/m)	Magnetizacion_(A/m)
0.000000e+00	-9.230762e-09	-2.325827e-08	-4.959658e+01	-2.981230e+03
1.000000e-08	-9.230704e-09	-2.325705e-08	-4.959627e+01	-2.981114e+03
2.000000e-08	-9.229941e-09	-2.325493e-08	-4.959217e+01	-2.980856e+03
3.000000e-08	-9.228475e-09	-2.325226e-08	-4.958429e+01	-2.980460e+03
4.000000e-08	-9.226418e-09	-2.324804e-08	-4.957324e+01	-2.979930e+03
5.000000e-08	-9.223792e-09	-2.324316e-08	-4.955913e+01	-2.979275e+03
6.000000e-08	-9.220577e-09	-2.323859e-08	-4.954186e+01	-2.978502e+03
7.000000e-08	-9.216655e-09	-2.323306e-08	-4.952079e+01	-2.977620e+03
8.000000e-08	-9.212014e-09	-2.322792e-08	-4.949585e+01	-2.976639e+03
9.000000e-08	-9.206662e-09	-2.322568e-08	-4.946709e+01	-2.975569e+03
1.000000e-07	-9.200338e-09	-2.321287e-08	-4.943311e+01	-2.974420e+03
1.100000e-07	-9.192828e-09	-2.318161e-08	-4.939276e+01	-2.973201e+03
1.200000e-07	-9.184262e-09	-2.316606e-08	-4.934674e+01	-2.971921e+03
1.300000e-07	-9.175194e-09	-2.319555e-08	-4.929802e+01	-2.970589e+03
1.400000e-07	-9.166154e-09	-2.320853e-08	-4.924945e+01	-2.969211e+03
1.500000e-07	-9.156731e-09	-2.314076e-08	-4.919881e+01	-2.967797e+03
1.600000e-07	-9.146259e-09	-2.308538e-08	-4.914255e+01	-2.966353e+03
1.700000e-07	-9.134999e-09	-2.315727e-08	-4.908205e+01	-2.964887e+03
1.800000e-07	-9.123504e-09	-2.319298e-08	-4.902029e+01	-2.963405e+03
1.900000e-07	-9.111379e-09	-2.305658e-08	-4.895514e+01	-2.961914e+03
2.000000e-07	-9.098323e-09	-2.301338e-08	-4.888499e+01	-2.960422e+03
2.100000e-07	-9.084750e-09	-2.314241e-08	-4.881207e+01	-2.958934e+03
2.200000e-07	-9.070859e-09	-2.312431e-08	-4.873743e+01	-2.957455e+03
2.300000e-07	-9.056197e-09	-2.297418e-08	-4.865865e+01	-2.955989e+03
2.400000e-07	-9.040690e-09	-2.301891e-08	-4.857533e+01	-2.954536e+03
2.500000e-07	-9.024739e-09	-2.310720e-08	-4.848963e+01	-2.953095e+03
2.600000e-07	-9.008026e-09	-2.297784e-08	-4.839983e+01	-2.951660e+03
2.700000e-07	-8.990305e-09	-2.290770e-08	-4.830462e+01	-2.950224e+03
2.800000e-07	-8.972006e-09	-2.301682e-08	-4.820630e+01	-2.948773e+03
2.900000e-07	-8.953184e-09	-2.297234e-08	-4.810517e+01	-2.947289e+03
3.000000e-07	-8.933359e-09	-2.284332e-08	-4.799865e+01	-2.945753e+03
3.100000e-07	-8.912742e-09	-2.292104e-08	-4.788787e+01	-2.944138e+03
3.200000e-07	-8.891646e-09	-2.295913e-08	-4.777453e+01	-2.942419e+03
3.300000e-07	-8.869843e-09	-2.280844e-08	-4.765738e+01	-2.940566e+03
3.400000e-07	-8.847326e-09	-2.280358e-08	-4.753640e+01	-2.938548e+03
3.500000e-07	-8.824362e-09	-2.290630e-08	-4.741301e+01	-2.936338e+03
3.600000e-07	-8.800768e-09	-2.280592e-08	-4.728624e+01	-2.933908e+03
3.700000e-07	-8.776421e-09	-2.271152e-08	-4.715543e+01	-2.931234e+03
3.800000e-07	-8.751506e-09	-2.279044e-08	-4.702156e+01	-2.928296e+03
3.900000e-07	-8.725977e-09	-2.275595e-08	-4.688439e+01	-2.925079e+03
4.000000e-07	-8.699627e-09	-2.263261e-08	-4.674282e+01	-2.921574e+03
4.100000e-07	-8.672547e-09	-2.265318e-08	-4.659732e+01	-2.917779e+03
4.200000e-07	-8.644849e-09	-2.264630e-08	-4.644849e+01	-2.913696e+03
4.300000e-07	-8.616503e-09	-2.253808e-08	-4.629619e+01	-2.909335e+03
4.400000e-07	-8.587585e-09	-2.252637e-08	-4.614082e+01	-2.904709e+03
4.500000e-07	-8.558077e-09	-2.253402e-08	-4.598227e+01	-2.899835e+03
4.600000e-07	-8.527859e-09	-2.244369e-08	-4.581991e+01	-2.894734e+03
4.700000e-07	-8.496965e-09	-2.239607e-08	-4.565392e+01	-2.889427e+03
4.800000e-07	-8.465412e-09	-2.239139e-08	-4.548439e+01	-2.883938e+03
4.900000e-07	-8.433134e-09	-2.232584e-08	-4.531096e+01	-2.878286e+03
5.000000e-07	-8.400247e-09	-2.227006e-08	-4.513426e+01	-2.872492e+03
5.100000e-07	-8.366837e-09	-2.224893e-08	-4.495474e+01	-2.866570e+03
5.200000e-07	-8.332892e-09	-2.219584e-08	-4.477236e+01	-2.860535e+03
5.300000e-07	-8.298394e-09	-2.214162e-08	-4.458700e+01	-2.854394e+03
5.400000e-07	-8.263292e-09	-2.210534e-08	-4.439840e+01	-2.848152e+03
5.500000e-07	-8.227496e-09	-2.205045e-08	-4.420607e+01	-2.841810e+03
5.600000e-07	-8.191022e-09	-2.199532e-08	-4.401010e+01	-2.835365e+03
5.700000e-07	-8.153933e-09	-2.194772e-08	-4.381082e+01	-2.828813e+03
5.800000e-07	-8.116282e-09	-2.188854e-08	-4.360852e+01	-2.822146e+03
5.900000e-07	-8.078110e-09	-2.183573e-08	-4.340342e+01	-2.815356e+03
6.000000e-07	-8.039418e-09	-2.179016e-08	-4.319553e+01	-2.808435e+03
6.100000e-07	-8.000122e-09	-2.173155e-08	-4.298440e+01	-2.801373e+03
6.200000e-07	-7.960219e-09	-2.167244e-08	-4.277000e+01	-2.794163e+03
6.300000e-07	-7.919764e-09	-2.161644e-08	-4.255264e+01	-2.786800e+03
6.400000e-07	-7.878740e-09	-2.155523e-08	-4.233222e+01	-2.779279e+03
6.500000e-07	-7.837111e-09	-2.149681e-08	-4.210854e+01	-2.771596e+03
6.600000e-07	-7.794897e-09	-2.143859e-08	-4.188173e+01	-2.763751e+03
6.700000e-07	-7.752089e-09	-2.137186e-08	-4.165172e+01	-2.755744e+03
6.800000e-07	-7.708673e-09	-2.130759e-08	-4.141846e+01	-2.747576e+03
6.900000e-07	-7.664690e-09	-2.124639e-08	-4.118214e+01	-2.739249e+03
7.000000e-07	-7.620146e-09	-2.118059e-08	-4.094280e+01	-2.730766e+03
7.100000e-07	-7.575002e-09	-2.111252e-08	-4.070024e+01	-2.722129e+03
7.200000e-07	-7.529263e-09	-2.104206e-08	-4.045449e+01	-2.713340e+03
7.300000e-07	-7.482948e-09	-2.097030e-08	-4.020564e+01	-2.704400e+03
7.400000e-07	-7.436083e-09	-2.090356e-08	-3.995384e+01	-2.695310e+03
7.500000e-07	-7.388734e-09	-2.083424e-08	-3.969943e+01	-2.686068e+03
7.600000e-07	-7.340886e-09	-2.075723e-08	-3.944235e+01	-2.676675e+03
7.700000e-07	-7.292482e-09	-2.068117e-08	-3.918227e+01	-2.667128e+03
7.800000e-07	-7.243499e-09	-2.060613e-08	-3.891909e+01	-2.657424e+03
7.900000e-07	-7.193938e-09	-2.052753e-08	-3.865280e+01	-2.647560e+03
8.000000e-07	-7.143832e-09	-2.044883e-08	-3.838358e+01	-2.637535e+03
8.100000e-07	-7.093235e-09	-2.036994e-08	-3.811173e+01	-2.627345e+03
8.200000e-07	-7.042132e-09	-2.028683e-08	-3.783715e+01	-2.616987e+03
8.300000e-07	-6.990482e-09	-2.020321e-08	-3.755964e+01	-2.606461e+03
8.400000e-07	-6.938273e-09	-2.012200e-08	-3.727912e+01	-2.595764e+03
8.500000e-07	-6.885526e-09	-2.003782e-08	-3.699571e+01	-2.584896e+03
8.600000e-07	-6.832295e-09	-1.994900e-08	-3.670970e+01	-2.573856e+03
8.700000e-07	-6.778646e-09	-1.986143e-08	-3.642145e+01	-2.562644e+03
8.800000e-07	-6.724564e-09	-1.977512e-08	-3.613087e+01	-2.551261e+03
8.900000e-07	-6.670001e-09	-1.968695e-08	-3.583771e+01	-2.539706e+03
9.000000e-07	-6.614934e-09	-1.959668e-08	-3.554183e+01	-2.527979e+03
9.100000e-07	-6.559327e-09	-1.950465e-08	-3.524306e+01	-2.516081e+03
9.200000e-07	-6.503132e-09	-1.940909e-08	-3.494112e+01	-2.504009e+03
9.300000e-07	-6.446354e-09	-1.931138e-08	-3.463606e+01	-2.491762e+03
9.400000e-07	-6.389018e-09	-1.921469e-08	-3.432800e+01	-2.479339e+03
9.500000e-07	-6.331163e-09	-1.911756e-08	-3.401715e+01	-2.466737e+03
9.600000e-07	-6.272831e-09	-1.901671e-08	-3.370373e+01	-2.453953e+03
9.700000e-07	-6.214072e-09	-1.891368e-08	-3.338802e+01	-2.440983e+03
9.800000e-07	-6.154922e-09	-1.881032e-08	-3.307020e+01	-2.427824e+03
9.900000e-07	-6.095365e-09	-1.870595e-08	-3.275021e+01	-2.414470e+03
1.000000e-06	-6.035417e-09	-1.860042e-08	-3.242811e+01	-2.400919e+03
1.010000e-06	-5.975076e-09	-1.849402e-08	-3.210390e+01	-2.387167e+03
1.020000e-06	-5.914321e-09	-1.838540e-08	-3.177746e+01	-2.373209e+03
1.030000e-06	-5.853133e-09	-1.827515e-08	-3.144870e+01	-2.359042e+03
1.040000e-06	-5.791500e-09	-1.816469e-08	-3.111755e+01	-2.344662e+03
1.050000e-06	-5.729415e-09	-1.805274e-08	-3.078397e+01	-2.330066e+03
1.060000e-06	-5.666861e-09	-1.793712e-08	-3.044787e+01	-2.315251e+03
1.070000e-06	-5.603862e-09	-1.781927e-08	-3.010938e+01	-2.300212e+03
1.080000e-06	-5.540463e-09	-1.770135e-08	-2.976874e+01	-2.284947e+03
1.090000e-06	-5.476671e-09	-1.758211e-08	-2.942599e+01	-2.269451e+03
1.100000e-06	-5.412477e-09	-1.745954e-08	-2.908107e+01	-2.253721e+03
1.110000e-06	-5.347882e-09	-1.733324e-08	-2.873400e+01	-2.237750e+03
1.120000e-06	-5.282921e-09	-1.720511e-08	-2.838497e+01	-2.221536e+03
1.130000e-06	-5.217611e-09	-1.707731e-08	-2.803406e+01	-2.205072e+03
1.140000e-06	-5.151908e-09	-1.694897e-08	-2.768104e+01	-2.188352e+03
1.150000e-06	-5.085814e-09	-1.681712e-08	-2.732592e+01	-2.171373e+03
1.160000e-06	-5.019410e-09	-1.668196e-08	-2.696914e+01	-2.154127e+03
1.170000e-06	-4.952705e-09	-1.654523e-08	-2.661073e+01	-2.136611e+03
1.180000e-06	-4.885633e-09	-1.640730e-08	-2.625036e+01	-2.118820e+03
1.190000e-06	-4.818148e-09	-1.626735e-08	-2.588776e+01	-2.100749e+03
1.200000e-06	-4.750272e-09	-1.612507e-08	-2.552307e+01	-2.082397e+03
1.210000e-06	-4.682036e-09	-1.598064e-08	-2.515644e+01	-2.063759e+03
1.220000e-06	-4.613433e-09	-1.583462e-08	-2.478783e+01	-2.044834e+03
1.230000e-06	-4.544453e-09	-1.568711e-08	-2.441721e+01	-2.025622e+03
1.240000e-06	-4.475133e-09	-1.553765e-08	-2.404475e+01	-2.006120e+03
1.250000e-06	-4.405535e-09	-1.538501e-08	-2.367080e+01	-1.986328e+03
1.260000e-06	-4.335671e-09	-1.522880e-08	-2.329543e+01	-1.966244e+03
1.270000e-06	-4.265504e-09	-1.506988e-08	-2.291842e+01	-1.945866e+03
1.280000e-06	-4.195019e-09	-1.490915e-08	-2.253971e+01	-1.925192e+03
1.290000e-06	-4.124223e-09	-1.474575e-08	-2.215933e+01	-1.904218e+03
1.300000e-06	-4.053124e-09	-1.457893e-08	-2.177732e+01	-1.882938e+03
1.310000e-06	-3.981735e-09	-1.441005e-08	-2.139374e+01	-1.861347e+03
1.320000e-06	-3.910040e-09	-1.424024e-08	-2.100853e+01	-1.839434e+03
1.330000e-06	-3.838010e-09	-1.406882e-08	-2.062151e+01	-1.817192e+03
1.340000e-06	-3.765631e-09	-1.389461e-08	-2.023263e+01	-1.794608e+03
1.350000e-06	-3.692925e-09	-1.371710e-08	-1.984198e+01	-1.771673e+03
1.360000e-06	-3.619923e-09	-1.353633e-08	-1.944974e+01	-1.748372e+03
1.370000e-06	-3.546647e-09	-1.335233e-08	-1.905603e+01	-1.724694e+03
1.380000e-06	-3.473104e-09	-1.316514e-08	-1.866089e+01	-1.700628e+03
1.390000e-06	-3.399315e-09	-1.297512e-08	-1.826442e+01	-1.676160e+03
1.400000e-06	-3.325309e-09	-1.278143e-08	-1.786679e+01	-1.651282e+03
1.410000e-06	-3.251101e-09	-1.258320e-08	-1.746808e+01	-1.625984e+03
1.420000e-06	-3.176682e-09	-1.238090e-08	-1.706822e+01	-1.600258e+03
1.430000e-06	-3.102043e-09	-1.217557e-08	-1.666719e+01	-1.574096e+03
1.440000e-06	-3.027189e-09	-1.196799e-08	-1.626501e+01	-1.547493e+03
1.450000e-06	-2.952116e-09	-1.175790e-08	-1.586164e+01	-1.520443e+03
1.460000e-06	-2.876806e-09	-1.154433e-08	-1.545700e+01	-1.492941e+03
1.470000e-06	-2.801258e-09	-1.132700e-08	-1.505108e+01	-1.464982e+03
1.480000e-06	-2.725486e-09	-1.110571e-08	-1.464396e+01	-1.436559e+03
1.490000e-06	-2.649512e-09	-1.088060e-08	-1.423576e+01	-1.407666e+03
1.500000e-06	-2.573340e-09	-1.065206e-08	-1.382649e+01	-1.378294e+03
1.510000e-06	-2.496983e-09	-1.041964e-08	-1.341622e+01	-1.348431e+03
1.520000e-06	-2.420457e-09	-1.018310e-08	-1.300505e+01	-1.318066e+03
1.530000e-06	-2.343779e-09	-9.943418e-09	-1.259306e+01	-1.287185e+03
1.540000e-06	-2.266958e-09	-9.700397e-09	-1.218031e+01	-1.255772e+03
1.550000e-06	-2.189994e-09	-9.452733e-09	-1.176678e+01	-1.223809e+03
1.560000e-06	-2.112899e-09	-9.199024e-09	-1.135255e+01	-1.191280e+03
1.570000e-06	-2.035673e-09	-8.939730e-09	-1.093762e+01	-1.158166e+03
1.580000e-06	-1.958309e-09	-8.675888e-09	-1.052194e+01	-1.124448e+03
1.590000e-06	-1.880789e-09	-8.408041e-09	-1.010543e+01	-1.090110e+03
1.600000e-06	-1.803107e-09	-8.136480e-09	-9.688051e+00	-1.055135e+03
1.610000e-06	-1.725277e-09	-7.860282e-09	-9.269872e+00	-1.019507e+03
1.620000e-06	-1.647305e-09	-7.578377e-09	-8.850931e+00	-9.832109e+02
1.630000e-06	-1.569195e-09	-7.290953e-09	-8.431250e+00	-9.462339e+02
1.640000e-06	-1.490959e-09	-6.998216e-09	-8.010892e+00	-9.085622e+02
1.650000e-06	-1.412615e-09	-6.699570e-09	-7.589950e+00	-8.701824e+02
1.660000e-06	-1.334186e-09	-6.395184e-09	-7.168553e+00	-8.310809e+02
1.670000e-06	-1.255693e-09	-6.084789e-09	-6.746813e+00	-7.912429e+02
1.680000e-06	-1.177140e-09	-5.768145e-09	-6.324750e+00	-7.506525e+02
1.690000e-06	-1.098518e-09	-5.445547e-09	-5.902318e+00	-7.092922e+02
1.700000e-06	-1.019829e-09	-5.117133e-09	-5.479520e+00	-6.671435e+02
1.710000e-06	-9.410643e-10	-4.782447e-09	-5.056322e+00	-6.241871e+02
1.720000e-06	-8.622178e-10	-4.441434e-09	-4.632682e+00	-5.804037e+02
1.730000e-06	-7.832885e-10	-4.093781e-09	-4.208597e+00	-5.357756e+02
1.740000e-06	-7.042872e-10	-3.739066e-09	-3.784125e+00	-4.902884e+02
1.750000e-06	-6.252250e-10	-3.378002e-09	-3.359326e+00	-4.439326e+02
1.760000e-06	-5.461101e-10	-3.010899e-09	-2.934244e+00	-3.967062e+02
1.770000e-06	-4.669479e-10	-2.637441e-09	-2.508907e+00	-3.486168e+02
1.780000e-06	-3.877542e-10	-2.257272e-09	-2.083402e+00	-2.996837e+02
1.790000e-06	-3.085425e-10	-1.870446e-09	-1.657800e+00	-2.499401e+02
1.800000e-06	-2.293254e-10	-1.477349e-09	-1.232169e+00	-1.994345e+02
1.810000e-06	-1.501227e-10	-1.078971e-09	-8.066144e-01	-1.482315e+02
1.820000e-06	-7.093580e-11	-6.760288e-10	-3.811457e-01	-9.641261e+01
1.830000e-06	8.239669e-12	-2.687272e-10	4.426186e-02	-4.407527e+01
1.840000e-06	8.740262e-11	1.420611e-10	4.696023e-01	8.668015e+00
1.850000e-06	1.665586e-10	5.543199e-10	8.949053e-01	6.169186e+01
1.860000e-06	2.457159e-10	9.665325e-10	1.320215e+00	1.148607e+02
1.870000e-06	3.248786e-10	1.378515e-09	1.745554e+00	1.680319e+02
1.880000e-06	4.040424e-10	1.789883e-09	2.170899e+00	2.210598e+02
1.890000e-06	4.831906e-10	2.199525e-09	2.596160e+00	2.737995e+02
1.900000e-06	5.623121e-10	2.605898e-09	3.021278e+00	3.261109e+02
1.910000e-06	6.414012e-10	3.008188e-09	3.446221e+00	3.778622e+02
1.920000e-06	7.204387e-10	3.405280e-09	3.870887e+00	4.289336e+02
1.930000e-06	7.994116e-10	3.795151e-09	4.295207e+00	4.792201e+02
1.940000e-06	8.783121e-10	4.176540e-09	4.719137e+00	5.286332e+02
1.950000e-06	9.571144e-10	4.549030e-09	5.142539e+00	5.771024e+02
1.960000e-06	1.035805e-09	4.913531e-09	5.565343e+00	6.245757e+02
1.970000e-06	1.114387e-09	5.271577e-09	5.987560e+00	6.710187e+02
1.980000e-06	1.192872e-09	5.622522e-09	6.409259e+00	7.164139e+02
1.990000e-06	1.271282e-09	5.965559e-09	6.830553e+00	7.607588e+02
2.000000e-06	1.349619e-09	6.300958e-09	7.251452e+00	8.040632e+02
2.010000e-06	1.427876e-09	6.628447e-09	7.671925e+00	8.463472e+02
2.020000e-06	1.506051e-09	6.947285e-09	8.091958e+00	8.876381e+02
2.030000e-06	1.584133e-09	7.257733e-09	8.511489e+00	9.279679e+02
2.040000e-06	1.662105e-09	7.561648e-09	8.930433e+00	9.673712e+02
2.050000e-06	1.739949e-09	7.859710e-09	9.348686e+00	1.005883e+03
2.060000e-06	1.817651e-09	8.151347e-09	9.766174e+00	1.043536e+03
2.070000e-06	1.895208e-09	8.435896e-09	1.018289e+01	1.080362e+03
2.080000e-06	1.972615e-09	8.713555e-09	1.059879e+01	1.116391e+03
2.090000e-06	2.049858e-09	8.985923e-09	1.101381e+01	1.151646e+03
2.100000e-06	2.126933e-09	9.253025e-09	1.142793e+01	1.186152e+03
2.110000e-06	2.203842e-09	9.513625e-09	1.184117e+01	1.219929e+03
2.120000e-06	2.280585e-09	9.767897e-09	1.225350e+01	1.252996e+03
2.130000e-06	2.357162e-09	1.001666e-08	1.266495e+01	1.285371e+03
2.140000e-06	2.433568e-09	1.026051e-08	1.307548e+01	1.317073e+03
2.150000e-06	2.509810e-09	1.050018e-08	1.348512e+01	1.348121e+03
2.160000e-06	2.585907e-09	1.073612e-08	1.389399e+01	1.378534e+03
2.170000e-06	2.661859e-09	1.096814e-08	1.430208e+01	1.408332e+03
2.180000e-06	2.737645e-09	1.119502e-08	1.470927e+01	1.437535e+03
2.190000e-06	2.813232e-09	1.141605e-08	1.511540e+01	1.466166e+03
2.200000e-06	2.888599e-09	1.163202e-08	1.552035e+01	1.494244e+03
2.210000e-06	2.963724e-09	1.184379e-08	1.592399e+01	1.521791e+03
2.220000e-06	3.038598e-09	1.205270e-08	1.632628e+01	1.548825e+03
2.230000e-06	3.113230e-09	1.225966e-08	1.672728e+01	1.575364e+03
2.240000e-06	3.187633e-09	1.246393e-08	1.712704e+01	1.601423e+03
2.250000e-06	3.261808e-09	1.266397e-08	1.752558e+01	1.627016e+03
2.260000e-06	3.335749e-09	1.285899e-08	1.792287e+01	1.652154e+03
2.270000e-06	3.409455e-09	1.304883e-08	1.831889e+01	1.676849e+03
2.280000e-06	3.482916e-09	1.323384e-08	1.871359e+01	1.701107e+03
2.290000e-06	3.556131e-09	1.341571e-08	1.910697e+01	1.724939e+03
2.300000e-06	3.629089e-09	1.359572e-08	1.949897e+01	1.748351e+03
2.310000e-06	3.701780e-09	1.377321e-08	1.988954e+01	1.771353e+03
2.320000e-06	3.774186e-09	1.394718e-08	2.027857e+01	1.793954e+03
2.330000e-06	3.846272e-09	1.411769e-08	2.066589e+01	1.816166e+03
2.340000e-06	3.918027e-09	1.428572e-08	2.105143e+01	1.838002e+03
2.350000e-06	3.989458e-09	1.445203e-08	2.143522e+01	1.859474e+03
2.360000e-06	4.060562e-09	1.461632e-08	2.181726e+01	1.880597e+03
2.370000e-06	4.131347e-09	1.477812e-08	2.219759e+01	1.901388e+03
2.380000e-06	4.201803e-09	1.493697e-08	2.257614e+01	1.921860e+03
2.390000e-06	4.271921e-09	1.509283e-08	2.295288e+01	1.942028e+03
2.400000e-06	4.341733e-09	1.524553e-08	2.332798e+01	1.961904e+03
2.410000e-06	4.411273e-09	1.539488e-08	2.370162e+01	1.981498e+03
2.420000e-06	4.480542e-09	1.554145e-08	2.407380e+01	2.000818e+03
2.430000e-06	4.549517e-09	1.568636e-08	2.444440e+01	2.019867e+03
2.440000e-06	4.618181e-09	1.583031e-08	2.481333e+01	2.038648e+03
2.450000e-06	4.686509e-09	1.597311e-08	2.518045e+01	2.057159e+03
2.460000e-06	4.754485e-09	1.611421e-08	2.554568e+01	2.075398e+03
2.470000e-06	4.822097e-09	1.625344e-08	2.590896e+01	2.093358e+03
2.480000e-06	4.889322e-09	1.639038e-08	2.627016e+01	2.111037e+03
2.490000e-06	4.956151e-09	1.652480e-08	2.662923e+01	2.128430e+03
2.500000e-06	5.022611e-09	1.665722e-08	2.698632e+01	2.145532e+03
2.510000e-06	5.088720e-09	1.678768e-08	2.734152e+01	2.162345e+03
2.520000e-06	5.154469e-09	1.691597e-08	2.769479e+01	2.178869e+03
2.530000e-06	5.219838e-09	1.704176e-08	2.804601e+01	2.195110e+03
2.540000e-06	5.284829e-09	1.716522e-08	2.839521e+01	2.211076e+03
2.550000e-06	5.349451e-09	1.728704e-08	2.874242e+01	2.226776e+03
2.560000e-06	5.413697e-09	1.740706e-08	2.908761e+01	2.242225e+03
2.570000e-06	5.477553e-09	1.752439e-08	2.943071e+01	2.257436e+03
2.580000e-06	5.541028e-09	1.763887e-08	2.977176e+01	2.272424e+03
2.590000e-06	5.604129e-09	1.775151e-08	3.011080e+01	2.287203e+03
2.600000e-06	5.666840e-09	1.786320e-08	3.044774e+01	2.301786e+03
2.610000e-06	5.729121e-09	1.797378e-08	3.078238e+01	2.316182e+03
2.620000e-06	5.790937e-09	1.808263e-08	3.111451e+01	2.330398e+03
2.630000e-06	5.852278e-09	1.818984e-08	3.144409e+01	2.344439e+03
2.640000e-06	5.913140e-09	1.829580e-08	3.177110e+01	2.358305e+03
2.650000e-06	5.973530e-09	1.840052e-08	3.209558e+01	2.371993e+03
2.660000e-06	6.033496e-09	1.850414e-08	3.241777e+01	2.385497e+03
2.670000e-06	6.093064e-09	1.860599e-08	3.273782e+01	2.398811e+03
2.680000e-06	6.152231e-09	1.870643e-08	3.305573e+01	2.411926e+03
2.690000e-06	6.210988e-09	1.880697e-08	3.337143e+01	2.424835e+03
2.700000e-06	6.269311e-09	1.890669e-08	3.368480e+01	2.437531e+03
2.710000e-06	6.327178e-09	1.900402e-08	3.399572e+01	2.450010e+03
2.720000e-06	6.384571e-09	1.909932e-08	3.430408e+01	2.462269e+03
2.730000e-06	6.441490e-09	1.919263e-08	3.460991e+01	2.474311e+03
2.740000e-06	6.497916e-09	1.928363e-08	3.491308e+01	2.486139e+03
2.750000e-06	6.553806e-09	1.937307e-08	3.521338e+01	2.497761e+03
2.760000e-06	6.609154e-09	1.946140e-08	3.551076e+01	2.509188e+03
2.770000e-06	6.663973e-09	1.954811e-08	3.580530e+01	2.520433e+03
2.780000e-06	6.718268e-09	1.963264e-08	3.609702e+01	2.531508e+03
2.790000e-06	6.772068e-09	1.971589e-08	3.638609e+01	2.542427e+03
2.800000e-06	6.825406e-09	1.979870e-08	3.667268e+01	2.553204e+03
2.810000e-06	6.878275e-09	1.988035e-08	3.695674e+01	2.563848e+03
2.820000e-06	6.930650e-09	1.996023e-08	3.723815e+01	2.574368e+03
2.830000e-06	6.982527e-09	2.003875e-08	3.751688e+01	2.584770e+03
2.840000e-06	7.033890e-09	2.011727e-08	3.779285e+01	2.595056e+03
2.850000e-06	7.084745e-09	2.019626e-08	3.806609e+01	2.605224e+03
2.860000e-06	7.135122e-09	2.027465e-08	3.833677e+01	2.615269e+03
2.870000e-06	7.185018e-09	2.035145e-08	3.860486e+01	2.625186e+03
2.880000e-06	7.234387e-09	2.042646e-08	3.887012e+01	2.634965e+03
2.890000e-06	7.283190e-09	2.050005e-08	3.913233e+01	2.644596e+03
2.900000e-06	7.331421e-09	2.057268e-08	3.939148e+01	2.654069e+03
2.910000e-06	7.379104e-09	2.064429e-08	3.964768e+01	2.663375e+03
2.920000e-06	7.426264e-09	2.071445e-08	3.990107e+01	2.672505e+03
2.930000e-06	7.472873e-09	2.078370e-08	4.015149e+01	2.681452e+03
2.940000e-06	7.518886e-09	2.085248e-08	4.039872e+01	2.690211e+03
2.950000e-06	7.564291e-09	2.092014e-08	4.064268e+01	2.698781e+03
2.960000e-06	7.609113e-09	2.098587e-08	4.088351e+01	2.707161e+03
2.970000e-06	7.653407e-09	2.104912e-08	4.112150e+01	2.715353e+03
2.980000e-06	7.697207e-09	2.111015e-08	4.135683e+01	2.723362e+03
2.990000e-06	7.740497e-09	2.117018e-08	4.158943e+01	2.731192e+03
3.000000e-06	7.783234e-09	2.122986e-08	4.181906e+01	2.738850e+03
3.010000e-06	7.825359e-09	2.128802e-08	4.204539e+01	2.746344e+03
3.020000e-06	7.866857e-09	2.134410e-08	4.226836e+01	2.753681e+03
3.030000e-06	7.907775e-09	2.139940e-08	4.248821e+01	2.760867e+03
3.040000e-06	7.948136e-09	2.145447e-08	4.270507e+01	2.767911e+03
3.050000e-06	7.987913e-09	2.150882e-08	4.291879e+01	2.774818e+03
3.060000e-06	8.027061e-09	2.156151e-08	4.312913e+01	2.781596e+03
3.070000e-06	8.065575e-09	2.161213e-08	4.333606e+01	2.788249e+03
3.080000e-06	8.103507e-09	2.166135e-08	4.353987e+01	2.794784e+03
3.090000e-06	8.140911e-09	2.171021e-08	4.374084e+01	2.801206e+03
3.100000e-06	8.177806e-09	2.175888e-08	4.393908e+01	2.807518e+03
3.110000e-06	8.214146e-09	2.180691e-08	4.413433e+01	2.813727e+03
3.120000e-06	8.249850e-09	2.185420e-08	4.432617e+01	2.819834e+03
3.130000e-06	8.284916e-09	2.190092e-08	4.451458e+01	2.825844e+03
3.140000e-06	8.319383e-09	2.194698e-08	4.469977e+01	2.831758e+03
3.150000e-06	8.353295e-09	2.199145e-08	4.488197e+01	2.837578e+03
3.160000e-06	8.386657e-09	2.203416e-08	4.506122e+01	2.843303e+03
3.170000e-06	8.419406e-09	2.207569e-08	4.523719e+01	2.848932e+03
3.180000e-06	8.451502e-09	2.211691e-08	4.540964e+01	2.854462e+03
3.190000e-06	8.482966e-09	2.215894e-08	4.557869e+01	2.859888e+03
3.200000e-06	8.513828e-09	2.220108e-08	4.574451e+01	2.865204e+03
3.210000e-06	8.544068e-09	2.224166e-08	4.590699e+01	2.870403e+03
3.220000e-06	8.573629e-09	2.228082e-08	4.606582e+01	2.875477e+03
3.230000e-06	8.602517e-09	2.231954e-08	4.622103e+01	2.880418e+03
3.240000e-06	8.630793e-09	2.235707e-08	4.637296e+01	2.885219e+03
3.250000e-06	8.658484e-09	2.239257e-08	4.652174e+01	2.889873e+03
3.260000e-06	8.685585e-09	2.242634e-08	4.666736e+01	2.894374e+03
3.270000e-06	8.712034e-09	2.245880e-08	4.680947e+01	2.898719e+03
3.280000e-06	8.737793e-09	2.249086e-08	4.694787e+01	2.902906e+03
3.290000e-06	8.762925e-09	2.252267e-08	4.708290e+01	2.906935e+03
3.300000e-06	8.787471e-09	2.255332e-08	4.721479e+01	2.910811e+03
3.310000e-06	8.811456e-09	2.258190e-08	4.734366e+01	2.914538e+03
3.320000e-06	8.834807e-09	2.260819e-08	4.746913e+01	2.918124e+03
3.330000e-06	8.857450e-09	2.263325e-08	4.759079e+01	2.921577e+03
3.340000e-06	8.879444e-09	2.265798e-08	4.770896e+01	2.924906e+03
3.350000e-06	8.900808e-09	2.268206e-08	4.782374e+01	2.928122e+03
3.360000e-06	8.921458e-09	2.270504e-08	4.793470e+01	2.931232e+03
3.370000e-06	8.941335e-09	2.272746e-08	4.804150e+01	2.934246e+03
3.380000e-06	8.960506e-09	2.274984e-08	4.814450e+01	2.937169e+03
3.390000e-06	8.979049e-09	2.277225e-08	4.824413e+01	2.940008e+03
3.400000e-06	8.997007e-09	2.279358e-08	4.834062e+01	2.942764e+03
3.410000e-06	9.014352e-09	2.281238e-08	4.843381e+01	2.945439e+03
3.420000e-06	9.030971e-09	2.282947e-08	4.852310e+01	2.948033e+03
3.430000e-06	9.046894e-09	2.284654e-08	4.860866e+01	2.950544e+03
3.440000e-06	9.062192e-09	2.286384e-08	4.869086e+01	2.952969e+03
3.450000e-06	9.076890e-09	2.288060e-08	4.876983e+01	2.955304e+03
3.460000e-06	9.090966e-09	2.289679e-08	4.884546e+01	2.957547e+03
3.470000e-06	9.104326e-09	2.291270e-08	4.891724e+01	2.959695e+03
3.480000e-06	9.117015e-09	2.292819e-08	4.898542e+01	2.961745e+03
3.490000e-06	9.129108e-09	2.294315e-08	4.905039e+01	2.963697e+03
3.500000e-06	9.140618e-09	2.295701e-08	4.911224e+01	2.965549e+03
3.510000e-06	9.151502e-09	2.296907e-08	4.917071e+01	2.967303e+03
3.520000e-06	9.161644e-09	2.298040e-08	4.922521e+01	2.968958e+03
3.530000e-06	9.171068e-09	2.299203e-08	4.927584e+01	2.970518e+03
3.540000e-06	9.179849e-09	2.300349e-08	4.932302e+01	2.971981e+03
3.550000e-06	9.188031e-09	2.301473e-08	4.936699e+01	2.973350e+03
3.560000e-06	9.195601e-09	2.302558e-08	4.940766e+01	2.974624e+03
3.570000e-06	9.202474e-09	2.303511e-08	4.944459e+01	2.975802e+03
3.580000e-06	9.208634e-09	2.304319e-08	4.947768e+01	2.976881e+03
3.590000e-06	9.214100e-09	2.305013e-08	4.950705e+01	2.977857e+03
3.600000e-06	9.218868e-09	2.305579e-08	4.953267e+01	2.978725e+03
3.610000e-06	9.222871e-09	2.306027e-08	4.955418e+01	2.979480e+03
3.620000e-06	9.226147e-09	2.306382e-08	4.957178e+01	2.980114e+03
3.630000e-06	9.228797e-09	2.306721e-08	4.958602e+01	2.980622e+03
3.640000e-06	9.230839e-09	2.307066e-08	4.959699e+01	2.980997e+03
3.650000e-06	9.232274e-09	2.307347e-08	4.960470e+01	2.981235e+03
3.660000e-06	9.233011e-09	2.307405e-08	4.960866e+01	2.981332e+03
3.670000e-06	9.233030e-09	2.307281e-08	4.960876e+01	2.981286e+03
3.680000e-06	9.232420e-09	2.307121e-08	4.960549e+01	2.981098e+03
3.690000e-06	9.231219e-09	2.306839e-08	4.959903e+01	2.980769e+03
3.700000e-06	9.229426e-09	2.306515e-08	4.958940e+01	2.980305e+03
3.710000e-06	9.226952e-09	2.306153e-08	4.957611e+01	2.979711e+03
3.720000e-06	9.223807e-09	2.305624e-08	4.955921e+01	2.978995e+03
3.730000e-06	9.220086e-09	2.305059e-08	4.953922e+01	2.978165e+03
3.740000e-06	9.215783e-09	2.304233e-08	4.951610e+01	2.977232e+03
3.750000e-06	9.210831e-09	2.302779e-08	4.948949e+01	2.976205e+03
3.760000e-06	9.204988e-09	2.303128e-08	4.945809e+01	2.975094e+03
3.770000e-06	9.197875e-09	2.305373e-08	4.941988e+01	2.973909e+03
3.780000e-06	9.189359e-09	2.302959e-08	4.937412e+01	2.972658e+03
3.790000e-06	9.180160e-09	2.294833e-08	4.932470e+01	2.971350e+03
3.800000e-06	9.171260e-09	2.294309e-08	4.927688e+01	2.969994e+03
3.810000e-06	9.162375e-09	2.302708e-08	4.922914e+01	2.968597e+03
3.820000e-06	9.152347e-09	2.301336e-08	4.917526e+01	2.967167e+03
3.830000e-06	9.141207e-09	2.287562e-08	4.911541e+01	2.965711e+03
3.840000e-06	9.129896e-09	2.287255e-08	4.905463e+01	2.964236e+03
3.850000e-06	9.118340e-09	2.301021e-08	4.899254e+01	2.962749e+03
3.860000e-06	9.105615e-09	2.296598e-08	4.892417e+01	2.961257e+03
3.870000e-06	9.091926e-09	2.281785e-08	4.885062e+01	2.959766e+03
3.880000e-06	9.078052e-09	2.288618e-08	4.877607e+01	2.958282e+03
3.890000e-06	9.063692e-09	2.300473e-08	4.869892e+01	2.956809e+03
3.900000e-06	9.048295e-09	2.288446e-08	4.861619e+01	2.955349e+03
3.910000e-06	9.032249e-09	2.279498e-08	4.852998e+01	2.953903e+03
3.920000e-06	9.015859e-09	2.293175e-08	4.844191e+01	2.952466e+03
3.930000e-06	8.998548e-09	2.294972e-08	4.834890e+01	2.951032e+03
3.940000e-06	8.980310e-09	2.279416e-08	4.825091e+01	2.949590e+03
3.950000e-06	8.961718e-09	2.283514e-08	4.815101e+01	2.948124e+03
3.960000e-06	8.942634e-09	2.294957e-08	4.804848e+01	2.946617e+03
3.970000e-06	8.922630e-09	2.282605e-08	4.794100e+01	2.945044e+03
3.980000e-06	8.901912e-09	2.275529e-08	4.782968e+01	2.943380e+03
3.990000e-06	8.880595e-09	2.289062e-08	4.771515e+01	2.941597e+03
4.000000e-06	8.858537e-09	2.286328e-08	4.759663e+01	2.939664e+03
4.010000e-06	8.835804e-09	2.272346e-08	4.747448e+01	2.937553e+03
4.020000e-06	8.812471e-09	2.280712e-08	4.734912e+01	2.935235e+03
4.030000e-06	8.788472e-09	2.286954e-08	4.722017e+01	2.932684e+03
4.040000e-06	8.763872e-09	2.272124e-08	4.708800e+01	2.929878e+03
4.050000e-06	8.738635e-09	2.271771e-08	4.695240e+01	2.926800e+03
4.060000e-06	8.712681e-09	2.281532e-08	4.681295e+01	2.923439e+03
4.070000e-06	8.686069e-09	2.270660e-08	4.666996e+01	2.919787e+03
4.080000e-06	8.658758e-09	2.263944e-08	4.652322e+01	2.915846e+03
4.090000e-06	8.630644e-09	2.271234e-08	4.637217e+01	2.911621e+03
4.100000e-06	8.601915e-09	2.263440e-08	4.621781e+01	2.907123e+03
4.110000e-06	8.572712e-09	2.253116e-08	4.606090e+01	2.902369e+03
4.120000e-06	8.542845e-09	2.256399e-08	4.590043e+01	2.897378e+03
4.130000e-06	8.512271e-09	2.252467e-08	4.573615e+01	2.892170e+03
4.140000e-06	8.481078e-09	2.243975e-08	4.556855e+01	2.886768e+03
4.150000e-06	8.449233e-09	2.243366e-08	4.539745e+01	2.881194e+03
4.160000e-06	8.416769e-09	2.238791e-08	4.522302e+01	2.875468e+03
4.170000e-06	8.383744e-09	2.231625e-08	4.504558e+01	2.869608e+03
4.180000e-06	8.350056e-09	2.229660e-08	4.486458e+01	2.863627e+03
4.190000e-06	8.315714e-09	2.224614e-08	4.468006e+01	2.857537e+03
4.200000e-06	8.280770e-09	2.218162e-08	4.449231e+01	2.851345e+03
4.210000e-06	8.245182e-09	2.215208e-08	4.430110e+01	2.845052e+03
4.220000e-06	8.208965e-09	2.209709e-08	4.410650e+01	2.838659e+03
4.230000e-06	8.172180e-09	2.204154e-08	4.390886e+01	2.832161e+03
4.240000e-06	8.134790e-09	2.200863e-08	4.370796e+01	2.825552e+03
4.250000e-06	8.096828e-09	2.194047e-08	4.350400e+01	2.818824e+03
4.260000e-06	8.058334e-09	2.187251e-08	4.329717e+01	2.811968e+03
4.270000e-06	8.019276e-09	2.183837e-08	4.308731e+01	2.804977e+03
4.280000e-06	7.979674e-09	2.178261e-08	4.287453e+01	2.797841e+03
4.290000e-06	7.939538e-09	2.171721e-08	4.265888e+01	2.790554e+03
4.300000e-06	7.898786e-09	2.166880e-08	4.243992e+01	2.783112e+03
4.310000e-06	7.857391e-09	2.160702e-08	4.221751e+01	2.775509e+03
4.320000e-06	7.815376e-09	2.154031e-08	4.199176e+01	2.767744e+03
4.330000e-06	7.772798e-09	2.148735e-08	4.176299e+01	2.759817e+03
4.340000e-06	7.729697e-09	2.142494e-08	4.153141e+01	2.751728e+03
4.350000e-06	7.686059e-09	2.135399e-08	4.129694e+01	2.743480e+03
4.360000e-06	7.641798e-09	2.128995e-08	4.105914e+01	2.735074e+03
4.370000e-06	7.596905e-09	2.122840e-08	4.081792e+01	2.726513e+03
4.380000e-06	7.551455e-09	2.116564e-08	4.057372e+01	2.717798e+03
4.390000e-06	7.505470e-09	2.109704e-08	4.032665e+01	2.708933e+03
4.400000e-06	7.458944e-09	2.102065e-08	4.007667e+01	2.699917e+03
4.410000e-06	7.411840e-09	2.094929e-08	3.982358e+01	2.690750e+03
4.420000e-06	7.364122e-09	2.088200e-08	3.956719e+01	2.681432e+03
4.430000e-06	7.315807e-09	2.080761e-08	3.930759e+01	2.671961e+03
4.440000e-06	7.266990e-09	2.073207e-08	3.904530e+01	2.662334e+03
4.450000e-06	7.217689e-09	2.065846e-08	3.878041e+01	2.652550e+03
4.460000e-06	7.167835e-09	2.057893e-08	3.851255e+01	2.642605e+03
4.470000e-06	7.117407e-09	2.049906e-08	3.824160e+01	2.632497e+03
4.480000e-06	7.066418e-09	2.042432e-08	3.796764e+01	2.622222e+03
4.490000e-06	7.014890e-09	2.034376e-08	3.769078e+01	2.611780e+03
4.500000e-06	6.962878e-09	2.025656e-08	3.741132e+01	2.601167e+03
4.510000e-06	6.910392e-09	2.017364e-08	3.712932e+01	2.590384e+03
4.520000e-06	6.857407e-09	2.009355e-08	3.684463e+01	2.579429e+03
4.530000e-06	6.803941e-09	2.000820e-08	3.655735e+01	2.568302e+03
4.540000e-06	6.750033e-09	1.991897e-08	3.626771e+01	2.557003e+03
4.550000e-06	6.695660e-09	1.982945e-08	3.597557e+01	2.545533e+03
4.560000e-06	6.640791e-09	1.973938e-08	3.568076e+01	2.533891e+03
4.570000e-06	6.585410e-09	1.964794e-08	3.538320e+01	2.522077e+03
4.580000e-06	6.529497e-09	1.955664e-08	3.508278e+01	2.510091e+03
4.590000e-06	6.473043e-09	1.946370e-08	3.477945e+01	2.497931e+03
4.600000e-06	6.416067e-09	1.936660e-08	3.447333e+01	2.485596e+03
4.610000e-06	6.358568e-09	1.926789e-08	3.416439e+01	2.473083e+03
4.620000e-06	6.300567e-09	1.917037e-08	3.385275e+01	2.460389e+03
4.630000e-06	6.242127e-09	1.907124e-08	3.353875e+01	2.447511e+03
4.640000e-06	6.183275e-09	1.896920e-08	3.322254e+01	2.434446e+03
4.650000e-06	6.123990e-09	1.886607e-08	3.290401e+01	2.421189e+03
4.660000e-06	6.064263e-09	1.876266e-08	3.258309e+01	2.407736e+03
4.670000e-06	6.004113e-09	1.865769e-08	3.225991e+01	2.394083e+03
4.680000e-06	5.943551e-09	1.855015e-08	3.193451e+01	2.380227e+03
4.690000e-06	5.882577e-09	1.844083e-08	3.160690e+01	2.366164e+03
4.700000e-06	5.821196e-09	1.832974e-08	3.127710e+01	2.351890e+03
4.710000e-06	5.759398e-09	1.821644e-08	3.094506e+01	2.337401e+03
4.720000e-06	5.697132e-09	1.810171e-08	3.061051e+01	2.322695e+03
4.730000e-06	5.634388e-09	1.798629e-08	3.027339e+01	2.307767e+03
4.740000e-06	5.571206e-09	1.786972e-08	2.993391e+01	2.292614e+03
4.750000e-06	5.507602e-09	1.775105e-08	2.959217e+01	2.277233e+03
4.760000e-06	5.443553e-09	1.763004e-08	2.924804e+01	2.261618e+03
4.770000e-06	5.379072e-09	1.750726e-08	2.890159e+01	2.245767e+03
4.780000e-06	5.314220e-09	1.738298e-08	2.855314e+01	2.229674e+03
4.790000e-06	5.249028e-09	1.725577e-08	2.820286e+01	2.213334e+03
4.800000e-06	5.183470e-09	1.712556e-08	2.785062e+01	2.196741e+03
4.810000e-06	5.117542e-09	1.699475e-08	2.749639e+01	2.179891e+03
4.820000e-06	5.051266e-09	1.686286e-08	2.714029e+01	2.162777e+03
4.830000e-06	4.984649e-09	1.672751e-08	2.678237e+01	2.145395e+03
4.840000e-06	4.917684e-09	1.658873e-08	2.642256e+01	2.127741e+03
4.850000e-06	4.850328e-09	1.644809e-08	2.606066e+01	2.109809e+03
4.860000e-06	4.782584e-09	1.630560e-08	2.569668e+01	2.091596e+03
4.870000e-06	4.714489e-09	1.616145e-08	2.533080e+01	2.073099e+03
4.880000e-06	4.646055e-09	1.601637e-08	2.496311e+01	2.054316e+03
4.890000e-06	4.577304e-09	1.586967e-08	2.459371e+01	2.035246e+03
4.900000e-06	4.508248e-09	1.571930e-08	2.422268e+01	2.015887e+03
4.910000e-06	4.438884e-09	1.556527e-08	2.384998e+01	1.996239e+03
4.920000e-06	4.369208e-09	1.540934e-08	2.347562e+01	1.976299e+03
4.930000e-06	4.299231e-09	1.525195e-08	2.309964e+01	1.956067e+03
4.940000e-06	4.228958e-09	1.509268e-08	2.272206e+01	1.935540e+03
4.950000e-06	4.158381e-09	1.493097e-08	2.234285e+01	1.914714e+03
4.960000e-06	4.087497e-09	1.476675e-08	2.196199e+01	1.893586e+03
4.970000e-06	4.016304e-09	1.460057e-08	2.157948e+01	1.872150e+03
4.980000e-06	3.944787e-09	1.443143e-08	2.119522e+01	1.850397e+03
4.990000e-06	3.872920e-09	1.425829e-08	2.080908e+01	1.828318e+03
5.000000e-06	3.800708e-09	1.408142e-08	2.042109e+01	1.805905e+03
5.010000e-06	3.728167e-09	1.390197e-08	2.003133e+01	1.783145e+03
5.020000e-06	3.655301e-09	1.372165e-08	1.963983e+01	1.760026e+03
5.030000e-06	3.582145e-09	1.354116e-08	1.924676e+01	1.736536e+03
5.040000e-06	3.508737e-09	1.335881e-08	1.885235e+01	1.712663e+03
5.050000e-06	3.435078e-09	1.317253e-08	1.845657e+01	1.688395e+03
5.060000e-06	3.361167e-09	1.298242e-08	1.805946e+01	1.663721e+03
5.070000e-06	3.287024e-09	1.278849e-08	1.766109e+01	1.638631e+03
5.080000e-06	3.212677e-09	1.258979e-08	1.726162e+01	1.613117e+03
5.090000e-06	3.138131e-09	1.238657e-08	1.686108e+01	1.587171e+03
5.100000e-06	3.063368e-09	1.218023e-08	1.645939e+01	1.560787e+03
5.110000e-06	2.988380e-09	1.197156e-08	1.605648e+01	1.533958e+03
5.120000e-06	2.913157e-09	1.176124e-08	1.565231e+01	1.506681e+03
5.130000e-06	2.837699e-09	1.154881e-08	1.524688e+01	1.478948e+03
5.140000e-06	2.762018e-09	1.133256e-08	1.484024e+01	1.450755e+03
5.150000e-06	2.686118e-09	1.111099e-08	1.443244e+01	1.422096e+03
5.160000e-06	2.610002e-09	1.088400e-08	1.402347e+01	1.392961e+03
5.170000e-06	2.533691e-09	1.065204e-08	1.361345e+01	1.363342e+03
5.180000e-06	2.457220e-09	1.041676e-08	1.320258e+01	1.333227e+03
5.190000e-06	2.380609e-09	1.017849e-08	1.279094e+01	1.302603e+03
5.200000e-06	2.303855e-09	9.936759e-09	1.237855e+01	1.271454e+03
5.210000e-06	2.226945e-09	9.691773e-09	1.196531e+01	1.239765e+03
5.220000e-06	2.149875e-09	9.442417e-09	1.155122e+01	1.207518e+03
5.230000e-06	2.072647e-09	9.188031e-09	1.113628e+01	1.174695e+03
5.240000e-06	1.995277e-09	8.928289e-09	1.072057e+01	1.141278e+03
5.250000e-06	1.917775e-09	8.662696e-09	1.030415e+01	1.107248e+03
5.260000e-06	1.840143e-09	8.392078e-09	9.887036e+00	1.072590e+03
5.270000e-06	1.762376e-09	8.118193e-09	9.469198e+00	1.037286e+03
5.280000e-06	1.684463e-09	7.840928e-09	9.050573e+00	1.001322e+03
5.290000e-06	1.606406e-09	7.557904e-09	8.631174e+00	9.646829e+02
5.300000e-06	1.528219e-09	7.268516e-09	8.211078e+00	9.273559e+02
5.310000e-06	1.449916e-09	6.973717e-09	7.790358e+00	8.893276e+02
5.320000e-06	1.371514e-09	6.673398e-09	7.369109e+00	8.505844e+02
5.330000e-06	1.293040e-09	6.367866e-09	6.947471e+00	8.111120e+02
5.340000e-06	1.214508e-09	6.057125e-09	6.525518e+00	7.708953e+02
5.350000e-06	1.135906e-09	5.739356e-09	6.103196e+00	7.299176e+02
5.360000e-06	1.057226e-09	5.413762e-09	5.680451e+00	6.881607e+02
5.370000e-06	9.784781e-10	5.082260e-09	5.257340e+00	6.456057e+02
5.380000e-06	8.996664e-10	4.745463e-09	4.833888e+00	6.022331e+02
5.390000e-06	8.207812e-10	4.402247e-09	4.410040e+00	5.580243e+02
5.400000e-06	7.418197e-10	4.052054e-09	3.985783e+00	5.129630e+02
5.410000e-06	6.627886e-10	3.695229e-09	3.561151e+00	4.670371e+02
5.420000e-06	5.836891e-10	3.332502e-09	3.136153e+00	4.202405e+02
5.430000e-06	5.045329e-10	2.964526e-09	2.710849e+00	3.725758e+02
5.440000e-06	4.253485e-10	2.590023e-09	2.285394e+00	3.240563e+02
5.450000e-06	3.461447e-10	2.207940e-09	1.859834e+00	2.747081e+02
5.460000e-06	2.669303e-10	1.819094e-09	1.434218e+00	2.245720e+02
5.470000e-06	1.877282e-10	1.424036e-09	1.008668e+00	1.737045e+02
5.480000e-06	1.085425e-10	1.023179e-09	5.832056e-01	1.221789e+02
5.490000e-06	2.937208e-11	6.178847e-10	1.578256e-01	7.008479e+01
5.500000e-06	-4.978890e-11	2.094173e-10	-2.675037e-01	1.752742e+01
5.510000e-06	-1.289569e-10	-2.011344e-10	-6.928709e-01	-3.537388e+01
5.520000e-06	-2.081338e-10	-6.131119e-10	-1.118286e+00	-8.848818e+01
5.530000e-06	-2.873117e-10	-1.026508e-09	-1.543706e+00	-1.416759e+02
5.540000e-06	-3.664851e-10	-1.440311e-09	-1.969102e+00	-1.947926e+02
5.550000e-06	-4.456448e-10	-1.852840e-09	-2.394424e+00	-2.476922e+02
5.560000e-06	-5.247797e-10	-2.262628e-09	-2.819614e+00	-3.002319e+02
5.570000e-06	-6.038801e-10	-2.668908e-09	-3.244617e+00	-3.522753e+02
5.580000e-06	-6.829233e-10	-3.070618e-09	-3.669314e+00	-4.036965e+02
5.590000e-06	-7.619070e-10	-3.466367e-09	-4.093690e+00	-4.543826e+02
5.600000e-06	-8.408257e-10	-3.854772e-09	-4.517718e+00	-5.042369e+02
5.610000e-06	-9.196634e-10	-4.235218e-09	-4.941310e+00	-5.531799e+02
5.620000e-06	-9.984086e-10	-4.608068e-09	-5.364405e+00	-6.011505e+02
5.630000e-06	-1.077056e-09	-4.974302e-09	-5.786972e+00	-6.481056e+02
5.640000e-06	-1.155625e-09	-5.333014e-09	-6.209125e+00	-6.940196e+02
5.650000e-06	-1.234124e-09	-5.683102e-09	-6.630894e+00	-7.388829e+02
5.660000e-06	-1.312544e-09	-6.025770e-09	-7.052245e+00	-7.826994e+02
5.670000e-06	-1.390875e-09	-6.361558e-09	-7.473114e+00	-8.254845e+02
5.680000e-06	-1.469106e-09	-6.689668e-09	-7.893446e+00	-8.672623e+02
5.690000e-06	-1.547239e-09	-7.009645e-09	-8.313249e+00	-9.080628e+02
5.700000e-06	-1.625261e-09	-7.321748e-09	-8.732463e+00	-9.479195e+02
5.710000e-06	-1.703155e-09	-7.626700e-09	-9.150982e+00	-9.868673e+02
5.720000e-06	-1.780922e-09	-7.924784e-09	-9.568822e+00	-1.024941e+03
5.730000e-06	-1.858570e-09	-8.215678e-09	-9.986022e+00	-1.062172e+03
5.740000e-06	-1.936085e-09	-8.499767e-09	-1.040251e+01	-1.098591e+03
5.750000e-06	-2.013448e-09	-8.777966e-09	-1.081818e+01	-1.134225e+03
5.760000e-06	-2.090644e-09	-9.051063e-09	-1.123295e+01	-1.169099e+03
5.770000e-06	-2.167674e-09	-9.318623e-09	-1.164683e+01	-1.203233e+03
5.780000e-06	-2.244539e-09	-9.579895e-09	-1.205982e+01	-1.236649e+03
5.790000e-06	-2.321242e-09	-9.834851e-09	-1.247195e+01	-1.269363e+03
5.800000e-06	-2.397785e-09	-1.008376e-08	-1.288321e+01	-1.301396e+03
5.810000e-06	-2.474167e-09	-1.032734e-08	-1.329361e+01	-1.332765e+03
5.820000e-06	-2.550389e-09	-1.056722e-08	-1.370315e+01	-1.363489e+03
5.830000e-06	-2.626438e-09	-1.080364e-08	-1.411175e+01	-1.393588e+03
5.840000e-06	-2.702301e-09	-1.103514e-08	-1.451937e+01	-1.423082e+03
5.850000e-06	-2.777968e-09	-1.126123e-08	-1.492592e+01	-1.451993e+03
5.860000e-06	-2.853420e-09	-1.148260e-08	-1.533132e+01	-1.480342e+03
5.870000e-06	-2.928637e-09	-1.169938e-08	-1.573546e+01	-1.508149e+03
5.880000e-06	-3.003613e-09	-1.191201e-08	-1.613831e+01	-1.535434e+03
5.890000e-06	-3.078357e-09	-1.212119e-08	-1.653990e+01	-1.562216e+03
5.900000e-06	-3.152867e-09	-1.232666e-08	-1.694024e+01	-1.588510e+03
5.910000e-06	-3.227148e-09	-1.252897e-08	-1.733935e+01	-1.614331e+03
5.920000e-06	-3.301200e-09	-1.272806e-08	-1.773723e+01	-1.639693e+03
5.930000e-06	-3.375010e-09	-1.292289e-08	-1.813381e+01	-1.664606e+03
5.940000e-06	-3.448579e-09	-1.311349e-08	-1.852909e+01	-1.689079e+03
5.950000e-06	-3.521900e-09	-1.330007e-08	-1.892304e+01	-1.713120e+03
5.960000e-06	-3.594955e-09	-1.348262e-08	-1.931557e+01	-1.736738e+03
5.970000e-06	-3.667738e-09	-1.366237e-08	-1.970663e+01	-1.759942e+03
5.980000e-06	-3.740239e-09	-1.384030e-08	-2.009617e+01	-1.782740e+03
5.990000e-06	-3.812432e-09	-1.401630e-08	-2.048406e+01	-1.805143e+03
6.000000e-06	-3.884283e-09	-1.419012e-08	-2.087011e+01	-1.827163e+03
6.010000e-06	-3.955770e-09	-1.436204e-08	-2.125421e+01	-1.848812e+03
6.020000e-06	-4.026904e-09	-1.453150e-08	-2.163641e+01	-1.870106e+03
6.030000e-06	-4.097694e-09	-1.469677e-08	-2.201676e+01	-1.891060e+03
6.040000e-06	-4.168145e-09	-1.485789e-08	-2.239529e+01	-1.911687e+03
6.050000e-06	-4.238279e-09	-1.501559e-08	-2.277212e+01	-1.932004e+03
6.060000e-06	-4.308101e-09	-1.517132e-08	-2.314727e+01	-1.952023e+03
6.070000e-06	-4.377613e-09	-1.532621e-08	-2.352076e+01	-1.971755e+03
6.080000e-06	-4.446835e-09	-1.547905e-08	-2.389268e+01	-1.991210e+03
6.090000e-06	-4.515780e-09	-1.562923e-08	-2.426312e+01	-2.010392e+03
6.100000e-06	-4.584442e-09	-1.577737e-08	-2.463204e+01	-2.029306e+03
6.110000e-06	-4.652806e-09	-1.592380e-08	-2.499936e+01	-2.047950e+03
6.120000e-06	-4.720867e-09	-1.606816e-08	-2.536505e+01	-2.066324e+03
6.130000e-06	-4.788609e-09	-1.621002e-08	-2.572903e+01	-2.084422e+03
6.140000e-06	-4.856005e-09	-1.634941e-08	-2.609115e+01	-2.102241e+03
6.150000e-06	-4.923033e-09	-1.648641e-08	-2.645129e+01	-2.119775e+03
6.160000e-06	-4.989687e-09	-1.662126e-08	-2.680942e+01	-2.137021e+03
6.170000e-06	-5.055977e-09	-1.675426e-08	-2.716559e+01	-2.153977e+03
6.180000e-06	-5.121890e-09	-1.688450e-08	-2.751974e+01	-2.170644e+03
6.190000e-06	-5.187401e-09	-1.701140e-08	-2.787172e+01	-2.187024e+03
6.200000e-06	-5.252528e-09	-1.713585e-08	-2.822165e+01	-2.203124e+03
6.210000e-06	-5.317306e-09	-1.725933e-08	-2.856970e+01	-2.218954e+03
6.220000e-06	-5.381723e-09	-1.738135e-08	-2.891581e+01	-2.234526e+03
6.230000e-06	-5.445748e-09	-1.750095e-08	-2.925982e+01	-2.249853e+03
6.240000e-06	-5.509356e-09	-1.761910e-08	-2.960158e+01	-2.264949e+03
6.250000e-06	-5.572538e-09	-1.773623e-08	-2.994105e+01	-2.279830e+03
6.260000e-06	-5.635282e-09	-1.785215e-08	-3.027817e+01	-2.294508e+03
6.270000e-06	-5.697572e-09	-1.796682e-08	-3.061286e+01	-2.308995e+03
6.280000e-06	-5.759424e-09	-1.807976e-08	-3.094519e+01	-2.323299e+03
6.290000e-06	-5.820864e-09	-1.819078e-08	-3.127530e+01	-2.337427e+03
6.300000e-06	-5.881886e-09	-1.830028e-08	-3.160317e+01	-2.351379e+03
6.310000e-06	-5.942466e-09	-1.840895e-08	-3.192866e+01	-2.365155e+03
6.320000e-06	-6.002604e-09	-1.851684e-08	-3.225178e+01	-2.378751e+03
6.330000e-06	-6.062327e-09	-1.862273e-08	-3.257267e+01	-2.392160e+03
6.340000e-06	-6.121620e-09	-1.872614e-08	-3.289125e+01	-2.405375e+03
6.350000e-06	-6.180479e-09	-1.882766e-08	-3.320750e+01	-2.418386e+03
6.360000e-06	-6.238931e-09	-1.892775e-08	-3.352156e+01	-2.431188e+03
6.370000e-06	-6.296984e-09	-1.902570e-08	-3.383348e+01	-2.443775e+03
6.380000e-06	-6.354600e-09	-1.912106e-08	-3.414305e+01	-2.456143e+03
6.390000e-06	-6.411726e-09	-1.921481e-08	-3.444998e+01	-2.468291e+03
6.400000e-06	-6.468333e-09	-1.930775e-08	-3.475413e+01	-2.480224e+03
6.410000e-06	-6.524393e-09	-1.939939e-08	-3.505534e+01	-2.491947e+03
6.420000e-06	-6.579914e-09	-1.948961e-08	-3.535365e+01	-2.503469e+03
6.430000e-06	-6.634944e-09	-1.957885e-08	-3.564933e+01	-2.514802e+03
6.440000e-06	-6.689494e-09	-1.966707e-08	-3.594242e+01	-2.525959e+03
6.450000e-06	-6.743545e-09	-1.975417e-08	-3.623283e+01	-2.536954e+03
6.460000e-06	-6.797099e-09	-1.984001e-08	-3.652058e+01	-2.547800e+03
6.470000e-06	-6.850161e-09	-1.992414e-08	-3.680568e+01	-2.558508e+03
6.480000e-06	-6.902736e-09	-2.000688e-08	-3.708817e+01	-2.569089e+03
6.490000e-06	-6.954855e-09	-2.008945e-08	-3.736820e+01	-2.579549e+03
6.500000e-06	-7.006527e-09	-2.017145e-08	-3.764583e+01	-2.589892e+03
6.510000e-06	-7.057725e-09	-2.025254e-08	-3.792092e+01	-2.600118e+03
6.520000e-06	-7.108409e-09	-2.033252e-08	-3.819324e+01	-2.610225e+03
6.530000e-06	-7.158560e-09	-2.041083e-08	-3.846270e+01	-2.620206e+03
6.540000e-06	-7.208166e-09	-2.048775e-08	-3.872923e+01	-2.630054e+03
6.550000e-06	-7.257241e-09	-2.056332e-08	-3.899291e+01	-2.639760e+03
6.560000e-06	-7.305795e-09	-2.063765e-08	-3.925379e+01	-2.649312e+03
6.570000e-06	-7.353788e-09	-2.071056e-08	-3.951166e+01	-2.658702e+03
6.580000e-06	-7.401194e-09	-2.078224e-08	-3.976636e+01	-2.667919e+03
6.590000e-06	-7.448009e-09	-2.085333e-08	-4.001790e+01	-2.676957e+03
6.600000e-06	-7.494233e-09	-2.092332e-08	-4.026626e+01	-2.685810e+03
6.610000e-06	-7.539853e-09	-2.099120e-08	-4.051137e+01	-2.694473e+03
6.620000e-06	-7.584856e-09	-2.105730e-08	-4.075317e+01	-2.702947e+03
6.630000e-06	-7.629244e-09	-2.112206e-08	-4.099167e+01	-2.711231e+03
6.640000e-06	-7.673077e-09	-2.118466e-08	-4.122718e+01	-2.719330e+03
6.650000e-06	-7.716424e-09	-2.124551e-08	-4.146008e+01	-2.727248e+03
6.660000e-06	-7.759282e-09	-2.130516e-08	-4.169036e+01	-2.734990e+03
6.670000e-06	-7.801614e-09	-2.136340e-08	-4.191781e+01	-2.742565e+03
6.680000e-06	-7.843367e-09	-2.142092e-08	-4.214215e+01	-2.749978e+03
6.690000e-06	-7.884492e-09	-2.147849e-08	-4.236311e+01	-2.757238e+03
6.700000e-06	-7.924981e-09	-2.153532e-08	-4.258065e+01	-2.764351e+03
6.710000e-06	-7.964887e-09	-2.159046e-08	-4.279507e+01	-2.771325e+03
6.720000e-06	-8.004257e-09	-2.164439e-08	-4.300660e+01	-2.778166e+03
6.730000e-06	-8.043111e-09	-2.169695e-08	-4.321536e+01	-2.784880e+03
6.740000e-06	-8.081430e-09	-2.174781e-08	-4.342125e+01	-2.791473e+03
6.750000e-06	-8.119164e-09	-2.179796e-08	-4.362399e+01	-2.797950e+03
6.760000e-06	-8.156295e-09	-2.184736e-08	-4.382350e+01	-2.804316e+03
6.770000e-06	-8.192844e-09	-2.189603e-08	-4.401988e+01	-2.810575e+03
6.780000e-06	-8.228817e-09	-2.194485e-08	-4.421315e+01	-2.816732e+03
6.790000e-06	-8.264206e-09	-2.199335e-08	-4.440330e+01	-2.822790e+03
6.800000e-06	-8.298990e-09	-2.204084e-08	-4.459019e+01	-2.828751e+03
6.810000e-06	-8.333130e-09	-2.208706e-08	-4.477363e+01	-2.834617e+03
6.820000e-06	-8.366660e-09	-2.213233e-08	-4.495378e+01	-2.840390e+03
6.830000e-06	-8.399627e-09	-2.217666e-08	-4.513091e+01	-2.846066e+03
6.840000e-06	-8.432033e-09	-2.222027e-08	-4.530503e+01	-2.851646e+03
6.850000e-06	-8.463849e-09	-2.226359e-08	-4.547598e+01	-2.857123e+03
6.860000e-06	-8.494989e-09	-2.230637e-08	-4.564329e+01	-2.862494e+03
6.870000e-06	-8.525433e-09	-2.234821e-08	-4.580687e+01	-2.867752e+03
6.880000e-06	-8.555246e-09	-2.238888e-08	-4.596705e+01	-2.872889e+03
6.890000e-06	-8.584484e-09	-2.242822e-08	-4.612414e+01	-2.877897e+03
6.900000e-06	-8.613146e-09	-2.246600e-08	-4.627815e+01	-2.882768e+03
6.910000e-06	-8.641155e-09	-2.250253e-08	-4.642864e+01	-2.887495e+03
6.920000e-06	-8.668493e-09	-2.253824e-08	-4.657552e+01	-2.892073e+03
6.930000e-06	-8.695225e-09	-2.257287e-08	-4.671916e+01	-2.896495e+03
6.940000e-06	-8.721377e-09	-2.260640e-08	-4.685967e+01	-2.900760e+03
6.950000e-06	-8.746937e-09	-2.263907e-08	-4.699700e+01	-2.904867e+03
6.960000e-06	-8.771823e-09	-2.267009e-08	-4.713071e+01	-2.908818e+03
6.970000e-06	-8.796002e-09	-2.269958e-08	-4.726063e+01	-2.912618e+03
6.980000e-06	-8.819555e-09	-2.272817e-08	-4.738717e+01	-2.916272e+03
6.990000e-06	-8.842529e-09	-2.275554e-08	-4.751061e+01	-2.919790e+03
7.000000e-06	-8.864901e-09	-2.278222e-08	-4.763082e+01	-2.923179e+03
7.010000e-06	-8.886560e-09	-2.280893e-08	-4.774719e+01	-2.926450e+03
7.020000e-06	-8.907469e-09	-2.283546e-08	-4.785954e+01	-2.929611e+03
7.030000e-06	-8.927687e-09	-2.286132e-08	-4.796816e+01	-2.932672e+03
7.040000e-06	-8.947160e-09	-2.288629e-08	-4.807279e+01	-2.935639e+03
7.050000e-06	-8.965901e-09	-2.291018e-08	-4.817349e+01	-2.938519e+03
7.060000e-06	-8.984037e-09	-2.293295e-08	-4.827093e+01	-2.941315e+03
7.070000e-06	-9.001618e-09	-2.295522e-08	-4.836540e+01	-2.944031e+03
7.080000e-06	-9.018627e-09	-2.297699e-08	-4.845678e+01	-2.946665e+03
7.090000e-06	-9.035049e-09	-2.299825e-08	-4.854502e+01	-2.949217e+03
7.100000e-06	-9.050857e-09	-2.301875e-08	-4.862995e+01	-2.951684e+03
7.110000e-06	-9.065952e-09	-2.303819e-08	-4.871106e+01	-2.954064e+03
7.120000e-06	-9.080346e-09	-2.305655e-08	-4.878840e+01	-2.956354e+03
7.130000e-06	-9.094116e-09	-2.307414e-08	-4.886238e+01	-2.958549e+03
7.140000e-06	-9.107274e-09	-2.309146e-08	-4.893308e+01	-2.960647e+03
7.150000e-06	-9.119788e-09	-2.310790e-08	-4.900032e+01	-2.962648e+03
7.160000e-06	-9.131587e-09	-2.312350e-08	-4.906371e+01	-2.964549e+03
7.170000e-06	-9.142725e-09	-2.313832e-08	-4.912356e+01	-2.966351e+03
7.180000e-06	-9.153254e-09	-2.315192e-08	-4.918013e+01	-2.968055e+03
7.190000e-06	-9.163154e-09	-2.316507e-08	-4.923332e+01	-2.969662e+03
7.200000e-06	-9.172382e-09	-2.317833e-08	-4.928291e+01	-2.971173e+03
7.210000e-06	-9.180888e-09	-2.319071e-08	-4.932861e+01	-2.972589e+03
7.220000e-06	-9.188728e-09	-2.320159e-08	-4.937073e+01	-2.973910e+03
7.230000e-06	-9.195951e-09	-2.321141e-08	-4.940954e+01	-2.975135e+03
7.240000e-06	-9.202558e-09	-2.322014e-08	-4.944504e+01	-2.976263e+03
7.250000e-06	-9.208466e-09	-2.322819e-08	-4.947679e+01	-2.977291e+03
7.260000e-06	-9.213579e-09	-2.323589e-08	-4.950426e+01	-2.978213e+03
7.270000e-06	-9.217972e-09	-2.324261e-08	-4.952786e+01	-2.979024e+03
7.280000e-06	-9.221734e-09	-2.324822e-08	-4.954807e+01	-2.979719e+03
7.290000e-06	-9.224884e-09	-2.325260e-08	-4.956500e+01	-2.980290e+03
7.300000e-06	-9.227332e-09	-2.325567e-08	-4.957815e+01	-2.980731e+03
7.310000e-06	-9.229069e-09	-2.325756e-08	-4.958748e+01	-2.981037e+03
7.320000e-06	-9.230208e-09	-2.325828e-08	-4.959361e+01	-2.981204e+03
