# Concentracion g/m^3_=_53300.0
# C_Vs_to_Am_M_A/Vsm_=_128687336408.14134
# pendiente_HvsI_1/m_=_3716.3
# ordenada_HvsI_A/m_=_1297.0
# frecuencia_Hz_=_136145.7592604156
# Promedio de 30 ciclos

Tiempo_(s)	Campo_(V.s)	Magnetizacion_(V.s)	Campo_(kA/m)	Magnetizacion_(A/m)
0.000000e+00	-5.631189e-09	-1.791806e-08	-3.099302e+01	-2.300364e+03
1.000000e-08	-5.631111e-09	-1.791644e-08	-3.099259e+01	-2.300203e+03
2.000000e-08	-5.630619e-09	-1.791338e-08	-3.098989e+01	-2.299929e+03
3.000000e-08	-5.629611e-09	-1.790939e-08	-3.098434e+01	-2.299547e+03
4.000000e-08	-5.628178e-09	-1.790494e-08	-3.097645e+01	-2.299058e+03
5.000000e-08	-5.626417e-09	-1.790041e-08	-3.096676e+01	-2.298468e+03
6.000000e-08	-5.624299e-09	-1.789609e-08	-3.095510e+01	-2.297778e+03
7.000000e-08	-5.621759e-09	-1.789163e-08	-3.094112e+01	-2.296992e+03
8.000000e-08	-5.618678e-09	-1.788328e-08	-3.092416e+01	-2.296113e+03
9.000000e-08	-5.614863e-09	-1.787215e-08	-3.090317e+01	-2.295141e+03
1.000000e-07	-5.610459e-09	-1.786624e-08	-3.087893e+01	-2.294079e+03
1.100000e-07	-5.605936e-09	-1.786342e-08	-3.085404e+01	-2.292929e+03
1.200000e-07	-5.601254e-09	-1.784825e-08	-3.082827e+01	-2.291690e+03
1.300000e-07	-5.596021e-09	-1.782889e-08	-3.079947e+01	-2.290362e+03
1.400000e-07	-5.590264e-09	-1.782431e-08	-3.076778e+01	-2.288947e+03
1.500000e-07	-5.584168e-09	-1.781797e-08	-3.073423e+01	-2.287441e+03
1.600000e-07	-5.577620e-09	-1.779769e-08	-3.069819e+01	-2.285845e+03
1.700000e-07	-5.570514e-09	-1.778002e-08	-3.065908e+01	-2.284157e+03
1.800000e-07	-5.562959e-09	-1.777104e-08	-3.061750e+01	-2.282373e+03
1.900000e-07	-5.555116e-09	-1.775807e-08	-3.057433e+01	-2.280493e+03
2.000000e-07	-5.547011e-09	-1.773813e-08	-3.052972e+01	-2.278513e+03
2.100000e-07	-5.538539e-09	-1.772062e-08	-3.048309e+01	-2.276430e+03
2.200000e-07	-5.529667e-09	-1.770461e-08	-3.043426e+01	-2.274243e+03
2.300000e-07	-5.520426e-09	-1.768412e-08	-3.038341e+01	-2.271949e+03
2.400000e-07	-5.510785e-09	-1.766390e-08	-3.033034e+01	-2.269547e+03
2.500000e-07	-5.500644e-09	-1.764698e-08	-3.027453e+01	-2.267036e+03
2.600000e-07	-5.490013e-09	-1.762580e-08	-3.021602e+01	-2.264415e+03
2.700000e-07	-5.478990e-09	-1.760044e-08	-3.015535e+01	-2.261685e+03
2.800000e-07	-5.467616e-09	-1.757927e-08	-3.009275e+01	-2.258847e+03
2.900000e-07	-5.455876e-09	-1.755935e-08	-3.002813e+01	-2.255903e+03
3.000000e-07	-5.443777e-09	-1.753199e-08	-2.996155e+01	-2.252855e+03
3.100000e-07	-5.431324e-09	-1.750250e-08	-2.989300e+01	-2.249706e+03
3.200000e-07	-5.418526e-09	-1.747905e-08	-2.982257e+01	-2.246457e+03
3.300000e-07	-5.405381e-09	-1.745554e-08	-2.975022e+01	-2.243110e+03
3.400000e-07	-5.391821e-09	-1.742544e-08	-2.967559e+01	-2.239669e+03
3.500000e-07	-5.377789e-09	-1.739509e-08	-2.959836e+01	-2.236133e+03
3.600000e-07	-5.363337e-09	-1.736891e-08	-2.951882e+01	-2.232504e+03
3.700000e-07	-5.348514e-09	-1.734019e-08	-2.943724e+01	-2.228780e+03
3.800000e-07	-5.333289e-09	-1.730624e-08	-2.935344e+01	-2.224961e+03
3.900000e-07	-5.317653e-09	-1.727433e-08	-2.926738e+01	-2.221044e+03
4.000000e-07	-5.301681e-09	-1.724487e-08	-2.917948e+01	-2.217026e+03
4.100000e-07	-5.285369e-09	-1.721091e-08	-2.908970e+01	-2.212905e+03
4.200000e-07	-5.268600e-09	-1.717559e-08	-2.899740e+01	-2.208677e+03
4.300000e-07	-5.251363e-09	-1.714357e-08	-2.890253e+01	-2.204340e+03
4.400000e-07	-5.233752e-09	-1.710904e-08	-2.880560e+01	-2.199890e+03
4.500000e-07	-5.215791e-09	-1.707012e-08	-2.870675e+01	-2.195326e+03
4.600000e-07	-5.197443e-09	-1.703342e-08	-2.860577e+01	-2.190646e+03
4.700000e-07	-5.178719e-09	-1.699738e-08	-2.850272e+01	-2.185850e+03
4.800000e-07	-5.159657e-09	-1.695705e-08	-2.839780e+01	-2.180938e+03
4.900000e-07	-5.140214e-09	-1.691688e-08	-2.829079e+01	-2.175912e+03
5.000000e-07	-5.120261e-09	-1.687907e-08	-2.818097e+01	-2.170772e+03
5.100000e-07	-5.099784e-09	-1.683736e-08	-2.806827e+01	-2.165520e+03
5.200000e-07	-5.078864e-09	-1.679163e-08	-2.795313e+01	-2.160159e+03
5.300000e-07	-5.057544e-09	-1.674719e-08	-2.783579e+01	-2.154689e+03
5.400000e-07	-5.035843e-09	-1.670291e-08	-2.771635e+01	-2.149110e+03
5.500000e-07	-5.013793e-09	-1.665631e-08	-2.759500e+01	-2.143424e+03
5.600000e-07	-4.991462e-09	-1.661125e-08	-2.747209e+01	-2.137629e+03
5.700000e-07	-4.968833e-09	-1.656796e-08	-2.734754e+01	-2.131723e+03
5.800000e-07	-4.945773e-09	-1.652154e-08	-2.722063e+01	-2.125703e+03
5.900000e-07	-4.922252e-09	-1.647294e-08	-2.709117e+01	-2.119566e+03
6.000000e-07	-4.898373e-09	-1.642435e-08	-2.695974e+01	-2.113309e+03
6.100000e-07	-4.874190e-09	-1.637286e-08	-2.682665e+01	-2.106927e+03
6.200000e-07	-4.849675e-09	-1.631907e-08	-2.669172e+01	-2.100417e+03
6.300000e-07	-4.824812e-09	-1.626658e-08	-2.655488e+01	-2.093776e+03
6.400000e-07	-4.799626e-09	-1.621412e-08	-2.641626e+01	-2.087002e+03
6.500000e-07	-4.774141e-09	-1.616064e-08	-2.627599e+01	-2.080093e+03
6.600000e-07	-4.748323e-09	-1.610753e-08	-2.613390e+01	-2.073050e+03
6.700000e-07	-4.722072e-09	-1.605285e-08	-2.598942e+01	-2.065872e+03
6.800000e-07	-4.695366e-09	-1.599431e-08	-2.584243e+01	-2.058562e+03
6.900000e-07	-4.668319e-09	-1.593440e-08	-2.569357e+01	-2.051121e+03
7.000000e-07	-4.641016e-09	-1.587429e-08	-2.554330e+01	-2.043553e+03
7.100000e-07	-4.613440e-09	-1.581294e-08	-2.539153e+01	-2.035859e+03
7.200000e-07	-4.585562e-09	-1.575157e-08	-2.523809e+01	-2.028041e+03
7.300000e-07	-4.557363e-09	-1.569054e-08	-2.508289e+01	-2.020101e+03
7.400000e-07	-4.528855e-09	-1.562834e-08	-2.492599e+01	-2.012039e+03
7.500000e-07	-4.500065e-09	-1.556495e-08	-2.476753e+01	-2.003853e+03
7.600000e-07	-4.470922e-09	-1.549988e-08	-2.460714e+01	-1.995542e+03
7.700000e-07	-4.441323e-09	-1.543189e-08	-2.444423e+01	-1.987103e+03
7.800000e-07	-4.411283e-09	-1.536266e-08	-2.427889e+01	-1.978533e+03
7.900000e-07	-4.380889e-09	-1.529423e-08	-2.411161e+01	-1.969827e+03
8.000000e-07	-4.350172e-09	-1.522546e-08	-2.394255e+01	-1.960981e+03
8.100000e-07	-4.319115e-09	-1.515486e-08	-2.377162e+01	-1.951994e+03
8.200000e-07	-4.287687e-09	-1.508258e-08	-2.359864e+01	-1.942861e+03
8.300000e-07	-4.255850e-09	-1.500855e-08	-2.342342e+01	-1.933583e+03
8.400000e-07	-4.223629e-09	-1.493349e-08	-2.324608e+01	-1.924160e+03
8.500000e-07	-4.191120e-09	-1.485903e-08	-2.306716e+01	-1.914593e+03
8.600000e-07	-4.158372e-09	-1.478425e-08	-2.288692e+01	-1.904887e+03
8.700000e-07	-4.125363e-09	-1.470840e-08	-2.270524e+01	-1.895046e+03
8.800000e-07	-4.092090e-09	-1.463168e-08	-2.252211e+01	-1.885074e+03
8.900000e-07	-4.058587e-09	-1.455351e-08	-2.233772e+01	-1.874977e+03
9.000000e-07	-4.024858e-09	-1.447377e-08	-2.215208e+01	-1.864761e+03
9.100000e-07	-3.990869e-09	-1.439296e-08	-2.196501e+01	-1.854429e+03
9.200000e-07	-3.956596e-09	-1.431181e-08	-2.177638e+01	-1.843983e+03
9.300000e-07	-3.922042e-09	-1.423052e-08	-2.158620e+01	-1.833424e+03
9.400000e-07	-3.887215e-09	-1.414878e-08	-2.139452e+01	-1.822749e+03
9.500000e-07	-3.852155e-09	-1.406623e-08	-2.120156e+01	-1.811956e+03
9.600000e-07	-3.816881e-09	-1.398192e-08	-2.100741e+01	-1.801036e+03
9.700000e-07	-3.781324e-09	-1.389480e-08	-2.081172e+01	-1.789983e+03
9.800000e-07	-3.745409e-09	-1.380569e-08	-2.061405e+01	-1.778787e+03
9.900000e-07	-3.709142e-09	-1.371639e-08	-2.041444e+01	-1.767439e+03
1.000000e-06	-3.672589e-09	-1.362623e-08	-2.021326e+01	-1.755927e+03
1.010000e-06	-3.635809e-09	-1.353447e-08	-2.001083e+01	-1.744244e+03
1.020000e-06	-3.598806e-09	-1.344212e-08	-1.980717e+01	-1.732382e+03
1.030000e-06	-3.561551e-09	-1.334871e-08	-1.960212e+01	-1.720335e+03
1.040000e-06	-3.524023e-09	-1.325315e-08	-1.939558e+01	-1.708101e+03
1.050000e-06	-3.486222e-09	-1.315583e-08	-1.918753e+01	-1.695680e+03
1.060000e-06	-3.448175e-09	-1.305679e-08	-1.897813e+01	-1.683075e+03
1.070000e-06	-3.409911e-09	-1.295567e-08	-1.876753e+01	-1.670289e+03
1.080000e-06	-3.371424e-09	-1.285377e-08	-1.855570e+01	-1.657329e+03
1.090000e-06	-3.332665e-09	-1.275227e-08	-1.834238e+01	-1.644203e+03
1.100000e-06	-3.293579e-09	-1.265037e-08	-1.812726e+01	-1.630919e+03
1.110000e-06	-3.254170e-09	-1.254722e-08	-1.791036e+01	-1.617482e+03
1.120000e-06	-3.214502e-09	-1.244285e-08	-1.769203e+01	-1.603899e+03
1.130000e-06	-3.174633e-09	-1.233705e-08	-1.747260e+01	-1.590173e+03
1.140000e-06	-3.134592e-09	-1.222978e-08	-1.725222e+01	-1.576306e+03
1.150000e-06	-3.094373e-09	-1.212099e-08	-1.703086e+01	-1.562294e+03
1.160000e-06	-3.053943e-09	-1.201082e-08	-1.680834e+01	-1.548135e+03
1.170000e-06	-3.013276e-09	-1.189988e-08	-1.658452e+01	-1.533820e+03
1.180000e-06	-2.972362e-09	-1.178832e-08	-1.635934e+01	-1.519339e+03
1.190000e-06	-2.931219e-09	-1.167564e-08	-1.613289e+01	-1.504684e+03
1.200000e-06	-2.889878e-09	-1.156144e-08	-1.590536e+01	-1.489840e+03
1.210000e-06	-2.848369e-09	-1.144507e-08	-1.567690e+01	-1.474798e+03
1.220000e-06	-2.806697e-09	-1.132649e-08	-1.544755e+01	-1.459547e+03
1.230000e-06	-2.764830e-09	-1.120605e-08	-1.521712e+01	-1.444077e+03
1.240000e-06	-2.722728e-09	-1.108336e-08	-1.498540e+01	-1.428381e+03
1.250000e-06	-2.680361e-09	-1.095858e-08	-1.475222e+01	-1.412454e+03
1.260000e-06	-2.637729e-09	-1.083251e-08	-1.451758e+01	-1.396295e+03
1.270000e-06	-2.594866e-09	-1.070536e-08	-1.428167e+01	-1.379904e+03
1.280000e-06	-2.551823e-09	-1.057656e-08	-1.404477e+01	-1.363282e+03
1.290000e-06	-2.508632e-09	-1.044572e-08	-1.380706e+01	-1.346433e+03
1.300000e-06	-2.465299e-09	-1.031257e-08	-1.356856e+01	-1.329362e+03
1.310000e-06	-2.421809e-09	-1.017743e-08	-1.332920e+01	-1.312073e+03
1.320000e-06	-2.378139e-09	-1.004084e-08	-1.308885e+01	-1.294571e+03
1.330000e-06	-2.334292e-09	-9.902550e-09	-1.284752e+01	-1.276858e+03
1.340000e-06	-2.290277e-09	-9.762412e-09	-1.260527e+01	-1.258937e+03
1.350000e-06	-2.246108e-09	-9.621390e-09	-1.236217e+01	-1.240806e+03
1.360000e-06	-2.201799e-09	-9.480189e-09	-1.211831e+01	-1.222464e+03
1.370000e-06	-2.157357e-09	-9.337889e-09	-1.187370e+01	-1.203907e+03
1.380000e-06	-2.112787e-09	-9.193626e-09	-1.162840e+01	-1.185129e+03
1.390000e-06	-2.068095e-09	-9.047401e-09	-1.138242e+01	-1.166124e+03
1.400000e-06	-2.023283e-09	-8.899239e-09	-1.113578e+01	-1.146884e+03
1.410000e-06	-1.978335e-09	-8.749144e-09	-1.088840e+01	-1.127402e+03
1.420000e-06	-1.933224e-09	-8.597247e-09	-1.064012e+01	-1.107671e+03
1.430000e-06	-1.887940e-09	-8.443408e-09	-1.039088e+01	-1.087683e+03
1.440000e-06	-1.842461e-09	-8.286698e-09	-1.014058e+01	-1.067435e+03
1.450000e-06	-1.796769e-09	-8.126348e-09	-9.889091e+00	-1.046921e+03
1.460000e-06	-1.750868e-09	-7.963243e-09	-9.636464e+00	-1.026139e+03
1.470000e-06	-1.704785e-09	-7.798419e-09	-9.382834e+00	-1.005087e+03
1.480000e-06	-1.658557e-09	-7.631589e-09	-9.128403e+00	-9.837625e+02
1.490000e-06	-1.612207e-09	-7.463058e-09	-8.873300e+00	-9.621658e+02
1.500000e-06	-1.565746e-09	-7.293163e-09	-8.617587e+00	-9.402955e+02
1.510000e-06	-1.519192e-09	-7.121143e-09	-8.361363e+00	-9.181501e+02
1.520000e-06	-1.472550e-09	-6.947433e-09	-8.104651e+00	-8.957275e+02
1.530000e-06	-1.425809e-09	-6.772311e-09	-7.847400e+00	-8.730242e+02
1.540000e-06	-1.378966e-09	-6.594300e-09	-7.589584e+00	-8.500357e+02
1.550000e-06	-1.332024e-09	-6.412996e-09	-7.331223e+00	-8.267561e+02
1.560000e-06	-1.284982e-09	-6.229839e-09	-7.072312e+00	-8.031787e+02
1.570000e-06	-1.237844e-09	-6.045087e-09	-6.812872e+00	-7.792958e+02
1.580000e-06	-1.190620e-09	-5.857254e-09	-6.552960e+00	-7.550997e+02
1.590000e-06	-1.143313e-09	-5.665549e-09	-6.292591e+00	-7.305823e+02
1.600000e-06	-1.095920e-09	-5.470470e-09	-6.031749e+00	-7.057363e+02
1.610000e-06	-1.048443e-09	-5.272123e-09	-5.770447e+00	-6.805555e+02
1.620000e-06	-1.000895e-09	-5.070543e-09	-5.508751e+00	-6.550345e+02
1.630000e-06	-9.532810e-10	-4.866569e-09	-5.246692e+00	-6.291698e+02
1.640000e-06	-9.056100e-10	-4.660661e-09	-4.984319e+00	-6.029593e+02
1.650000e-06	-8.578912e-10	-4.452993e-09	-4.721684e+00	-5.764023e+02
1.660000e-06	-8.101291e-10	-4.243972e-09	-4.458810e+00	-5.494996e+02
1.670000e-06	-7.623257e-10	-4.033128e-09	-4.195709e+00	-5.222529e+02
1.680000e-06	-7.144841e-10	-3.819365e-09	-3.932397e+00	-4.946648e+02
1.690000e-06	-6.666032e-10	-3.602451e-09	-3.668870e+00	-4.667379e+02
1.700000e-06	-6.186834e-10	-3.382396e-09	-3.405128e+00	-4.384752e+02
1.710000e-06	-5.707311e-10	-3.158967e-09	-3.141207e+00	-4.098793e+02
1.720000e-06	-5.227407e-10	-2.932050e-09	-2.877076e+00	-3.809523e+02
1.730000e-06	-4.747101e-10	-2.702264e-09	-2.612725e+00	-3.516963e+02
1.740000e-06	-4.266458e-10	-2.470419e-09	-2.348187e+00	-3.221133e+02
1.750000e-06	-3.785553e-10	-2.237054e-09	-2.083506e+00	-2.922054e+02
1.760000e-06	-3.304402e-10	-2.002070e-09	-1.818690e+00	-2.619756e+02
1.770000e-06	-2.823102e-10	-1.765303e-09	-1.553791e+00	-2.314286e+02
1.780000e-06	-2.341751e-10	-1.526534e-09	-1.288864e+00	-2.005709e+02
1.790000e-06	-1.860305e-10	-1.285091e-09	-1.023885e+00	-1.694120e+02
1.800000e-06	-1.378827e-10	-1.041313e-09	-7.588886e-01	-1.379650e+02
1.810000e-06	-8.973831e-11	-7.955501e-10	-4.939107e-01	-1.062467e+02
1.820000e-06	-4.159524e-11	-5.474340e-10	-2.289401e-01	-7.427842e+01
1.830000e-06	6.555322e-12	-2.970969e-10	3.607168e-02	-4.208605e+01
1.840000e-06	5.471416e-11	-4.466411e-11	3.011290e-01	-9.699796e+00
1.850000e-06	1.028760e-10	2.096982e-10	5.662029e-01	2.284597e+01
1.860000e-06	1.510444e-10	4.651803e-10	8.313127e-01	5.551324e+01
1.870000e-06	1.992170e-10	7.212500e-10	1.096446e+00	8.826104e+01
1.880000e-06	2.473808e-10	9.775796e-10	1.361530e+00	1.210463e+02
1.890000e-06	2.955236e-10	1.233599e-09	1.626500e+00	1.538249e+02
1.900000e-06	3.436420e-10	1.488828e-09	1.891335e+00	1.865521e+02
1.910000e-06	3.917314e-10	1.743045e-09	2.156010e+00	2.191844e+02
1.920000e-06	4.397886e-10	1.996144e-09	2.420508e+00	2.516795e+02
1.930000e-06	4.878071e-10	2.247646e-09	2.684793e+00	2.839974e+02
1.940000e-06	5.357841e-10	2.496674e-09	2.948850e+00	3.161012e+02
1.950000e-06	5.837285e-10	2.742814e-09	3.212727e+00	3.479570e+02
1.960000e-06	6.316461e-10	2.986286e-09	3.476457e+00	3.795347e+02
1.970000e-06	6.795275e-10	3.227184e-09	3.739987e+00	4.108078e+02
1.980000e-06	7.273726e-10	3.465425e-09	4.003318e+00	4.417530e+02
1.990000e-06	7.751829e-10	3.701309e-09	4.266457e+00	4.723508e+02
2.000000e-06	8.229483e-10	3.934929e-09	4.529350e+00	5.025844e+02
2.010000e-06	8.706634e-10	4.165973e-09	4.791964e+00	5.324402e+02
2.020000e-06	9.183215e-10	4.394722e-09	5.054266e+00	5.619067e+02
2.030000e-06	9.659172e-10	4.620995e-09	5.316224e+00	5.909746e+02
2.040000e-06	1.013444e-09	4.843593e-09	5.577802e+00	6.196366e+02
2.050000e-06	1.060893e-09	5.062067e-09	5.838954e+00	6.478868e+02
2.060000e-06	1.108264e-09	5.276416e-09	6.099676e+00	6.757210e+02
2.070000e-06	1.155554e-09	5.487157e-09	6.359948e+00	7.031361e+02
2.080000e-06	1.202757e-09	5.695334e-09	6.619746e+00	7.301304e+02
2.090000e-06	1.249870e-09	5.901180e-09	6.879049e+00	7.567035e+02
2.100000e-06	1.296890e-09	6.104500e-09	7.137839e+00	7.828560e+02
2.110000e-06	1.343817e-09	6.305013e-09	7.396117e+00	8.085900e+02
2.120000e-06	1.390649e-09	6.502758e-09	7.653869e+00	8.339088e+02
2.130000e-06	1.437392e-09	6.697394e-09	7.911135e+00	8.588167e+02
2.140000e-06	1.484041e-09	6.887686e-09	8.167884e+00	8.833194e+02
2.150000e-06	1.530584e-09	7.073330e-09	8.424047e+00	9.074237e+02
2.160000e-06	1.577011e-09	7.255137e-09	8.679574e+00	9.311372e+02
2.170000e-06	1.623315e-09	7.434001e-09	8.934421e+00	9.544686e+02
2.180000e-06	1.669477e-09	7.610491e-09	9.188490e+00	9.774273e+02
2.190000e-06	1.715476e-09	7.785013e-09	9.441658e+00	1.000023e+03
2.200000e-06	1.761289e-09	7.957471e-09	9.693802e+00	1.022266e+03
2.210000e-06	1.806890e-09	8.127427e-09	9.944783e+00	1.044168e+03
2.220000e-06	1.852287e-09	8.294819e-09	1.019464e+01	1.065738e+03
2.230000e-06	1.897501e-09	8.460004e-09	1.044349e+01	1.086988e+03
2.240000e-06	1.942554e-09	8.623446e-09	1.069145e+01	1.107926e+03
2.250000e-06	1.987476e-09	8.784145e-09	1.093870e+01	1.128564e+03
2.260000e-06	2.032284e-09	8.941358e-09	1.118531e+01	1.148909e+03
2.270000e-06	2.076975e-09	9.095798e-09	1.143128e+01	1.168971e+03
2.280000e-06	2.121541e-09	9.247798e-09	1.167657e+01	1.188755e+03
2.290000e-06	2.165974e-09	9.397141e-09	1.192111e+01	1.208268e+03
2.300000e-06	2.210267e-09	9.544408e-09	1.216490e+01	1.227514e+03
2.310000e-06	2.254412e-09	9.689944e-09	1.240786e+01	1.246497e+03
2.320000e-06	2.298393e-09	9.833629e-09	1.264992e+01	1.265219e+03
2.330000e-06	2.342205e-09	9.976768e-09	1.289106e+01	1.283681e+03
2.340000e-06	2.385846e-09	1.011924e-08	1.313125e+01	1.301884e+03
2.350000e-06	2.429329e-09	1.025950e-08	1.337057e+01	1.319825e+03
2.360000e-06	2.472667e-09	1.039697e-08	1.360910e+01	1.337506e+03
2.370000e-06	2.515871e-09	1.053210e-08	1.384689e+01	1.354923e+03
2.380000e-06	2.558939e-09	1.066558e-08	1.408392e+01	1.372078e+03
2.390000e-06	2.601841e-09	1.079722e-08	1.432005e+01	1.388968e+03
2.400000e-06	2.644537e-09	1.092689e-08	1.455504e+01	1.405597e+03
2.410000e-06	2.686974e-09	1.105483e-08	1.478860e+01	1.421966e+03
2.420000e-06	2.729125e-09	1.118079e-08	1.502060e+01	1.438079e+03
2.430000e-06	2.771015e-09	1.130463e-08	1.525115e+01	1.453943e+03
2.440000e-06	2.812691e-09	1.142642e-08	1.548053e+01	1.469566e+03
2.450000e-06	2.854186e-09	1.154570e-08	1.570891e+01	1.484957e+03
2.460000e-06	2.895505e-09	1.166224e-08	1.593632e+01	1.500127e+03
2.470000e-06	2.936634e-09	1.177688e-08	1.616268e+01	1.515089e+03
2.480000e-06	2.977547e-09	1.189074e-08	1.638787e+01	1.529853e+03
2.490000e-06	3.018234e-09	1.200341e-08	1.661180e+01	1.544432e+03
2.500000e-06	3.058701e-09	1.211414e-08	1.683452e+01	1.558838e+03
2.510000e-06	3.098961e-09	1.222371e-08	1.705610e+01	1.573078e+03
2.520000e-06	3.139041e-09	1.233247e-08	1.727669e+01	1.587162e+03
2.530000e-06	3.178947e-09	1.244012e-08	1.749633e+01	1.601093e+03
2.540000e-06	3.218644e-09	1.254620e-08	1.771482e+01	1.614874e+03
2.550000e-06	3.258068e-09	1.265034e-08	1.793180e+01	1.628504e+03
2.560000e-06	3.297167e-09	1.275338e-08	1.814699e+01	1.641980e+03
2.570000e-06	3.335947e-09	1.285617e-08	1.836043e+01	1.655298e+03
2.580000e-06	3.374449e-09	1.295826e-08	1.857234e+01	1.668450e+03
2.590000e-06	3.412705e-09	1.305877e-08	1.878289e+01	1.681429e+03
2.600000e-06	3.450724e-09	1.315762e-08	1.899214e+01	1.694227e+03
2.610000e-06	3.488501e-09	1.325531e-08	1.920006e+01	1.706837e+03
2.620000e-06	3.526042e-09	1.335181e-08	1.940668e+01	1.719253e+03
2.630000e-06	3.563352e-09	1.344693e-08	1.961203e+01	1.731472e+03
2.640000e-06	3.600440e-09	1.354039e-08	1.981615e+01	1.743493e+03
2.650000e-06	3.637324e-09	1.363176e-08	2.001915e+01	1.755317e+03
2.660000e-06	3.674008e-09	1.372152e-08	2.022106e+01	1.766949e+03
2.670000e-06	3.710437e-09	1.381014e-08	2.042155e+01	1.778397e+03
2.680000e-06	3.746517e-09	1.389765e-08	2.062013e+01	1.789671e+03
2.690000e-06	3.782216e-09	1.398397e-08	2.081661e+01	1.800782e+03
2.700000e-06	3.817591e-09	1.406878e-08	2.101131e+01	1.811742e+03
2.710000e-06	3.852714e-09	1.415202e-08	2.120462e+01	1.822565e+03
2.720000e-06	3.887600e-09	1.423406e-08	2.139663e+01	1.833261e+03
2.730000e-06	3.922226e-09	1.431551e-08	2.158720e+01	1.843842e+03
2.740000e-06	3.956580e-09	1.439636e-08	2.177628e+01	1.854316e+03
2.750000e-06	3.990653e-09	1.447585e-08	2.196381e+01	1.864688e+03
2.760000e-06	4.024466e-09	1.455434e-08	2.214992e+01	1.874962e+03
2.770000e-06	4.058061e-09	1.463277e-08	2.233481e+01	1.885136e+03
2.780000e-06	4.091426e-09	1.471087e-08	2.251845e+01	1.895208e+03
2.790000e-06	4.124497e-09	1.478785e-08	2.270047e+01	1.905173e+03
2.800000e-06	4.157242e-09	1.486305e-08	2.288069e+01	1.915022e+03
2.810000e-06	4.189692e-09	1.493690e-08	2.305928e+01	1.924747e+03
2.820000e-06	4.221864e-09	1.501060e-08	2.323635e+01	1.934338e+03
2.830000e-06	4.253719e-09	1.508430e-08	2.341168e+01	1.943787e+03
2.840000e-06	4.285225e-09	1.515700e-08	2.358508e+01	1.953083e+03
2.850000e-06	4.316400e-09	1.522809e-08	2.375667e+01	1.962220e+03
2.860000e-06	4.347261e-09	1.529824e-08	2.392652e+01	1.971192e+03
2.870000e-06	4.377818e-09	1.536739e-08	2.409469e+01	1.979995e+03
2.880000e-06	4.408056e-09	1.543524e-08	2.426112e+01	1.988627e+03
2.890000e-06	4.437897e-09	1.550179e-08	2.442536e+01	1.997089e+03
2.900000e-06	4.467282e-09	1.556657e-08	2.458709e+01	2.005382e+03
2.910000e-06	4.496277e-09	1.563005e-08	2.474668e+01	2.013509e+03
2.920000e-06	4.524981e-09	1.569313e-08	2.490465e+01	2.021474e+03
2.930000e-06	4.553403e-09	1.575517e-08	2.506109e+01	2.029283e+03
2.940000e-06	4.581518e-09	1.581520e-08	2.521582e+01	2.036941e+03
2.950000e-06	4.609304e-09	1.587363e-08	2.536875e+01	2.044452e+03
2.960000e-06	4.636780e-09	1.593098e-08	2.551998e+01	2.051822e+03
2.970000e-06	4.663990e-09	1.598753e-08	2.566974e+01	2.059055e+03
2.980000e-06	4.690899e-09	1.604332e-08	2.581784e+01	2.066156e+03
2.990000e-06	4.717399e-09	1.609785e-08	2.596369e+01	2.073128e+03
3.000000e-06	4.743447e-09	1.615092e-08	2.610705e+01	2.079976e+03
3.010000e-06	4.769122e-09	1.620299e-08	2.624836e+01	2.086703e+03
3.020000e-06	4.794497e-09	1.625493e-08	2.638802e+01	2.093313e+03
3.030000e-06	4.819562e-09	1.630627e-08	2.652597e+01	2.099810e+03
3.040000e-06	4.844304e-09	1.635541e-08	2.666215e+01	2.106198e+03
3.050000e-06	4.868735e-09	1.640295e-08	2.679661e+01	2.112481e+03
3.060000e-06	4.892876e-09	1.645085e-08	2.692948e+01	2.118664e+03
3.070000e-06	4.916737e-09	1.649878e-08	2.706081e+01	2.124750e+03
3.080000e-06	4.940228e-09	1.654555e-08	2.719010e+01	2.130744e+03
3.090000e-06	4.963240e-09	1.659130e-08	2.731675e+01	2.136648e+03
3.100000e-06	4.985822e-09	1.663629e-08	2.744104e+01	2.142464e+03
3.110000e-06	5.008073e-09	1.668060e-08	2.756351e+01	2.148193e+03
3.120000e-06	5.030005e-09	1.672432e-08	2.768421e+01	2.153836e+03
3.130000e-06	5.051593e-09	1.676715e-08	2.780303e+01	2.159390e+03
3.140000e-06	5.072821e-09	1.680838e-08	2.791987e+01	2.164851e+03
3.150000e-06	5.093663e-09	1.684859e-08	2.803458e+01	2.170216e+03
3.160000e-06	5.114059e-09	1.688870e-08	2.814683e+01	2.175480e+03
3.170000e-06	5.133950e-09	1.692837e-08	2.825631e+01	2.180634e+03
3.180000e-06	5.153379e-09	1.696723e-08	2.836324e+01	2.185675e+03
3.190000e-06	5.172439e-09	1.700551e-08	2.846815e+01	2.190594e+03
3.200000e-06	5.191169e-09	1.704317e-08	2.857123e+01	2.195387e+03
3.210000e-06	5.209559e-09	1.707975e-08	2.867245e+01	2.200049e+03
3.220000e-06	5.227604e-09	1.711519e-08	2.877176e+01	2.204576e+03
3.230000e-06	5.245327e-09	1.714961e-08	2.886931e+01	2.208967e+03
3.240000e-06	5.262751e-09	1.718260e-08	2.896521e+01	2.213223e+03
3.250000e-06	5.279766e-09	1.721444e-08	2.905885e+01	2.217344e+03
3.260000e-06	5.296272e-09	1.724542e-08	2.914970e+01	2.221334e+03
3.270000e-06	5.312351e-09	1.727537e-08	2.923820e+01	2.225198e+03
3.280000e-06	5.328084e-09	1.730430e-08	2.932479e+01	2.228941e+03
3.290000e-06	5.343459e-09	1.733210e-08	2.940941e+01	2.232569e+03
3.300000e-06	5.358465e-09	1.735903e-08	2.949200e+01	2.236088e+03
3.310000e-06	5.373123e-09	1.738491e-08	2.957267e+01	2.239504e+03
3.320000e-06	5.387470e-09	1.740962e-08	2.965164e+01	2.242823e+03
3.330000e-06	5.401453e-09	1.743343e-08	2.972860e+01	2.246050e+03
3.340000e-06	5.414961e-09	1.745647e-08	2.980294e+01	2.249187e+03
3.350000e-06	5.428005e-09	1.747888e-08	2.987473e+01	2.252237e+03
3.360000e-06	5.440679e-09	1.750070e-08	2.994449e+01	2.255203e+03
3.370000e-06	5.453011e-09	1.752159e-08	3.001236e+01	2.258084e+03
3.380000e-06	5.464985e-09	1.754179e-08	3.007827e+01	2.260881e+03
3.390000e-06	5.476586e-09	1.756166e-08	3.014211e+01	2.263594e+03
3.400000e-06	5.487847e-09	1.758118e-08	3.020409e+01	2.266222e+03
3.410000e-06	5.498765e-09	1.760059e-08	3.026419e+01	2.268765e+03
3.420000e-06	5.509213e-09	1.761930e-08	3.032169e+01	2.271223e+03
3.430000e-06	5.519145e-09	1.763633e-08	3.037635e+01	2.273595e+03
3.440000e-06	5.528640e-09	1.765234e-08	3.042861e+01	2.275882e+03
3.450000e-06	5.537746e-09	1.766862e-08	3.047873e+01	2.278086e+03
3.460000e-06	5.546481e-09	1.768493e-08	3.052681e+01	2.280206e+03
3.470000e-06	5.554859e-09	1.770026e-08	3.057292e+01	2.282245e+03
3.480000e-06	5.562918e-09	1.771495e-08	3.061727e+01	2.284202e+03
3.490000e-06	5.570659e-09	1.772943e-08	3.065988e+01	2.286079e+03
3.500000e-06	5.578007e-09	1.774296e-08	3.070032e+01	2.287875e+03
3.510000e-06	5.584937e-09	1.775561e-08	3.073846e+01	2.289589e+03
3.520000e-06	5.591451e-09	1.776792e-08	3.077431e+01	2.291220e+03
3.530000e-06	5.597511e-09	1.777937e-08	3.080766e+01	2.292766e+03
3.540000e-06	5.603114e-09	1.779016e-08	3.083850e+01	2.294223e+03
3.550000e-06	5.608301e-09	1.780149e-08	3.086705e+01	2.295587e+03
3.560000e-06	5.613082e-09	1.781259e-08	3.089336e+01	2.296853e+03
3.570000e-06	5.617389e-09	1.782197e-08	3.091707e+01	2.298018e+03
3.580000e-06	5.621174e-09	1.783023e-08	3.093791e+01	2.299076e+03
3.590000e-06	5.624510e-09	1.783817e-08	3.095626e+01	2.300023e+03
3.600000e-06	5.627473e-09	1.784532e-08	3.097257e+01	2.300854e+03
3.610000e-06	5.630062e-09	1.785157e-08	3.098682e+01	2.301568e+03
3.620000e-06	5.632262e-09	1.785727e-08	3.099893e+01	2.302160e+03
3.630000e-06	5.634099e-09	1.786194e-08	3.100904e+01	2.302631e+03
3.640000e-06	5.635606e-09	1.786536e-08	3.101734e+01	2.302978e+03
3.650000e-06	5.636706e-09	1.786781e-08	3.102339e+01	2.303204e+03
3.660000e-06	5.637298e-09	1.786926e-08	3.102665e+01	2.303308e+03
3.670000e-06	5.637434e-09	1.786919e-08	3.102739e+01	2.303294e+03
3.680000e-06	5.637204e-09	1.786770e-08	3.102613e+01	2.303163e+03
3.690000e-06	5.636607e-09	1.786611e-08	3.102285e+01	2.302919e+03
3.700000e-06	5.635629e-09	1.786409e-08	3.101746e+01	2.302565e+03
3.710000e-06	5.634301e-09	1.786048e-08	3.101015e+01	2.302105e+03
3.720000e-06	5.632667e-09	1.785527e-08	3.100116e+01	2.301542e+03
3.730000e-06	5.630668e-09	1.784874e-08	3.099016e+01	2.300879e+03
3.740000e-06	5.628162e-09	1.784294e-08	3.097636e+01	2.300118e+03
3.750000e-06	5.625063e-09	1.784124e-08	3.095931e+01	2.299263e+03
3.760000e-06	5.621309e-09	1.783543e-08	3.093865e+01	2.298316e+03
3.770000e-06	5.617065e-09	1.781968e-08	3.091529e+01	2.297279e+03
3.780000e-06	5.612659e-09	1.781073e-08	3.089104e+01	2.296152e+03
3.790000e-06	5.608022e-09	1.781413e-08	3.086552e+01	2.294937e+03
3.800000e-06	5.602854e-09	1.780570e-08	3.083707e+01	2.293633e+03
3.810000e-06	5.597090e-09	1.778346e-08	3.080535e+01	2.292241e+03
3.820000e-06	5.590946e-09	1.777300e-08	3.077154e+01	2.290760e+03
3.830000e-06	5.584515e-09	1.777268e-08	3.073614e+01	2.289188e+03
3.840000e-06	5.577651e-09	1.775976e-08	3.069836e+01	2.287525e+03
3.850000e-06	5.570309e-09	1.773592e-08	3.065795e+01	2.285767e+03
3.860000e-06	5.562655e-09	1.772067e-08	3.061583e+01	2.283913e+03
3.870000e-06	5.554752e-09	1.771508e-08	3.057233e+01	2.281959e+03
3.880000e-06	5.546384e-09	1.770081e-08	3.052627e+01	2.279905e+03
3.890000e-06	5.537427e-09	1.767544e-08	3.047697e+01	2.277746e+03
3.900000e-06	5.528055e-09	1.765732e-08	3.042539e+01	2.275481e+03
3.910000e-06	5.518367e-09	1.764777e-08	3.037207e+01	2.273108e+03
3.920000e-06	5.508227e-09	1.762960e-08	3.031627e+01	2.270626e+03
3.930000e-06	5.497618e-09	1.760186e-08	3.025787e+01	2.268035e+03
3.940000e-06	5.486696e-09	1.758102e-08	3.019776e+01	2.265334e+03
3.950000e-06	5.475474e-09	1.756627e-08	3.013600e+01	2.262525e+03
3.960000e-06	5.463764e-09	1.754353e-08	3.007155e+01	2.259609e+03
3.970000e-06	5.451526e-09	1.751572e-08	3.000419e+01	2.256589e+03
3.980000e-06	5.438934e-09	1.749462e-08	2.993489e+01	2.253466e+03
3.990000e-06	5.426032e-09	1.747374e-08	2.986388e+01	2.250244e+03
4.000000e-06	5.412720e-09	1.744431e-08	2.979061e+01	2.246924e+03
4.010000e-06	5.399022e-09	1.741615e-08	2.971522e+01	2.243508e+03
4.020000e-06	5.385007e-09	1.739513e-08	2.963808e+01	2.239997e+03
4.030000e-06	5.370646e-09	1.736782e-08	2.955905e+01	2.236393e+03
4.040000e-06	5.355862e-09	1.733323e-08	2.947768e+01	2.232695e+03
4.050000e-06	5.340618e-09	1.730659e-08	2.939378e+01	2.228901e+03
4.060000e-06	5.324936e-09	1.728310e-08	2.930747e+01	2.225011e+03
4.070000e-06	5.308836e-09	1.724898e-08	2.921885e+01	2.221020e+03
4.080000e-06	5.292356e-09	1.721360e-08	2.912815e+01	2.216927e+03
4.090000e-06	5.275553e-09	1.718622e-08	2.903567e+01	2.212728e+03
4.100000e-06	5.258421e-09	1.715505e-08	2.894138e+01	2.208421e+03
4.110000e-06	5.240960e-09	1.711779e-08	2.884528e+01	2.204001e+03
4.120000e-06	5.223195e-09	1.708558e-08	2.874750e+01	2.199468e+03
4.130000e-06	5.205076e-09	1.705361e-08	2.864778e+01	2.194819e+03
4.140000e-06	5.186550e-09	1.701349e-08	2.854582e+01	2.190054e+03
4.150000e-06	5.167635e-09	1.697447e-08	2.844171e+01	2.185174e+03
4.160000e-06	5.148325e-09	1.693952e-08	2.833543e+01	2.180178e+03
4.170000e-06	5.128586e-09	1.689917e-08	2.822679e+01	2.175068e+03
4.180000e-06	5.108444e-09	1.685668e-08	2.811594e+01	2.169846e+03
4.190000e-06	5.087915e-09	1.681948e-08	2.800295e+01	2.164514e+03
4.200000e-06	5.066963e-09	1.678024e-08	2.788763e+01	2.159073e+03
4.210000e-06	5.045512e-09	1.673608e-08	2.776957e+01	2.153524e+03
4.220000e-06	5.023569e-09	1.669402e-08	2.764880e+01	2.147867e+03
4.230000e-06	5.001260e-09	1.665127e-08	2.752601e+01	2.142101e+03
4.240000e-06	4.978648e-09	1.660373e-08	2.740156e+01	2.136225e+03
4.250000e-06	4.955707e-09	1.655789e-08	2.727530e+01	2.130236e+03
4.260000e-06	4.932412e-09	1.651379e-08	2.714709e+01	2.124131e+03
4.270000e-06	4.908774e-09	1.646558e-08	2.701699e+01	2.117906e+03
4.280000e-06	4.884849e-09	1.641626e-08	2.688531e+01	2.111558e+03
4.290000e-06	4.860613e-09	1.636757e-08	2.675192e+01	2.105083e+03
4.300000e-06	4.835937e-09	1.631576e-08	2.661611e+01	2.098478e+03
4.310000e-06	4.810788e-09	1.626332e-08	2.647769e+01	2.091740e+03
4.320000e-06	4.785272e-09	1.621176e-08	2.633726e+01	2.084867e+03
4.330000e-06	4.759444e-09	1.615710e-08	2.619511e+01	2.077860e+03
4.340000e-06	4.733285e-09	1.610111e-08	2.605113e+01	2.070718e+03
4.350000e-06	4.706789e-09	1.604686e-08	2.590530e+01	2.063443e+03
4.360000e-06	4.679975e-09	1.599090e-08	2.575772e+01	2.056037e+03
4.370000e-06	4.652889e-09	1.593239e-08	2.560864e+01	2.048503e+03
4.380000e-06	4.625527e-09	1.587447e-08	2.545805e+01	2.040843e+03
4.390000e-06	4.597777e-09	1.581522e-08	2.530532e+01	2.033058e+03
4.400000e-06	4.569572e-09	1.575369e-08	2.515008e+01	2.025151e+03
4.410000e-06	4.540995e-09	1.569256e-08	2.499280e+01	2.017121e+03
4.420000e-06	4.512129e-09	1.563040e-08	2.483393e+01	2.008969e+03
4.430000e-06	4.482974e-09	1.556592e-08	2.467347e+01	2.000691e+03
4.440000e-06	4.453514e-09	1.550181e-08	2.451132e+01	1.992287e+03
4.450000e-06	4.423732e-09	1.543736e-08	2.434741e+01	1.983752e+03
4.460000e-06	4.393614e-09	1.537012e-08	2.418164e+01	1.975083e+03
4.470000e-06	4.363153e-09	1.530183e-08	2.401399e+01	1.966275e+03
4.480000e-06	4.332290e-09	1.523315e-08	2.384413e+01	1.957326e+03
4.490000e-06	4.300982e-09	1.516292e-08	2.367182e+01	1.948233e+03
4.500000e-06	4.269293e-09	1.509275e-08	2.349741e+01	1.938994e+03
4.510000e-06	4.237326e-09	1.502225e-08	2.332146e+01	1.929610e+03
4.520000e-06	4.205104e-09	1.494890e-08	2.314412e+01	1.920082e+03
4.530000e-06	4.172620e-09	1.487330e-08	2.296533e+01	1.910412e+03
4.540000e-06	4.139861e-09	1.479648e-08	2.278504e+01	1.900607e+03
4.550000e-06	4.106807e-09	1.471843e-08	2.260311e+01	1.890670e+03
4.560000e-06	4.073477e-09	1.464025e-08	2.241967e+01	1.880606e+03
4.570000e-06	4.039921e-09	1.456139e-08	2.223498e+01	1.870422e+03
4.580000e-06	4.006116e-09	1.448074e-08	2.204893e+01	1.860120e+03
4.590000e-06	3.971962e-09	1.439904e-08	2.186095e+01	1.849705e+03
4.600000e-06	3.937409e-09	1.431651e-08	2.167078e+01	1.839176e+03
4.610000e-06	3.902507e-09	1.423216e-08	2.147868e+01	1.828533e+03
4.620000e-06	3.867336e-09	1.414607e-08	2.128511e+01	1.817772e+03
4.630000e-06	3.831932e-09	1.406018e-08	2.109025e+01	1.806887e+03
4.640000e-06	3.796282e-09	1.397530e-08	2.089404e+01	1.795870e+03
4.650000e-06	3.760380e-09	1.388958e-08	2.069644e+01	1.784714e+03
4.660000e-06	3.724220e-09	1.380148e-08	2.049742e+01	1.773407e+03
4.670000e-06	3.687813e-09	1.371210e-08	2.029704e+01	1.761940e+03
4.680000e-06	3.651200e-09	1.362192e-08	2.009554e+01	1.750304e+03
4.690000e-06	3.614394e-09	1.353045e-08	1.989296e+01	1.738490e+03
4.700000e-06	3.577336e-09	1.343813e-08	1.968900e+01	1.726493e+03
4.710000e-06	3.539941e-09	1.334502e-08	1.948319e+01	1.714310e+03
4.720000e-06	3.502179e-09	1.325017e-08	1.927535e+01	1.701939e+03
4.730000e-06	3.464098e-09	1.315303e-08	1.906576e+01	1.689383e+03
4.740000e-06	3.425767e-09	1.305413e-08	1.885479e+01	1.676645e+03
4.750000e-06	3.387225e-09	1.295395e-08	1.864266e+01	1.663732e+03
4.760000e-06	3.348476e-09	1.285201e-08	1.842940e+01	1.650650e+03
4.770000e-06	3.309505e-09	1.274845e-08	1.821491e+01	1.637407e+03
4.780000e-06	3.270302e-09	1.264410e-08	1.799914e+01	1.624011e+03
4.790000e-06	3.230871e-09	1.253877e-08	1.778212e+01	1.610467e+03
4.800000e-06	3.191230e-09	1.243172e-08	1.756395e+01	1.596779e+03
4.810000e-06	3.151415e-09	1.232305e-08	1.734481e+01	1.582950e+03
4.820000e-06	3.111446e-09	1.221349e-08	1.712483e+01	1.568977e+03
4.830000e-06	3.071301e-09	1.210321e-08	1.690388e+01	1.554858e+03
4.840000e-06	3.030903e-09	1.199148e-08	1.668154e+01	1.540586e+03
4.850000e-06	2.990181e-09	1.187772e-08	1.645741e+01	1.526151e+03
4.860000e-06	2.949131e-09	1.176267e-08	1.623148e+01	1.511543e+03
4.870000e-06	2.907800e-09	1.164719e-08	1.600400e+01	1.496751e+03
4.880000e-06	2.866243e-09	1.153115e-08	1.577528e+01	1.481764e+03
4.890000e-06	2.824492e-09	1.141398e-08	1.554549e+01	1.466569e+03
4.900000e-06	2.782551e-09	1.129526e-08	1.531465e+01	1.451159e+03
4.910000e-06	2.740425e-09	1.117498e-08	1.508280e+01	1.435524e+03
4.920000e-06	2.698120e-09	1.105342e-08	1.484996e+01	1.419660e+03
4.930000e-06	2.655633e-09	1.093016e-08	1.461612e+01	1.403563e+03
4.940000e-06	2.612969e-09	1.080444e-08	1.438130e+01	1.387234e+03
4.950000e-06	2.570139e-09	1.067609e-08	1.414557e+01	1.370674e+03
4.960000e-06	2.527159e-09	1.054507e-08	1.390902e+01	1.353886e+03
4.970000e-06	2.484042e-09	1.041209e-08	1.367172e+01	1.336874e+03
4.980000e-06	2.440788e-09	1.027830e-08	1.343365e+01	1.319644e+03
4.990000e-06	2.397380e-09	1.014326e-08	1.319474e+01	1.302198e+03
5.000000e-06	2.353794e-09	1.000610e-08	1.295485e+01	1.284542e+03
5.010000e-06	2.310011e-09	9.866943e-09	1.271388e+01	1.266677e+03
5.020000e-06	2.266047e-09	9.726446e-09	1.247191e+01	1.248602e+03
5.030000e-06	2.221926e-09	9.584613e-09	1.222908e+01	1.230318e+03
5.040000e-06	2.177653e-09	9.440106e-09	1.198540e+01	1.211819e+03
5.050000e-06	2.133236e-09	9.292618e-09	1.174094e+01	1.193101e+03
5.060000e-06	2.088678e-09	9.143691e-09	1.149570e+01	1.174158e+03
5.070000e-06	2.043952e-09	8.994269e-09	1.124954e+01	1.154982e+03
5.080000e-06	1.999048e-09	8.843698e-09	1.100240e+01	1.135565e+03
5.090000e-06	1.953973e-09	8.691496e-09	1.075431e+01	1.115902e+03
5.100000e-06	1.908726e-09	8.537680e-09	1.050528e+01	1.095984e+03
5.110000e-06	1.863307e-09	8.381987e-09	1.025531e+01	1.075806e+03
5.120000e-06	1.817721e-09	8.223272e-09	1.000441e+01	1.055364e+03
5.130000e-06	1.771981e-09	8.061438e-09	9.752661e+00	1.034654e+03
5.140000e-06	1.726107e-09	7.896988e-09	9.500179e+00	1.013675e+03
5.150000e-06	1.680106e-09	7.729634e-09	9.246998e+00	9.924236e+02
5.160000e-06	1.633983e-09	7.560414e-09	8.993147e+00	9.709003e+02
5.170000e-06	1.587753e-09	7.390834e-09	8.738708e+00	9.491037e+02
5.180000e-06	1.541422e-09	7.219715e-09	8.483709e+00	9.270326e+02
5.190000e-06	1.494990e-09	7.045460e-09	8.228155e+00	9.046848e+02
5.200000e-06	1.448461e-09	6.868786e-09	7.972070e+00	8.820574e+02
5.210000e-06	1.401826e-09	6.690020e-09	7.715396e+00	8.591461e+02
5.220000e-06	1.355066e-09	6.509167e-09	7.458042e+00	8.359454e+02
5.230000e-06	1.308168e-09	6.327422e-09	7.199921e+00	8.124487e+02
5.240000e-06	1.261123e-09	6.144636e-09	6.940994e+00	7.886488e+02
5.250000e-06	1.213936e-09	5.959070e-09	6.681286e+00	7.645376e+02
5.260000e-06	1.166607e-09	5.770705e-09	6.420796e+00	7.401073e+02
5.270000e-06	1.119146e-09	5.579784e-09	6.159583e+00	7.153504e+02
5.280000e-06	1.071572e-09	5.384810e-09	5.897743e+00	6.902601e+02
5.290000e-06	1.023903e-09	5.185626e-09	5.635382e+00	6.648310e+02
5.300000e-06	9.761602e-10	4.983883e-09	5.372614e+00	6.390591e+02
5.310000e-06	9.283524e-10	4.780380e-09	5.109489e+00	6.129417e+02
5.320000e-06	8.804976e-10	4.575047e-09	4.846105e+00	5.864779e+02
5.330000e-06	8.326054e-10	4.367832e-09	4.582515e+00	5.596681e+02
5.340000e-06	7.846672e-10	4.158795e-09	4.318671e+00	5.325138e+02
5.350000e-06	7.366856e-10	3.947674e-09	4.054590e+00	5.050173e+02
5.360000e-06	6.886642e-10	3.733896e-09	3.790289e+00	4.771814e+02
5.370000e-06	6.406027e-10	3.516884e-09	3.525767e+00	4.490089e+02
5.380000e-06	5.925054e-10	3.296172e-09	3.261048e+00	4.205025e+02
5.390000e-06	5.443708e-10	3.072304e-09	2.996124e+00	3.916644e+02
5.400000e-06	4.962031e-10	2.845925e-09	2.731018e+00	3.624969e+02
5.410000e-06	4.480025e-10	2.617088e-09	2.465731e+00	3.330017e+02
5.420000e-06	3.997730e-10	2.385549e-09	2.200285e+00	3.031810e+02
5.430000e-06	3.515252e-10	2.150983e-09	1.934737e+00	2.730376e+02
5.440000e-06	3.032588e-10	1.913601e-09	1.669088e+00	2.425754e+02
5.450000e-06	2.549815e-10	1.673498e-09	1.403379e+00	2.118006e+02
5.460000e-06	2.067012e-10	1.431320e-09	1.137653e+00	1.807218e+02
5.470000e-06	1.584191e-10	1.187465e-09	8.719169e-01	1.493509e+02
5.480000e-06	1.101321e-10	9.417252e-10	6.061544e-01	1.177039e+02
5.490000e-06	6.184034e-11	6.944516e-10	3.403653e-01	8.580073e+01
5.500000e-06	1.354144e-11	4.459885e-10	7.453718e-02	5.366612e+01
5.510000e-06	-3.476593e-11	1.964841e-10	-1.913377e-01	2.132910e+01
5.520000e-06	-8.307647e-11	-5.463331e-11	-4.572301e-01	-1.117704e+01
5.530000e-06	-1.313828e-10	-3.077065e-10	-7.230993e-01	-4.381519e+01
5.540000e-06	-1.796777e-10	-5.616485e-10	-9.889052e-01	-7.654513e+01
5.550000e-06	-2.279644e-10	-8.152778e-10	-1.254666e+00	-1.093243e+02
5.560000e-06	-2.762395e-10	-1.068436e-09	-1.520363e+00	-1.421086e+02
5.570000e-06	-3.244994e-10	-1.321965e-09	-1.785977e+00	-1.748537e+02
5.580000e-06	-3.727341e-10	-1.575876e-09	-2.051452e+00	-2.075154e+02
5.590000e-06	-4.209285e-10	-1.828642e-09	-2.316705e+00	-2.400511e+02
5.600000e-06	-4.690901e-10	-2.079345e-09	-2.581778e+00	-2.724202e+02
5.610000e-06	-5.172225e-10	-2.328352e-09	-2.846690e+00	-3.045848e+02
5.620000e-06	-5.653155e-10	-2.575818e-09	-3.111386e+00	-3.365103e+02
5.630000e-06	-6.133727e-10	-2.821526e-09	-3.375883e+00	-3.681655e+02
5.640000e-06	-6.613999e-10	-3.065546e-09	-3.640217e+00	-3.995228e+02
5.650000e-06	-7.093995e-10	-3.307415e-09	-3.904398e+00	-4.305583e+02
5.660000e-06	-7.573631e-10	-3.547207e-09	-4.168380e+00	-4.612514e+02
5.670000e-06	-8.052822e-10	-3.785603e-09	-4.432118e+00	-4.915846e+02
5.680000e-06	-8.531583e-10	-4.021744e-09	-4.695620e+00	-5.215434e+02
5.690000e-06	-9.009767e-10	-4.253612e-09	-4.958803e+00	-5.511157e+02
5.700000e-06	-9.487276e-10	-4.480700e-09	-5.221616e+00	-5.802919e+02
5.710000e-06	-9.964026e-10	-4.704334e-09	-5.484010e+00	-6.090639e+02
5.720000e-06	-1.043982e-09	-4.924741e-09	-5.745876e+00	-6.374256e+02
5.730000e-06	-1.091451e-09	-5.141217e-09	-6.007140e+00	-6.653723e+02
5.740000e-06	-1.138799e-09	-5.354800e-09	-6.267736e+00	-6.929007e+02
5.750000e-06	-1.186019e-09	-5.566468e-09	-6.527620e+00	-7.200085e+02
5.760000e-06	-1.233099e-09	-5.775293e-09	-6.786743e+00	-7.466952e+02
5.770000e-06	-1.280039e-09	-5.980915e-09	-7.045091e+00	-7.729610e+02
5.780000e-06	-1.326854e-09	-6.183372e-09	-7.302753e+00	-7.988076e+02
5.790000e-06	-1.373559e-09	-6.382073e-09	-7.559806e+00	-8.242380e+02
5.800000e-06	-1.420153e-09	-6.576742e-09	-7.816254e+00	-8.492562e+02
5.810000e-06	-1.466642e-09	-6.767724e-09	-8.072120e+00	-8.738677e+02
5.820000e-06	-1.513025e-09	-6.955190e-09	-8.327404e+00	-8.980787e+02
5.830000e-06	-1.559291e-09	-7.139897e-09	-8.582044e+00	-9.218969e+02
5.840000e-06	-1.605443e-09	-7.322720e-09	-8.836054e+00	-9.453305e+02
5.850000e-06	-1.651476e-09	-7.503052e-09	-9.089410e+00	-9.683889e+02
5.860000e-06	-1.697384e-09	-7.680579e-09	-9.342083e+00	-9.910817e+02
5.870000e-06	-1.743155e-09	-7.855816e-09	-9.593998e+00	-1.013419e+03
5.880000e-06	-1.788772e-09	-8.028709e-09	-9.845062e+00	-1.035412e+03
5.890000e-06	-1.834229e-09	-8.199381e-09	-1.009525e+01	-1.057071e+03
5.900000e-06	-1.879507e-09	-8.368182e-09	-1.034445e+01	-1.078406e+03
5.910000e-06	-1.924605e-09	-8.534004e-09	-1.059266e+01	-1.099427e+03
5.920000e-06	-1.969518e-09	-8.696029e-09	-1.083985e+01	-1.120145e+03
5.930000e-06	-2.014237e-09	-8.855209e-09	-1.108598e+01	-1.140569e+03
5.940000e-06	-2.058787e-09	-9.012272e-09	-1.133117e+01	-1.160706e+03
5.950000e-06	-2.103185e-09	-9.167049e-09	-1.157553e+01	-1.180564e+03
5.960000e-06	-2.147438e-09	-9.319564e-09	-1.181909e+01	-1.200150e+03
5.970000e-06	-2.191542e-09	-9.469852e-09	-1.206184e+01	-1.219468e+03
5.980000e-06	-2.235494e-09	-9.618277e-09	-1.230374e+01	-1.238522e+03
5.990000e-06	-2.279284e-09	-9.765290e-09	-1.254475e+01	-1.257314e+03
6.000000e-06	-2.322908e-09	-9.910599e-09	-1.278485e+01	-1.275846e+03
6.010000e-06	-2.366371e-09	-1.005393e-08	-1.302406e+01	-1.294119e+03
6.020000e-06	-2.409686e-09	-1.019490e-08	-1.326246e+01	-1.312131e+03
6.030000e-06	-2.452871e-09	-1.033370e-08	-1.350014e+01	-1.329882e+03
6.040000e-06	-2.495930e-09	-1.047075e-08	-1.373713e+01	-1.347370e+03
6.050000e-06	-2.538848e-09	-1.060552e-08	-1.397335e+01	-1.364596e+03
6.060000e-06	-2.581605e-09	-1.073765e-08	-1.420867e+01	-1.381558e+03
6.070000e-06	-2.624188e-09	-1.086734e-08	-1.444304e+01	-1.398257e+03
6.080000e-06	-2.666597e-09	-1.099482e-08	-1.467645e+01	-1.414695e+03
6.090000e-06	-2.708818e-09	-1.112030e-08	-1.490883e+01	-1.430877e+03
6.100000e-06	-2.750841e-09	-1.124365e-08	-1.514011e+01	-1.446808e+03
6.110000e-06	-2.792674e-09	-1.136471e-08	-1.537036e+01	-1.462495e+03
6.120000e-06	-2.834323e-09	-1.148377e-08	-1.559958e+01	-1.477948e+03
6.130000e-06	-2.875775e-09	-1.160139e-08	-1.582773e+01	-1.493177e+03
6.140000e-06	-2.916984e-09	-1.171800e-08	-1.605453e+01	-1.508193e+03
6.150000e-06	-2.957899e-09	-1.183362e-08	-1.627972e+01	-1.523010e+03
6.160000e-06	-2.998498e-09	-1.194827e-08	-1.650317e+01	-1.537638e+03
6.170000e-06	-3.038814e-09	-1.206167e-08	-1.672506e+01	-1.552089e+03
6.180000e-06	-3.078916e-09	-1.217342e-08	-1.694578e+01	-1.566374e+03
6.190000e-06	-3.118834e-09	-1.228400e-08	-1.716548e+01	-1.580499e+03
6.200000e-06	-3.158571e-09	-1.239420e-08	-1.738418e+01	-1.594471e+03
6.210000e-06	-3.198115e-09	-1.250323e-08	-1.760183e+01	-1.608292e+03
6.220000e-06	-3.237448e-09	-1.261068e-08	-1.781831e+01	-1.621963e+03
6.230000e-06	-3.276559e-09	-1.271687e-08	-1.803357e+01	-1.635482e+03
6.240000e-06	-3.315440e-09	-1.282140e-08	-1.824756e+01	-1.648843e+03
6.250000e-06	-3.354102e-09	-1.292458e-08	-1.846035e+01	-1.662040e+03
6.260000e-06	-3.392577e-09	-1.302653e-08	-1.867211e+01	-1.675067e+03
6.270000e-06	-3.430878e-09	-1.312613e-08	-1.888291e+01	-1.687915e+03
6.280000e-06	-3.468959e-09	-1.322327e-08	-1.909251e+01	-1.700576e+03
6.290000e-06	-3.506729e-09	-1.331956e-08	-1.930038e+01	-1.713045e+03
6.300000e-06	-3.544126e-09	-1.341503e-08	-1.950621e+01	-1.725317e+03
6.310000e-06	-3.581190e-09	-1.350845e-08	-1.971020e+01	-1.737391e+03
6.320000e-06	-3.618002e-09	-1.359987e-08	-1.991281e+01	-1.749268e+03
6.330000e-06	-3.654593e-09	-1.368991e-08	-2.011420e+01	-1.760951e+03
6.340000e-06	-3.690945e-09	-1.377876e-08	-2.031427e+01	-1.772449e+03
6.350000e-06	-3.727030e-09	-1.386628e-08	-2.051288e+01	-1.783768e+03
6.360000e-06	-3.762838e-09	-1.395277e-08	-2.070996e+01	-1.794922e+03
6.370000e-06	-3.798378e-09	-1.403882e-08	-2.090556e+01	-1.805922e+03
6.380000e-06	-3.833693e-09	-1.412474e-08	-2.109993e+01	-1.816780e+03
6.390000e-06	-3.868808e-09	-1.421030e-08	-2.129320e+01	-1.827510e+03
6.400000e-06	-3.903674e-09	-1.429540e-08	-2.148509e+01	-1.838121e+03
6.410000e-06	-3.938188e-09	-1.437948e-08	-2.167505e+01	-1.848623e+03
6.420000e-06	-3.972303e-09	-1.446155e-08	-2.186282e+01	-1.859023e+03
6.430000e-06	-4.006084e-09	-1.454217e-08	-2.204874e+01	-1.869323e+03
6.440000e-06	-4.039619e-09	-1.462188e-08	-2.223331e+01	-1.879524e+03
6.450000e-06	-4.072924e-09	-1.470023e-08	-2.241662e+01	-1.889625e+03
6.460000e-06	-4.105962e-09	-1.477789e-08	-2.259845e+01	-1.899619e+03
6.470000e-06	-4.138713e-09	-1.485580e-08	-2.277871e+01	-1.909500e+03
6.480000e-06	-4.171180e-09	-1.493323e-08	-2.295740e+01	-1.919260e+03
6.490000e-06	-4.203384e-09	-1.500915e-08	-2.313465e+01	-1.928888e+03
6.500000e-06	-4.235363e-09	-1.508356e-08	-2.331065e+01	-1.938376e+03
6.510000e-06	-4.267072e-09	-1.515633e-08	-2.348517e+01	-1.947714e+03
6.520000e-06	-4.298390e-09	-1.522718e-08	-2.365754e+01	-1.956894e+03
6.530000e-06	-4.329249e-09	-1.529684e-08	-2.382738e+01	-1.965911e+03
6.540000e-06	-4.359705e-09	-1.536579e-08	-2.399500e+01	-1.974760e+03
6.550000e-06	-4.389821e-09	-1.543366e-08	-2.416076e+01	-1.983438e+03
6.560000e-06	-4.419619e-09	-1.550055e-08	-2.432476e+01	-1.991946e+03
6.570000e-06	-4.449111e-09	-1.556592e-08	-2.448708e+01	-2.000284e+03
6.580000e-06	-4.478297e-09	-1.562956e-08	-2.464772e+01	-2.008456e+03
6.590000e-06	-4.507206e-09	-1.569187e-08	-2.480683e+01	-2.016464e+03
6.600000e-06	-4.535859e-09	-1.575252e-08	-2.496452e+01	-2.024315e+03
6.610000e-06	-4.564184e-09	-1.581202e-08	-2.512042e+01	-2.032013e+03
6.620000e-06	-4.592087e-09	-1.587086e-08	-2.527399e+01	-2.039563e+03
6.630000e-06	-4.619582e-09	-1.592869e-08	-2.542532e+01	-2.046971e+03
6.640000e-06	-4.646763e-09	-1.598518e-08	-2.557492e+01	-2.054240e+03
6.650000e-06	-4.673657e-09	-1.604038e-08	-2.572294e+01	-2.061376e+03
6.660000e-06	-4.700246e-09	-1.609445e-08	-2.586928e+01	-2.068383e+03
6.670000e-06	-4.726518e-09	-1.614733e-08	-2.601388e+01	-2.075265e+03
6.680000e-06	-4.752470e-09	-1.619921e-08	-2.615671e+01	-2.082024e+03
6.690000e-06	-4.778124e-09	-1.625043e-08	-2.629791e+01	-2.088666e+03
6.700000e-06	-4.803458e-09	-1.630097e-08	-2.643734e+01	-2.095193e+03
6.710000e-06	-4.828374e-09	-1.635078e-08	-2.657448e+01	-2.101610e+03
6.720000e-06	-4.852851e-09	-1.640028e-08	-2.670919e+01	-2.107921e+03
6.730000e-06	-4.876980e-09	-1.644964e-08	-2.684199e+01	-2.114131e+03
6.740000e-06	-4.900819e-09	-1.649779e-08	-2.697320e+01	-2.120242e+03
6.750000e-06	-4.924340e-09	-1.654437e-08	-2.710265e+01	-2.126261e+03
6.760000e-06	-4.947516e-09	-1.659032e-08	-2.723021e+01	-2.132189e+03
6.770000e-06	-4.970344e-09	-1.663614e-08	-2.735585e+01	-2.138028e+03
6.780000e-06	-4.992846e-09	-1.668167e-08	-2.747970e+01	-2.143781e+03
6.790000e-06	-5.015019e-09	-1.672682e-08	-2.760173e+01	-2.149447e+03
6.800000e-06	-5.036754e-09	-1.677115e-08	-2.772136e+01	-2.155025e+03
6.810000e-06	-5.057984e-09	-1.681372e-08	-2.783821e+01	-2.160512e+03
6.820000e-06	-5.078787e-09	-1.685514e-08	-2.795270e+01	-2.165904e+03
6.830000e-06	-5.099211e-09	-1.689610e-08	-2.806511e+01	-2.171195e+03
6.840000e-06	-5.119232e-09	-1.693567e-08	-2.817530e+01	-2.176380e+03
6.850000e-06	-5.138787e-09	-1.697382e-08	-2.828293e+01	-2.181452e+03
6.860000e-06	-5.157838e-09	-1.701167e-08	-2.838779e+01	-2.186405e+03
6.870000e-06	-5.176488e-09	-1.704952e-08	-2.849043e+01	-2.191232e+03
6.880000e-06	-5.194825e-09	-1.708658e-08	-2.859135e+01	-2.195930e+03
6.890000e-06	-5.212842e-09	-1.712211e-08	-2.869051e+01	-2.200494e+03
6.900000e-06	-5.230564e-09	-1.715560e-08	-2.878805e+01	-2.204922e+03
6.910000e-06	-5.248006e-09	-1.718774e-08	-2.888405e+01	-2.209214e+03
6.920000e-06	-5.265123e-09	-1.721958e-08	-2.897826e+01	-2.213371e+03
6.930000e-06	-5.281885e-09	-1.725083e-08	-2.907052e+01	-2.217396e+03
6.940000e-06	-5.298292e-09	-1.728101e-08	-2.916082e+01	-2.221294e+03
6.950000e-06	-5.314367e-09	-1.731028e-08	-2.924929e+01	-2.225069e+03
6.960000e-06	-5.330098e-09	-1.733954e-08	-2.933587e+01	-2.228727e+03
6.970000e-06	-5.345366e-09	-1.736880e-08	-2.941990e+01	-2.232275e+03
6.980000e-06	-5.360146e-09	-1.739629e-08	-2.950125e+01	-2.235719e+03
6.990000e-06	-5.374562e-09	-1.742180e-08	-2.958059e+01	-2.239064e+03
7.000000e-06	-5.388651e-09	-1.744680e-08	-2.965813e+01	-2.242315e+03
7.010000e-06	-5.402368e-09	-1.747187e-08	-2.973363e+01	-2.245476e+03
7.020000e-06	-5.415703e-09	-1.749652e-08	-2.980702e+01	-2.248549e+03
7.030000e-06	-5.428683e-09	-1.752043e-08	-2.987847e+01	-2.251538e+03
7.040000e-06	-5.441317e-09	-1.754353e-08	-2.994800e+01	-2.254442e+03
7.050000e-06	-5.453506e-09	-1.756594e-08	-3.001509e+01	-2.257262e+03
7.060000e-06	-5.465190e-09	-1.758836e-08	-3.007939e+01	-2.259998e+03
7.070000e-06	-5.476454e-09	-1.761072e-08	-3.014139e+01	-2.262649e+03
7.080000e-06	-5.487366e-09	-1.763204e-08	-3.020145e+01	-2.265215e+03
7.090000e-06	-5.497901e-09	-1.765242e-08	-3.025943e+01	-2.267695e+03
7.100000e-06	-5.508035e-09	-1.767249e-08	-3.031520e+01	-2.270091e+03
7.110000e-06	-5.517814e-09	-1.769231e-08	-3.036902e+01	-2.272401e+03
7.120000e-06	-5.527271e-09	-1.771120e-08	-3.042107e+01	-2.274627e+03
7.130000e-06	-5.536308e-09	-1.772880e-08	-3.047081e+01	-2.276770e+03
7.140000e-06	-5.544841e-09	-1.774559e-08	-3.051778e+01	-2.278830e+03
7.150000e-06	-5.552950e-09	-1.776165e-08	-3.056241e+01	-2.280809e+03
7.160000e-06	-5.560714e-09	-1.777738e-08	-3.060514e+01	-2.282708e+03
7.170000e-06	-5.568119e-09	-1.779275e-08	-3.064589e+01	-2.284526e+03
7.180000e-06	-5.575151e-09	-1.780711e-08	-3.068460e+01	-2.286262e+03
7.190000e-06	-5.581821e-09	-1.782029e-08	-3.072131e+01	-2.287916e+03
7.200000e-06	-5.588132e-09	-1.783258e-08	-3.075604e+01	-2.289486e+03
7.210000e-06	-5.593998e-09	-1.784422e-08	-3.078833e+01	-2.290967e+03
7.220000e-06	-5.599323e-09	-1.785514e-08	-3.081764e+01	-2.292356e+03
7.230000e-06	-5.604156e-09	-1.786540e-08	-3.084424e+01	-2.293649e+03
7.240000e-06	-5.608564e-09	-1.787515e-08	-3.086850e+01	-2.294842e+03
7.250000e-06	-5.612575e-09	-1.788450e-08	-3.089058e+01	-2.295929e+03
7.260000e-06	-5.616208e-09	-1.789322e-08	-3.091057e+01	-2.296907e+03
7.270000e-06	-5.619499e-09	-1.790024e-08	-3.092869e+01	-2.297770e+03
7.280000e-06	-5.622438e-09	-1.790495e-08	-3.094486e+01	-2.298515e+03
7.290000e-06	-5.624908e-09	-1.790839e-08	-3.095845e+01	-2.299141e+03
7.300000e-06	-5.626888e-09	-1.791176e-08	-3.096935e+01	-2.299644e+03
7.310000e-06	-5.628476e-09	-1.791471e-08	-3.097809e+01	-2.300025e+03
7.320000e-06	-5.629703e-09	-1.791638e-08	-3.098485e+01	-2.300283e+03
7.330000e-06	-5.630561e-09	-1.791742e-08	-3.098957e+01	-2.300420e+03
7.340000e-06	-5.631024e-09	-1.791821e-08	-3.099211e+01	-2.300438e+03
