# Concentracion g/m^3_=_53300.0
# C_Vs_to_Am_M_A/Vsm_=_128687336408.14134
# pendiente_HvsI_1/m_=_3716.3
# ordenada_HvsI_A/m_=_1297.0
# frecuencia_Hz_=_136532.90930956544
# Promedio de 28 ciclos

Tiempo_(s)	Campo_(V.s)	Magnetizacion_(V.s)	Campo_(kA/m)	Magnetizacion_(A/m)
0.000000e+00	-1.085833e-08	-2.455681e-08	-5.770904e+01	-3.168460e+03
1.000000e-08	-1.085828e-08	-2.455648e-08	-5.770881e+01	-3.168401e+03
2.000000e-08	-1.085741e-08	-2.455503e-08	-5.770420e+01	-3.168206e+03
3.000000e-08	-1.085573e-08	-2.455319e-08	-5.769529e+01	-3.167877e+03
4.000000e-08	-1.085333e-08	-2.454996e-08	-5.768256e+01	-3.167413e+03
5.000000e-08	-1.085026e-08	-2.454516e-08	-5.766627e+01	-3.166818e+03
6.000000e-08	-1.084644e-08	-2.453996e-08	-5.764597e+01	-3.166095e+03
7.000000e-08	-1.084177e-08	-2.453482e-08	-5.762118e+01	-3.165248e+03
8.000000e-08	-1.083632e-08	-2.452891e-08	-5.759225e+01	-3.164285e+03
9.000000e-08	-1.083001e-08	-2.452287e-08	-5.755875e+01	-3.163214e+03
1.000000e-07	-1.082273e-08	-2.451286e-08	-5.752011e+01	-3.162047e+03
1.100000e-07	-1.081429e-08	-2.449476e-08	-5.747530e+01	-3.160798e+03
1.200000e-07	-1.080446e-08	-2.448194e-08	-5.742305e+01	-3.159483e+03
1.300000e-07	-1.079359e-08	-2.448212e-08	-5.736529e+01	-3.158119e+03
1.400000e-07	-1.078246e-08	-2.448286e-08	-5.730611e+01	-3.156727e+03
1.500000e-07	-1.077121e-08	-2.445221e-08	-5.724635e+01	-3.155327e+03
1.600000e-07	-1.075911e-08	-2.440777e-08	-5.718207e+01	-3.153941e+03
1.700000e-07	-1.074589e-08	-2.442540e-08	-5.711182e+01	-3.152587e+03
1.800000e-07	-1.073226e-08	-2.444915e-08	-5.703938e+01	-3.151286e+03
1.900000e-07	-1.071822e-08	-2.438869e-08	-5.696478e+01	-3.150052e+03
2.000000e-07	-1.070308e-08	-2.435391e-08	-5.688432e+01	-3.148896e+03
2.100000e-07	-1.068717e-08	-2.441580e-08	-5.679975e+01	-3.147824e+03
2.200000e-07	-1.067095e-08	-2.441685e-08	-5.671355e+01	-3.146838e+03
2.300000e-07	-1.065380e-08	-2.433457e-08	-5.662244e+01	-3.145931e+03
2.400000e-07	-1.063551e-08	-2.435105e-08	-5.652526e+01	-3.145089e+03
2.500000e-07	-1.061667e-08	-2.439686e-08	-5.642513e+01	-3.144295e+03
2.600000e-07	-1.059699e-08	-2.433514e-08	-5.632058e+01	-3.143521e+03
2.700000e-07	-1.057597e-08	-2.430543e-08	-5.620888e+01	-3.142737e+03
2.800000e-07	-1.055409e-08	-2.435736e-08	-5.609265e+01	-3.141906e+03
2.900000e-07	-1.053167e-08	-2.432792e-08	-5.597349e+01	-3.140992e+03
3.000000e-07	-1.050826e-08	-2.426994e-08	-5.584910e+01	-3.139952e+03
3.100000e-07	-1.048402e-08	-2.431382e-08	-5.572030e+01	-3.138749e+03
3.200000e-07	-1.045928e-08	-2.431927e-08	-5.558884e+01	-3.137343e+03
3.300000e-07	-1.043373e-08	-2.424195e-08	-5.545307e+01	-3.135701e+03
3.400000e-07	-1.040730e-08	-2.424453e-08	-5.531263e+01	-3.133792e+03
3.500000e-07	-1.038023e-08	-2.427290e-08	-5.516880e+01	-3.131593e+03
3.600000e-07	-1.035244e-08	-2.421021e-08	-5.502112e+01	-3.129087e+03
3.700000e-07	-1.032389e-08	-2.417258e-08	-5.486941e+01	-3.126262e+03
3.800000e-07	-1.029469e-08	-2.418418e-08	-5.471428e+01	-3.123115e+03
3.900000e-07	-1.026461e-08	-2.413830e-08	-5.455441e+01	-3.119651e+03
4.000000e-07	-1.023351e-08	-2.408432e-08	-5.438916e+01	-3.115879e+03
4.100000e-07	-1.020155e-08	-2.407562e-08	-5.421931e+01	-3.111812e+03
4.200000e-07	-1.016878e-08	-2.403489e-08	-5.404517e+01	-3.107470e+03
4.300000e-07	-1.013524e-08	-2.397704e-08	-5.386697e+01	-3.102874e+03
4.400000e-07	-1.010109e-08	-2.395298e-08	-5.368549e+01	-3.098047e+03
4.500000e-07	-1.006631e-08	-2.391840e-08	-5.350065e+01	-3.093011e+03
4.600000e-07	-1.003084e-08	-2.386742e-08	-5.331218e+01	-3.087790e+03
4.700000e-07	-9.994686e-09	-2.383132e-08	-5.312005e+01	-3.082402e+03
4.800000e-07	-9.957799e-09	-2.379096e-08	-5.292402e+01	-3.076866e+03
4.900000e-07	-9.920181e-09	-2.374294e-08	-5.272411e+01	-3.071196e+03
5.000000e-07	-9.881882e-09	-2.370252e-08	-5.252058e+01	-3.065403e+03
5.100000e-07	-9.842859e-09	-2.365673e-08	-5.231321e+01	-3.059495e+03
5.200000e-07	-9.803092e-09	-2.360787e-08	-5.210188e+01	-3.053476e+03
5.300000e-07	-9.762605e-09	-2.356235e-08	-5.188673e+01	-3.047348e+03
5.400000e-07	-9.721365e-09	-2.351183e-08	-5.166759e+01	-3.041108e+03
5.500000e-07	-9.679303e-09	-2.346265e-08	-5.144407e+01	-3.034754e+03
5.600000e-07	-9.636463e-09	-2.341635e-08	-5.121640e+01	-3.028280e+03
5.700000e-07	-9.592910e-09	-2.336048e-08	-5.098495e+01	-3.021682e+03
5.800000e-07	-9.548666e-09	-2.330327e-08	-5.074982e+01	-3.014952e+03
5.900000e-07	-9.503767e-09	-2.325157e-08	-5.051120e+01	-3.008086e+03
6.000000e-07	-9.458198e-09	-2.319761e-08	-5.026902e+01	-3.001076e+03
6.100000e-07	-9.411901e-09	-2.314243e-08	-5.002297e+01	-2.993919e+03
6.200000e-07	-9.364892e-09	-2.308746e-08	-4.977314e+01	-2.986611e+03
6.300000e-07	-9.317204e-09	-2.302801e-08	-4.951972e+01	-2.979148e+03
6.400000e-07	-9.268795e-09	-2.296944e-08	-4.926246e+01	-2.971530e+03
6.500000e-07	-9.219679e-09	-2.291240e-08	-4.900144e+01	-2.963756e+03
6.600000e-07	-9.169886e-09	-2.284982e-08	-4.873682e+01	-2.955825e+03
6.700000e-07	-9.119441e-09	-2.278459e-08	-4.846875e+01	-2.947738e+03
6.800000e-07	-9.068316e-09	-2.272018e-08	-4.819706e+01	-2.939497e+03
6.900000e-07	-9.016470e-09	-2.265441e-08	-4.792154e+01	-2.931103e+03
7.000000e-07	-8.963889e-09	-2.258964e-08	-4.764210e+01	-2.922557e+03
7.100000e-07	-8.910615e-09	-2.252421e-08	-4.735897e+01	-2.913860e+03
7.200000e-07	-8.856703e-09	-2.245403e-08	-4.707247e+01	-2.905012e+03
7.300000e-07	-8.802173e-09	-2.238258e-08	-4.678268e+01	-2.896013e+03
7.400000e-07	-8.747037e-09	-2.231287e-08	-4.648966e+01	-2.886863e+03
7.500000e-07	-8.691269e-09	-2.224114e-08	-4.619328e+01	-2.877559e+03
7.600000e-07	-8.634817e-09	-2.216565e-08	-4.589327e+01	-2.868098e+03
7.700000e-07	-8.577684e-09	-2.208940e-08	-4.558964e+01	-2.858479e+03
7.800000e-07	-8.519872e-09	-2.201341e-08	-4.528241e+01	-2.848697e+03
7.900000e-07	-8.461393e-09	-2.193784e-08	-4.497163e+01	-2.838747e+03
8.000000e-07	-8.402285e-09	-2.186095e-08	-4.465753e+01	-2.828627e+03
8.100000e-07	-8.342579e-09	-2.178035e-08	-4.434024e+01	-2.818331e+03
8.200000e-07	-8.282267e-09	-2.169598e-08	-4.401972e+01	-2.807857e+03
8.300000e-07	-8.221323e-09	-2.161063e-08	-4.369582e+01	-2.797202e+03
8.400000e-07	-8.159728e-09	-2.152566e-08	-4.336847e+01	-2.786362e+03
8.500000e-07	-8.097507e-09	-2.144029e-08	-4.303779e+01	-2.775337e+03
8.600000e-07	-8.034704e-09	-2.135296e-08	-4.270403e+01	-2.764126e+03
8.700000e-07	-7.971359e-09	-2.126422e-08	-4.236739e+01	-2.752729e+03
8.800000e-07	-7.907492e-09	-2.117425e-08	-4.202798e+01	-2.741146e+03
8.900000e-07	-7.843109e-09	-2.108259e-08	-4.168582e+01	-2.729379e+03
9.000000e-07	-7.778194e-09	-2.099032e-08	-4.134082e+01	-2.717429e+03
9.100000e-07	-7.712706e-09	-2.089780e-08	-4.099279e+01	-2.705297e+03
9.200000e-07	-7.646620e-09	-2.080368e-08	-4.064157e+01	-2.692984e+03
9.300000e-07	-7.579920e-09	-2.070681e-08	-4.028710e+01	-2.680491e+03
9.400000e-07	-7.512619e-09	-2.060741e-08	-3.992944e+01	-2.667816e+03
9.500000e-07	-7.444741e-09	-2.050690e-08	-3.956870e+01	-2.654959e+03
9.600000e-07	-7.376306e-09	-2.040548e-08	-3.920500e+01	-2.641916e+03
9.700000e-07	-7.307323e-09	-2.030213e-08	-3.883838e+01	-2.628683e+03
9.800000e-07	-7.237807e-09	-2.019589e-08	-3.846893e+01	-2.615256e+03
9.900000e-07	-7.167758e-09	-2.008776e-08	-3.809665e+01	-2.601629e+03
1.000000e-06	-7.097188e-09	-1.998008e-08	-3.772160e+01	-2.587797e+03
1.010000e-06	-7.026112e-09	-1.987260e-08	-3.734385e+01	-2.573752e+03
1.020000e-06	-6.954559e-09	-1.976223e-08	-3.696355e+01	-2.559488e+03
1.030000e-06	-6.882536e-09	-1.964851e-08	-3.658076e+01	-2.545000e+03
1.040000e-06	-6.810007e-09	-1.953397e-08	-3.619531e+01	-2.530281e+03
1.050000e-06	-6.736935e-09	-1.941980e-08	-3.580696e+01	-2.515326e+03
1.060000e-06	-6.663303e-09	-1.930407e-08	-3.541565e+01	-2.500132e+03
1.070000e-06	-6.589128e-09	-1.918497e-08	-3.502144e+01	-2.484694e+03
1.080000e-06	-6.514444e-09	-1.906358e-08	-3.462451e+01	-2.469008e+03
1.090000e-06	-6.439273e-09	-1.894068e-08	-3.422500e+01	-2.453073e+03
1.100000e-06	-6.363627e-09	-1.881554e-08	-3.382297e+01	-2.436886e+03
1.110000e-06	-6.287508e-09	-1.868737e-08	-3.341844e+01	-2.420443e+03
1.120000e-06	-6.210940e-09	-1.855649e-08	-3.301152e+01	-2.403742e+03
1.130000e-06	-6.133958e-09	-1.842331e-08	-3.260240e+01	-2.386780e+03
1.140000e-06	-6.056563e-09	-1.828905e-08	-3.219108e+01	-2.369552e+03
1.150000e-06	-5.978752e-09	-1.815426e-08	-3.177755e+01	-2.352054e+03
1.160000e-06	-5.900558e-09	-1.801826e-08	-3.136196e+01	-2.334281e+03
1.170000e-06	-5.821989e-09	-1.787963e-08	-3.094440e+01	-2.316228e+03
1.180000e-06	-5.742997e-09	-1.773765e-08	-3.052460e+01	-2.297889e+03
1.190000e-06	-5.663518e-09	-1.759308e-08	-3.010221e+01	-2.279259e+03
1.200000e-06	-5.583560e-09	-1.744744e-08	-2.967726e+01	-2.260332e+03
1.210000e-06	-5.503146e-09	-1.730025e-08	-2.924989e+01	-2.241103e+03
1.220000e-06	-5.422260e-09	-1.715015e-08	-2.882001e+01	-2.221566e+03
1.230000e-06	-5.340912e-09	-1.699691e-08	-2.838767e+01	-2.201719e+03
1.240000e-06	-5.259129e-09	-1.684162e-08	-2.795302e+01	-2.181557e+03
1.250000e-06	-5.176939e-09	-1.668408e-08	-2.751619e+01	-2.161076e+03
1.260000e-06	-5.094361e-09	-1.652307e-08	-2.707730e+01	-2.140272e+03
1.270000e-06	-5.011420e-09	-1.635867e-08	-2.663650e+01	-2.119141e+03
1.280000e-06	-4.928142e-09	-1.619132e-08	-2.619390e+01	-2.097678e+03
1.290000e-06	-4.844531e-09	-1.602229e-08	-2.574954e+01	-2.075877e+03
1.300000e-06	-4.760589e-09	-1.585219e-08	-2.530344e+01	-2.053730e+03
1.310000e-06	-4.676316e-09	-1.567988e-08	-2.485559e+01	-2.031229e+03
1.320000e-06	-4.591716e-09	-1.550384e-08	-2.440598e+01	-2.008362e+03
1.330000e-06	-4.506791e-09	-1.532453e-08	-2.395465e+01	-1.985118e+03
1.340000e-06	-4.421531e-09	-1.514262e-08	-2.350153e+01	-1.961483e+03
1.350000e-06	-4.335917e-09	-1.495711e-08	-2.304653e+01	-1.937443e+03
1.360000e-06	-4.249963e-09	-1.476631e-08	-2.258972e+01	-1.912985e+03
1.370000e-06	-4.163705e-09	-1.457067e-08	-2.213128e+01	-1.888093e+03
1.380000e-06	-4.077166e-09	-1.437128e-08	-2.167135e+01	-1.862754e+03
1.390000e-06	-3.990359e-09	-1.416957e-08	-2.121000e+01	-1.836958e+03
1.400000e-06	-3.903288e-09	-1.396649e-08	-2.074725e+01	-1.810692e+03
1.410000e-06	-3.815974e-09	-1.376026e-08	-2.028320e+01	-1.783949e+03
1.420000e-06	-3.728422e-09	-1.354964e-08	-1.981787e+01	-1.756722e+03
1.430000e-06	-3.640618e-09	-1.333484e-08	-1.935122e+01	-1.729005e+03
1.440000e-06	-3.552572e-09	-1.311750e-08	-1.888329e+01	-1.700794e+03
1.450000e-06	-3.464295e-09	-1.289690e-08	-1.841414e+01	-1.672086e+03
1.460000e-06	-3.375766e-09	-1.267167e-08	-1.794364e+01	-1.642875e+03
1.470000e-06	-3.286948e-09	-1.244118e-08	-1.747161e+01	-1.613155e+03
1.480000e-06	-3.197833e-09	-1.220596e-08	-1.699800e+01	-1.582919e+03
1.490000e-06	-3.108448e-09	-1.196848e-08	-1.652295e+01	-1.552155e+03
1.500000e-06	-3.018823e-09	-1.172791e-08	-1.604663e+01	-1.520849e+03
1.510000e-06	-2.928980e-09	-1.148093e-08	-1.556915e+01	-1.488983e+03
1.520000e-06	-2.838945e-09	-1.122715e-08	-1.509065e+01	-1.456536e+03
1.530000e-06	-2.748738e-09	-1.096858e-08	-1.461123e+01	-1.423484e+03
1.540000e-06	-2.658376e-09	-1.070590e-08	-1.413100e+01	-1.389800e+03
1.550000e-06	-2.567856e-09	-1.043942e-08	-1.364992e+01	-1.355457e+03
1.560000e-06	-2.477162e-09	-1.016870e-08	-1.316790e+01	-1.320425e+03
1.570000e-06	-2.386307e-09	-9.891682e-09	-1.268502e+01	-1.284678e+03
1.580000e-06	-2.295295e-09	-9.608565e-09	-1.220131e+01	-1.248189e+03
1.590000e-06	-2.204110e-09	-9.320701e-09	-1.171668e+01	-1.210936e+03
1.600000e-06	-2.112766e-09	-9.028036e-09	-1.123123e+01	-1.172897e+03
1.610000e-06	-2.021258e-09	-8.728967e-09	-1.074491e+01	-1.134055e+03
1.620000e-06	-1.929560e-09	-8.421315e-09	-1.025757e+01	-1.094396e+03
1.630000e-06	-1.837666e-09	-8.105898e-09	-9.769197e+00	-1.053904e+03
1.640000e-06	-1.745589e-09	-7.784337e-09	-9.279851e+00	-1.012566e+03
1.650000e-06	-1.653365e-09	-7.456620e-09	-8.789723e+00	-9.703697e+02
1.660000e-06	-1.561038e-09	-7.122374e-09	-8.299025e+00	-9.272965e+02
1.670000e-06	-1.468632e-09	-6.781672e-09	-7.807896e+00	-8.833266e+02
1.680000e-06	-1.376159e-09	-6.434128e-09	-7.316419e+00	-8.384347e+02
1.690000e-06	-1.283625e-09	-6.079221e-09	-6.824618e+00	-7.925902e+02
1.700000e-06	-1.191032e-09	-5.716857e-09	-6.332507e+00	-7.457576e+02
1.710000e-06	-1.098375e-09	-5.345274e-09	-5.840051e+00	-6.978970e+02
1.720000e-06	-1.005638e-09	-4.963294e-09	-5.347172e+00	-6.489664e+02
1.730000e-06	-9.128207e-10	-4.573132e-09	-4.853863e+00	-5.989242e+02
1.740000e-06	-8.199228e-10	-4.175861e-09	-4.360129e+00	-5.477323e+02
1.750000e-06	-7.269410e-10	-3.769928e-09	-3.865958e+00	-4.953605e+02
1.760000e-06	-6.338736e-10	-3.354202e-09	-3.371333e+00	-4.417906e+02
1.770000e-06	-5.407419e-10	-2.929891e-09	-2.876363e+00	-3.870208e+02
1.780000e-06	-4.475670e-10	-2.498281e-09	-2.381163e+00	-3.310699e+02
1.790000e-06	-3.543597e-10	-2.057930e-09	-1.885792e+00	-2.739806e+02
1.800000e-06	-2.611512e-10	-1.607328e-09	-1.390416e+00	-2.158221e+02
1.810000e-06	-1.679734e-10	-1.147756e-09	-8.951951e-01	-1.566919e+02
1.820000e-06	-7.482629e-11	-6.821714e-10	-4.001355e-01	-9.671524e+01
1.830000e-06	1.829987e-11	-2.124901e-10	9.480706e-02	-3.604425e+01
1.840000e-06	1.114119e-10	2.607460e-10	5.896742e-01	2.514527e+01
1.850000e-06	2.045194e-10	7.369831e-10	1.084517e+00	8.665802e+01
1.860000e-06	2.976233e-10	1.214611e-09	1.579342e+00	1.482846e+02
1.870000e-06	3.907256e-10	1.691964e-09	2.074160e+00	2.098078e+02
1.880000e-06	4.838241e-10	2.165935e-09	2.568950e+00	2.710095e+02
1.890000e-06	5.769078e-10	2.634380e-09	3.063660e+00	3.316776e+02
1.900000e-06	6.699665e-10	3.098361e-09	3.558242e+00	3.916127e+02
1.910000e-06	7.629893e-10	3.555902e-09	4.052637e+00	4.506342e+02
1.920000e-06	8.559620e-10	4.002287e-09	4.546765e+00	5.085850e+02
1.930000e-06	9.488653e-10	4.436162e-09	5.040525e+00	5.653354e+02
1.940000e-06	1.041677e-09	4.859456e-09	5.533800e+00	6.207853e+02
1.950000e-06	1.134381e-09	5.273231e-09	6.026512e+00	6.748648e+02
1.960000e-06	1.226981e-09	5.677609e-09	6.518677e+00	7.275334e+02
1.970000e-06	1.319480e-09	6.072803e-09	7.010311e+00	7.787777e+02
1.980000e-06	1.411871e-09	6.456433e-09	7.501360e+00	8.286083e+02
1.990000e-06	1.504155e-09	6.828015e-09	7.991834e+00	8.770550e+02
2.000000e-06	1.596342e-09	7.190473e-09	8.481786e+00	9.241628e+02
2.010000e-06	1.688422e-09	7.543770e-09	8.971162e+00	9.699866e+02
2.020000e-06	1.780388e-09	7.887311e-09	9.459931e+00	1.014587e+03
2.030000e-06	1.872236e-09	8.222677e-09	9.948081e+00	1.058025e+03
2.040000e-06	1.963954e-09	8.549923e-09	1.043553e+01	1.100360e+03
2.050000e-06	2.055521e-09	8.868908e-09	1.092219e+01	1.141646e+03
2.060000e-06	2.146929e-09	9.180451e-09	1.140800e+01	1.181932e+03
2.070000e-06	2.238166e-09	9.484187e-09	1.189292e+01	1.221259e+03
2.080000e-06	2.329212e-09	9.779292e-09	1.237682e+01	1.259662e+03
2.090000e-06	2.420058e-09	1.006626e-08	1.285965e+01	1.297168e+03
2.100000e-06	2.510698e-09	1.034590e-08	1.334138e+01	1.333803e+03
2.110000e-06	2.601138e-09	1.061871e-08	1.382206e+01	1.369587e+03
2.120000e-06	2.691380e-09	1.088615e-08	1.430167e+01	1.404542e+03
2.130000e-06	2.781434e-09	1.114882e-08	1.478029e+01	1.438690e+03
2.140000e-06	2.871322e-09	1.140678e-08	1.525803e+01	1.472052e+03
2.150000e-06	2.961044e-09	1.165927e-08	1.573489e+01	1.504655e+03
2.160000e-06	3.050594e-09	1.190535e-08	1.621084e+01	1.536528e+03
2.170000e-06	3.139954e-09	1.214534e-08	1.668577e+01	1.567700e+03
2.180000e-06	3.229086e-09	1.237958e-08	1.715949e+01	1.598205e+03
2.190000e-06	3.317967e-09	1.260939e-08	1.763185e+01	1.628076e+03
2.200000e-06	3.406584e-09	1.283607e-08	1.810281e+01	1.657345e+03
2.210000e-06	3.494922e-09	1.305865e-08	1.857230e+01	1.686042e+03
2.220000e-06	3.582982e-09	1.327622e-08	1.904031e+01	1.714196e+03
2.230000e-06	3.670763e-09	1.348939e-08	1.950686e+01	1.741829e+03
2.240000e-06	3.758262e-09	1.369859e-08	1.997192e+01	1.768960e+03
2.250000e-06	3.845482e-09	1.390417e-08	2.043548e+01	1.795604e+03
2.260000e-06	3.932427e-09	1.410598e-08	2.089758e+01	1.821771e+03
2.270000e-06	4.019108e-09	1.430346e-08	2.135827e+01	1.847467e+03
2.280000e-06	4.105537e-09	1.449714e-08	2.181763e+01	1.872696e+03
2.290000e-06	4.191714e-09	1.468770e-08	2.227564e+01	1.897462e+03
2.300000e-06	4.277619e-09	1.487495e-08	2.273221e+01	1.921766e+03
2.310000e-06	4.363216e-09	1.505814e-08	2.318714e+01	1.945614e+03
2.320000e-06	4.448481e-09	1.523737e-08	2.364030e+01	1.969012e+03
2.330000e-06	4.533414e-09	1.541294e-08	2.409169e+01	1.991971e+03
2.340000e-06	4.618010e-09	1.558538e-08	2.454130e+01	2.014501e+03
2.350000e-06	4.702252e-09	1.575521e-08	2.498903e+01	2.036621e+03
2.360000e-06	4.786126e-09	1.592254e-08	2.543480e+01	2.058348e+03
2.370000e-06	4.869644e-09	1.608744e-08	2.587868e+01	2.079703e+03
2.380000e-06	4.952808e-09	1.625024e-08	2.632069e+01	2.100707e+03
2.390000e-06	5.035612e-09	1.641091e-08	2.676079e+01	2.121380e+03
2.400000e-06	5.118036e-09	1.656875e-08	2.719888e+01	2.141741e+03
2.410000e-06	5.200071e-09	1.672279e-08	2.763490e+01	2.161805e+03
2.420000e-06	5.281721e-09	1.687332e-08	2.806888e+01	2.181585e+03
2.430000e-06	5.362985e-09	1.702129e-08	2.850081e+01	2.201087e+03
2.440000e-06	5.443861e-09	1.716743e-08	2.893065e+01	2.220316e+03
2.450000e-06	5.524338e-09	1.731117e-08	2.935837e+01	2.239271e+03
2.460000e-06	5.604405e-09	1.745231e-08	2.978391e+01	2.257947e+03
2.470000e-06	5.684045e-09	1.759204e-08	3.020719e+01	2.276340e+03
2.480000e-06	5.763223e-09	1.773006e-08	3.062801e+01	2.294440e+03
2.490000e-06	5.841923e-09	1.786675e-08	3.104629e+01	2.312241e+03
2.500000e-06	5.920168e-09	1.800231e-08	3.146214e+01	2.329738e+03
2.510000e-06	5.997975e-09	1.813654e-08	3.187568e+01	2.346928e+03
2.520000e-06	6.075346e-09	1.826867e-08	3.228689e+01	2.363810e+03
2.530000e-06	6.152295e-09	1.839793e-08	3.269587e+01	2.380389e+03
2.540000e-06	6.228830e-09	1.852440e-08	3.310264e+01	2.396671e+03
2.550000e-06	6.304938e-09	1.864819e-08	3.350714e+01	2.412670e+03
2.560000e-06	6.380600e-09	1.876938e-08	3.390927e+01	2.428399e+03
2.570000e-06	6.455806e-09	1.888777e-08	3.430898e+01	2.443873e+03
2.580000e-06	6.530563e-09	1.900405e-08	3.470630e+01	2.459111e+03
2.590000e-06	6.604856e-09	1.911916e-08	3.510117e+01	2.474128e+03
2.600000e-06	6.678675e-09	1.923287e-08	3.549351e+01	2.488939e+03
2.610000e-06	6.751987e-09	1.934469e-08	3.588317e+01	2.503558e+03
2.620000e-06	6.824737e-09	1.945469e-08	3.626983e+01	2.517992e+03
2.630000e-06	6.896911e-09	1.956348e-08	3.665345e+01	2.532247e+03
2.640000e-06	6.968539e-09	1.967143e-08	3.703415e+01	2.546324e+03
2.650000e-06	7.039637e-09	1.977732e-08	3.741204e+01	2.560221e+03
2.660000e-06	7.110205e-09	1.988080e-08	3.778710e+01	2.573933e+03
2.670000e-06	7.180258e-09	1.998331e-08	3.815943e+01	2.587451e+03
2.680000e-06	7.249803e-09	2.008511e-08	3.852905e+01	2.600768e+03
2.690000e-06	7.318843e-09	2.018639e-08	3.889599e+01	2.613875e+03
2.700000e-06	7.387385e-09	2.028718e-08	3.926029e+01	2.626763e+03
2.710000e-06	7.455418e-09	2.038602e-08	3.962187e+01	2.639427e+03
2.720000e-06	7.522924e-09	2.048214e-08	3.998066e+01	2.651864e+03
2.730000e-06	7.589876e-09	2.057620e-08	4.033651e+01	2.664073e+03
2.740000e-06	7.656250e-09	2.066839e-08	4.068929e+01	2.676059e+03
2.750000e-06	7.722040e-09	2.075869e-08	4.103897e+01	2.687827e+03
2.760000e-06	7.787238e-09	2.084661e-08	4.138549e+01	2.699387e+03
2.770000e-06	7.851851e-09	2.093231e-08	4.172890e+01	2.710750e+03
2.780000e-06	7.915899e-09	2.101733e-08	4.206932e+01	2.721930e+03
2.790000e-06	7.979381e-09	2.110183e-08	4.240672e+01	2.732939e+03
2.800000e-06	8.042295e-09	2.118522e-08	4.274111e+01	2.743791e+03
2.810000e-06	8.104628e-09	2.126750e-08	4.307242e+01	2.754497e+03
2.820000e-06	8.166359e-09	2.134835e-08	4.340053e+01	2.765067e+03
2.830000e-06	8.227495e-09	2.142806e-08	4.372548e+01	2.775508e+03
2.840000e-06	8.288032e-09	2.150725e-08	4.404725e+01	2.785823e+03
2.850000e-06	8.347971e-09	2.158531e-08	4.436582e+01	2.796016e+03
2.860000e-06	8.407314e-09	2.166160e-08	4.468123e+01	2.806084e+03
2.870000e-06	8.466045e-09	2.173709e-08	4.499338e+01	2.816023e+03
2.880000e-06	8.524147e-09	2.181257e-08	4.530218e+01	2.825828e+03
2.890000e-06	8.581596e-09	2.188711e-08	4.560753e+01	2.835492e+03
2.900000e-06	8.638381e-09	2.196021e-08	4.590934e+01	2.845005e+03
2.910000e-06	8.694490e-09	2.203130e-08	4.620756e+01	2.854360e+03
2.920000e-06	8.749918e-09	2.210065e-08	4.650216e+01	2.863548e+03
2.930000e-06	8.804690e-09	2.216949e-08	4.679328e+01	2.872563e+03
2.940000e-06	8.858809e-09	2.223824e-08	4.708093e+01	2.881396e+03
2.950000e-06	8.912302e-09	2.230587e-08	4.736524e+01	2.890045e+03
2.960000e-06	8.965177e-09	2.237165e-08	4.764627e+01	2.898505e+03
2.970000e-06	9.017412e-09	2.243607e-08	4.792390e+01	2.906775e+03
2.980000e-06	9.069008e-09	2.249892e-08	4.819812e+01	2.914855e+03
2.990000e-06	9.119942e-09	2.255986e-08	4.846883e+01	2.922747e+03
3.000000e-06	9.170231e-09	2.261927e-08	4.873612e+01	2.930455e+03
3.010000e-06	9.219888e-09	2.267763e-08	4.900004e+01	2.937982e+03
3.020000e-06	9.268865e-09	2.273388e-08	4.926035e+01	2.945336e+03
3.030000e-06	9.317140e-09	2.278806e-08	4.951693e+01	2.952524e+03
3.040000e-06	9.364706e-09	2.284159e-08	4.976976e+01	2.959554e+03
3.050000e-06	9.411557e-09	2.289439e-08	5.001877e+01	2.966435e+03
3.060000e-06	9.457669e-09	2.294570e-08	5.026386e+01	2.973176e+03
3.070000e-06	9.503029e-09	2.299582e-08	5.050496e+01	2.979788e+03
3.080000e-06	9.547669e-09	2.304583e-08	5.074222e+01	2.986279e+03
3.090000e-06	9.591662e-09	2.309582e-08	5.097604e+01	2.992658e+03
3.100000e-06	9.635034e-09	2.314545e-08	5.120657e+01	2.998934e+03
3.110000e-06	9.677733e-09	2.319338e-08	5.143353e+01	3.005114e+03
3.120000e-06	9.719717e-09	2.323915e-08	5.165669e+01	3.011202e+03
3.130000e-06	9.760969e-09	2.328455e-08	5.187595e+01	3.017202e+03
3.140000e-06	9.801510e-09	2.332981e-08	5.209143e+01	3.023115e+03
3.150000e-06	9.841327e-09	2.337405e-08	5.230306e+01	3.028942e+03
3.160000e-06	9.880361e-09	2.341819e-08	5.251054e+01	3.034678e+03
3.170000e-06	9.918611e-09	2.346266e-08	5.271385e+01	3.040319e+03
3.180000e-06	9.956151e-09	2.350632e-08	5.291338e+01	3.045859e+03
3.190000e-06	9.993026e-09	2.354813e-08	5.310937e+01	3.051289e+03
3.200000e-06	1.002920e-08	2.358749e-08	5.330165e+01	3.056601e+03
3.210000e-06	1.006463e-08	2.362517e-08	5.349000e+01	3.061786e+03
3.220000e-06	1.009935e-08	2.366259e-08	5.367453e+01	3.066835e+03
3.230000e-06	1.013340e-08	2.370028e-08	5.385551e+01	3.071740e+03
3.240000e-06	1.016678e-08	2.373787e-08	5.403294e+01	3.076495e+03
3.250000e-06	1.019944e-08	2.377477e-08	5.420652e+01	3.081095e+03
3.260000e-06	1.023133e-08	2.381035e-08	5.437602e+01	3.085537e+03
3.270000e-06	1.026246e-08	2.384421e-08	5.454153e+01	3.089822e+03
3.280000e-06	1.029282e-08	2.387640e-08	5.470292e+01	3.093951e+03
3.290000e-06	1.032236e-08	2.390713e-08	5.485993e+01	3.097928e+03
3.300000e-06	1.035109e-08	2.393614e-08	5.501264e+01	3.101758e+03
3.310000e-06	1.037907e-08	2.396397e-08	5.516135e+01	3.105449e+03
3.320000e-06	1.040632e-08	2.399165e-08	5.530622e+01	3.109007e+03
3.330000e-06	1.043281e-08	2.401888e-08	5.544700e+01	3.112441e+03
3.340000e-06	1.045850e-08	2.404457e-08	5.558357e+01	3.115759e+03
3.350000e-06	1.048348e-08	2.406834e-08	5.571632e+01	3.118968e+03
3.360000e-06	1.050779e-08	2.409146e-08	5.584558e+01	3.122074e+03
3.370000e-06	1.053141e-08	2.411424e-08	5.597112e+01	3.125082e+03
3.380000e-06	1.055423e-08	2.413613e-08	5.609244e+01	3.127998e+03
3.390000e-06	1.057627e-08	2.415746e-08	5.620956e+01	3.130822e+03
3.400000e-06	1.059753e-08	2.417765e-08	5.632257e+01	3.133558e+03
3.410000e-06	1.061790e-08	2.419669e-08	5.643088e+01	3.136206e+03
3.420000e-06	1.063735e-08	2.421559e-08	5.653427e+01	3.138766e+03
3.430000e-06	1.065599e-08	2.423365e-08	5.663335e+01	3.141237e+03
3.440000e-06	1.067391e-08	2.425069e-08	5.672863e+01	3.143619e+03
3.450000e-06	1.069109e-08	2.426802e-08	5.681997e+01	3.145912e+03
3.460000e-06	1.070745e-08	2.428502e-08	5.690692e+01	3.148114e+03
3.470000e-06	1.072302e-08	2.430025e-08	5.698968e+01	3.150226e+03
3.480000e-06	1.073789e-08	2.431467e-08	5.706871e+01	3.152248e+03
3.490000e-06	1.075205e-08	2.432938e-08	5.714398e+01	3.154179e+03
3.500000e-06	1.076541e-08	2.434331e-08	5.721502e+01	3.156020e+03
3.510000e-06	1.077798e-08	2.435612e-08	5.728184e+01	3.157771e+03
3.520000e-06	1.078984e-08	2.436815e-08	5.734489e+01	3.159431e+03
3.530000e-06	1.080098e-08	2.437953e-08	5.740414e+01	3.160999e+03
3.540000e-06	1.081129e-08	2.439058e-08	5.745895e+01	3.162474e+03
3.550000e-06	1.082072e-08	2.440148e-08	5.750909e+01	3.163855e+03
3.560000e-06	1.082938e-08	2.441210e-08	5.755514e+01	3.165139e+03
3.570000e-06	1.083733e-08	2.442189e-08	5.759742e+01	3.166322e+03
3.580000e-06	1.084450e-08	2.443056e-08	5.763558e+01	3.167402e+03
3.590000e-06	1.085083e-08	2.443832e-08	5.766924e+01	3.168374e+03
3.600000e-06	1.085635e-08	2.444500e-08	5.769861e+01	3.169234e+03
3.610000e-06	1.086107e-08	2.445089e-08	5.772368e+01	3.169979e+03
3.620000e-06	1.086489e-08	2.445579e-08	5.774404e+01	3.170604e+03
3.630000e-06	1.086789e-08	2.445931e-08	5.776000e+01	3.171106e+03
3.640000e-06	1.087018e-08	2.446247e-08	5.777214e+01	3.171481e+03
3.650000e-06	1.087175e-08	2.446558e-08	5.778053e+01	3.171727e+03
3.660000e-06	1.087253e-08	2.446676e-08	5.778466e+01	3.171841e+03
3.670000e-06	1.087247e-08	2.446544e-08	5.778438e+01	3.171822e+03
3.680000e-06	1.087168e-08	2.446339e-08	5.778020e+01	3.171668e+03
3.690000e-06	1.087020e-08	2.446081e-08	5.777231e+01	3.171380e+03
3.700000e-06	1.086794e-08	2.445759e-08	5.776034e+01	3.170957e+03
3.710000e-06	1.086489e-08	2.445376e-08	5.774416e+01	3.170402e+03
3.720000e-06	1.086113e-08	2.444875e-08	5.772422e+01	3.169717e+03
3.730000e-06	1.085668e-08	2.444259e-08	5.770057e+01	3.168907e+03
3.740000e-06	1.085141e-08	2.443434e-08	5.767260e+01	3.167979e+03
3.750000e-06	1.084531e-08	2.442363e-08	5.764020e+01	3.166939e+03
3.760000e-06	1.083834e-08	2.442282e-08	5.760316e+01	3.165801e+03
3.770000e-06	1.083005e-08	2.442536e-08	5.755917e+01	3.164575e+03
3.780000e-06	1.082012e-08	2.440660e-08	5.750644e+01	3.163278e+03
3.790000e-06	1.080917e-08	2.436625e-08	5.744826e+01	3.161927e+03
3.800000e-06	1.079832e-08	2.435879e-08	5.739060e+01	3.160542e+03
3.810000e-06	1.078761e-08	2.439441e-08	5.733368e+01	3.159142e+03
3.820000e-06	1.077583e-08	2.438559e-08	5.727110e+01	3.157749e+03
3.830000e-06	1.076264e-08	2.431277e-08	5.720103e+01	3.156384e+03
3.840000e-06	1.074909e-08	2.431388e-08	5.712902e+01	3.155065e+03
3.850000e-06	1.073532e-08	2.438879e-08	5.705587e+01	3.153809e+03
3.860000e-06	1.072030e-08	2.436272e-08	5.697607e+01	3.152629e+03
3.870000e-06	1.070416e-08	2.428811e-08	5.689029e+01	3.151531e+03
3.880000e-06	1.068774e-08	2.431844e-08	5.680303e+01	3.150520e+03
3.890000e-06	1.067069e-08	2.434937e-08	5.671246e+01	3.149590e+03
3.900000e-06	1.065253e-08	2.427294e-08	5.661595e+01	3.148730e+03
3.910000e-06	1.063381e-08	2.425846e-08	5.651647e+01	3.147924e+03
3.920000e-06	1.061461e-08	2.433763e-08	5.641445e+01	3.147147e+03
3.930000e-06	1.059404e-08	2.432805e-08	5.630516e+01	3.146369e+03
3.940000e-06	1.057227e-08	2.426719e-08	5.618948e+01	3.145557e+03
3.950000e-06	1.054991e-08	2.430375e-08	5.607066e+01	3.144672e+03
3.960000e-06	1.052687e-08	2.430970e-08	5.594820e+01	3.143675e+03
3.970000e-06	1.050304e-08	2.422087e-08	5.582157e+01	3.142525e+03
3.980000e-06	1.047851e-08	2.421159e-08	5.569124e+01	3.141185e+03
3.990000e-06	1.045317e-08	2.425483e-08	5.555658e+01	3.139618e+03
4.000000e-06	1.042708e-08	2.420817e-08	5.541793e+01	3.137792e+03
4.010000e-06	1.040038e-08	2.417312e-08	5.527603e+01	3.135683e+03
4.020000e-06	1.037281e-08	2.422267e-08	5.512956e+01	3.133271e+03
4.030000e-06	1.034436e-08	2.420711e-08	5.497835e+01	3.130543e+03
4.040000e-06	1.031523e-08	2.415262e-08	5.482358e+01	3.127495e+03
4.050000e-06	1.028530e-08	2.416951e-08	5.466455e+01	3.124126e+03
4.060000e-06	1.025449e-08	2.415879e-08	5.450079e+01	3.120446e+03
4.070000e-06	1.022290e-08	2.408982e-08	5.433290e+01	3.116467e+03
4.080000e-06	1.019040e-08	2.406782e-08	5.416019e+01	3.112206e+03
4.090000e-06	1.015705e-08	2.405380e-08	5.398301e+01	3.107685e+03
4.100000e-06	1.012311e-08	2.399897e-08	5.380262e+01	3.102926e+03
4.110000e-06	1.008847e-08	2.395356e-08	5.361854e+01	3.097951e+03
4.120000e-06	1.005305e-08	2.392428e-08	5.343030e+01	3.092784e+03
4.130000e-06	1.001700e-08	2.388816e-08	5.323872e+01	3.087445e+03
4.140000e-06	9.980273e-09	2.384346e-08	5.304354e+01	3.081952e+03
4.150000e-06	9.942829e-09	2.379357e-08	5.284454e+01	3.076322e+03
4.160000e-06	9.904698e-09	2.375353e-08	5.264189e+01	3.070565e+03
4.170000e-06	9.865796e-09	2.371405e-08	5.243518e+01	3.064692e+03
4.180000e-06	9.826138e-09	2.366297e-08	5.222443e+01	3.058707e+03
4.190000e-06	9.785793e-09	2.362272e-08	5.201001e+01	3.052611e+03
4.200000e-06	9.744682e-09	2.357972e-08	5.179153e+01	3.046406e+03
4.210000e-06	9.702790e-09	2.351540e-08	5.156891e+01	3.040087e+03
4.220000e-06	9.660176e-09	2.346576e-08	5.134245e+01	3.033650e+03
4.230000e-06	9.616818e-09	2.342982e-08	5.111205e+01	3.027090e+03
4.240000e-06	9.572750e-09	2.337370e-08	5.087785e+01	3.020401e+03
4.250000e-06	9.528059e-09	2.331510e-08	5.064035e+01	3.013577e+03
4.260000e-06	9.482702e-09	2.326547e-08	5.039932e+01	3.006611e+03
4.270000e-06	9.436620e-09	2.320971e-08	5.015443e+01	2.999499e+03
4.280000e-06	9.389783e-09	2.315424e-08	4.990551e+01	2.992237e+03
4.290000e-06	9.342207e-09	2.310025e-08	4.965267e+01	2.984822e+03
4.300000e-06	9.293951e-09	2.303708e-08	4.939621e+01	2.977251e+03
4.310000e-06	9.245023e-09	2.297467e-08	4.913620e+01	2.969524e+03
4.320000e-06	9.195374e-09	2.291814e-08	4.887236e+01	2.961641e+03
4.330000e-06	9.144984e-09	2.286021e-08	4.860456e+01	2.953601e+03
4.340000e-06	9.093920e-09	2.279888e-08	4.833317e+01	2.945407e+03
4.350000e-06	9.042191e-09	2.273108e-08	4.805826e+01	2.937060e+03
4.360000e-06	8.989783e-09	2.265907e-08	4.777976e+01	2.928559e+03
4.370000e-06	8.936696e-09	2.259414e-08	4.749765e+01	2.919908e+03
4.380000e-06	8.882959e-09	2.253233e-08	4.721206e+01	2.911106e+03
4.390000e-06	8.828601e-09	2.246296e-08	4.692317e+01	2.902153e+03
4.400000e-06	8.773647e-09	2.238968e-08	4.663111e+01	2.893049e+03
4.410000e-06	8.718066e-09	2.231799e-08	4.633574e+01	2.883792e+03
4.420000e-06	8.661811e-09	2.224613e-08	4.603677e+01	2.874380e+03
4.430000e-06	8.604884e-09	2.217410e-08	4.573422e+01	2.864809e+03
4.440000e-06	8.547315e-09	2.210198e-08	4.542826e+01	2.855076e+03
4.450000e-06	8.489123e-09	2.202477e-08	4.511901e+01	2.845178e+03
4.460000e-06	8.430293e-09	2.194385e-08	4.480637e+01	2.835110e+03
4.470000e-06	8.370803e-09	2.186664e-08	4.449021e+01	2.824868e+03
4.480000e-06	8.310667e-09	2.179136e-08	4.417061e+01	2.814449e+03
4.490000e-06	8.249904e-09	2.170932e-08	4.384767e+01	2.803849e+03
4.500000e-06	8.188532e-09	2.162172e-08	4.352152e+01	2.793065e+03
4.510000e-06	8.126554e-09	2.153629e-08	4.319215e+01	2.782096e+03
4.520000e-06	8.063976e-09	2.145342e-08	4.285959e+01	2.770942e+03
4.530000e-06	8.000824e-09	2.136815e-08	4.252394e+01	2.759601e+03
4.540000e-06	7.937146e-09	2.128019e-08	4.218550e+01	2.748074e+03
4.550000e-06	7.872944e-09	2.118935e-08	4.184429e+01	2.736363e+03
4.560000e-06	7.808162e-09	2.109599e-08	4.150001e+01	2.724469e+03
4.570000e-06	7.742759e-09	2.100329e-08	4.115244e+01	2.712392e+03
4.580000e-06	7.676753e-09	2.091120e-08	4.080165e+01	2.700134e+03
4.590000e-06	7.610178e-09	2.081619e-08	4.044784e+01	2.687696e+03
4.600000e-06	7.543044e-09	2.071708e-08	4.009105e+01	2.675077e+03
4.610000e-06	7.475341e-09	2.061737e-08	3.973125e+01	2.662275e+03
4.620000e-06	7.407074e-09	2.051913e-08	3.936845e+01	2.649288e+03
4.630000e-06	7.338265e-09	2.041944e-08	3.900278e+01	2.636114e+03
4.640000e-06	7.268933e-09	2.031679e-08	3.863431e+01	2.622746e+03
4.650000e-06	7.199102e-09	2.021158e-08	3.826317e+01	2.609181e+03
4.660000e-06	7.128766e-09	2.010370e-08	3.788935e+01	2.595411e+03
4.670000e-06	7.057891e-09	1.999507e-08	3.751268e+01	2.581431e+03
4.680000e-06	6.986488e-09	1.988660e-08	3.713320e+01	2.567235e+03
4.690000e-06	6.914591e-09	1.977662e-08	3.675109e+01	2.552815e+03
4.700000e-06	6.842191e-09	1.966365e-08	3.636630e+01	2.538167e+03
4.710000e-06	6.769252e-09	1.954818e-08	3.597865e+01	2.523285e+03
4.720000e-06	6.695744e-09	1.943159e-08	3.558798e+01	2.508163e+03
4.730000e-06	6.621682e-09	1.931372e-08	3.519438e+01	2.492800e+03
4.740000e-06	6.547092e-09	1.919303e-08	3.479797e+01	2.477190e+03
4.750000e-06	6.472001e-09	1.906946e-08	3.439890e+01	2.461331e+03
4.760000e-06	6.396436e-09	1.894529e-08	3.399730e+01	2.445220e+03
4.770000e-06	6.320406e-09	1.882132e-08	3.359323e+01	2.428855e+03
4.780000e-06	6.243939e-09	1.869540e-08	3.318682e+01	2.412233e+03
4.790000e-06	6.167066e-09	1.856496e-08	3.277826e+01	2.395351e+03
4.800000e-06	6.089769e-09	1.843013e-08	3.236747e+01	2.378204e+03
4.810000e-06	6.012033e-09	1.829321e-08	3.195435e+01	2.360788e+03
4.820000e-06	5.933878e-09	1.815567e-08	3.153898e+01	2.343100e+03
4.830000e-06	5.855328e-09	1.801730e-08	3.112152e+01	2.325132e+03
4.840000e-06	5.776399e-09	1.787675e-08	3.070205e+01	2.306881e+03
4.850000e-06	5.697048e-09	1.773306e-08	3.028032e+01	2.288340e+03
4.860000e-06	5.617229e-09	1.758688e-08	2.985611e+01	2.269503e+03
4.870000e-06	5.536928e-09	1.743870e-08	2.942935e+01	2.250366e+03
4.880000e-06	5.456148e-09	1.728843e-08	2.900005e+01	2.230923e+03
4.890000e-06	5.374928e-09	1.713517e-08	2.856839e+01	2.211171e+03
4.900000e-06	5.293318e-09	1.697857e-08	2.813465e+01	2.191105e+03
4.910000e-06	5.211332e-09	1.682052e-08	2.769890e+01	2.170721e+03
4.920000e-06	5.128969e-09	1.666149e-08	2.726116e+01	2.150015e+03
4.930000e-06	5.046247e-09	1.650056e-08	2.682151e+01	2.128984e+03
4.940000e-06	4.963191e-09	1.633653e-08	2.638009e+01	2.107623e+03
4.950000e-06	4.879793e-09	1.616831e-08	2.593686e+01	2.085925e+03
4.960000e-06	4.796045e-09	1.599599e-08	2.549177e+01	2.063885e+03
4.970000e-06	4.711927e-09	1.582062e-08	2.504473e+01	2.041492e+03
4.980000e-06	4.627444e-09	1.564362e-08	2.459574e+01	2.018737e+03
4.990000e-06	4.542628e-09	1.546535e-08	2.414497e+01	1.995609e+03
5.000000e-06	4.457474e-09	1.528508e-08	2.369241e+01	1.972094e+03
5.010000e-06	4.371962e-09	1.510170e-08	2.323795e+01	1.948179e+03
5.020000e-06	4.286100e-09	1.491512e-08	2.278160e+01	1.923849e+03
5.030000e-06	4.199918e-09	1.472518e-08	2.232356e+01	1.899090e+03
5.040000e-06	4.113462e-09	1.453054e-08	2.186408e+01	1.873889e+03
5.050000e-06	4.026750e-09	1.433055e-08	2.140325e+01	1.848232e+03
5.060000e-06	3.939771e-09	1.412641e-08	2.094099e+01	1.822110e+03
5.070000e-06	3.852493e-09	1.392012e-08	2.047716e+01	1.795512e+03
5.080000e-06	3.764925e-09	1.371233e-08	2.001179e+01	1.768433e+03
5.090000e-06	3.677106e-09	1.350184e-08	1.954506e+01	1.740865e+03
5.100000e-06	3.589056e-09	1.328709e-08	1.907710e+01	1.712805e+03
5.110000e-06	3.500769e-09	1.306771e-08	1.860788e+01	1.684248e+03
5.120000e-06	3.412223e-09	1.284403e-08	1.813728e+01	1.655190e+03
5.130000e-06	3.323416e-09	1.261554e-08	1.766529e+01	1.625626e+03
5.140000e-06	3.234357e-09	1.238184e-08	1.719196e+01	1.595547e+03
5.150000e-06	3.145047e-09	1.214371e-08	1.671731e+01	1.564945e+03
5.160000e-06	3.055484e-09	1.190245e-08	1.624131e+01	1.533805e+03
5.170000e-06	2.965697e-09	1.165879e-08	1.576413e+01	1.502111e+03
5.180000e-06	2.875717e-09	1.141091e-08	1.528592e+01	1.469843e+03
5.190000e-06	2.785559e-09	1.115687e-08	1.480677e+01	1.436978e+03
5.200000e-06	2.695223e-09	1.089692e-08	1.432668e+01	1.403488e+03
5.210000e-06	2.604702e-09	1.063160e-08	1.384561e+01	1.369348e+03
5.220000e-06	2.514002e-09	1.036189e-08	1.336360e+01	1.334528e+03
5.230000e-06	2.423122e-09	1.008815e-08	1.288061e+01	1.299000e+03
5.240000e-06	2.332070e-09	9.809183e-09	1.239671e+01	1.262739e+03
5.250000e-06	2.240855e-09	9.523783e-09	1.191193e+01	1.225720e+03
5.260000e-06	2.149474e-09	9.232333e-09	1.142626e+01	1.187922e+03
5.270000e-06	2.057925e-09	8.935268e-09	1.093972e+01	1.149326e+03
5.280000e-06	1.966211e-09	8.633247e-09	1.045229e+01	1.109916e+03
5.290000e-06	1.874347e-09	8.325409e-09	9.964056e+00	1.069678e+03
5.300000e-06	1.782339e-09	8.009219e-09	9.475052e+00	1.028599e+03
5.310000e-06	1.690210e-09	7.684755e-09	8.985400e+00	9.866643e+02
5.320000e-06	1.597982e-09	7.353068e-09	8.495223e+00	9.438591e+02
5.330000e-06	1.505670e-09	7.014717e-09	8.004598e+00	9.001638e+02
5.340000e-06	1.413285e-09	6.669951e-09	7.513591e+00	8.555547e+02
5.350000e-06	1.320824e-09	6.317902e-09	7.022175e+00	8.100028e+02
5.360000e-06	1.228272e-09	5.958155e-09	6.530277e+00	7.634740e+02
5.370000e-06	1.135632e-09	5.591663e-09	6.037909e+00	7.159297e+02
5.380000e-06	1.042918e-09	5.217897e-09	5.545147e+00	6.673284e+02
5.390000e-06	9.501320e-10	4.834773e-09	5.052011e+00	6.176277e+02
5.400000e-06	8.572683e-10	4.441750e-09	4.558472e+00	5.667883e+02
5.410000e-06	7.643370e-10	4.039868e-09	4.064573e+00	5.147772e+02
5.420000e-06	6.713435e-10	3.629116e-09	3.570343e+00	4.615720e+02
5.430000e-06	5.782854e-10	3.208949e-09	3.075774e+00	4.071655e+02
5.440000e-06	4.851834e-10	2.780876e-09	2.580966e+00	3.515700e+02
5.450000e-06	3.920637e-10	2.346036e-09	2.086060e+00	2.948204e+02
5.460000e-06	2.989389e-10	1.903120e-09	1.591126e+00	2.369779e+02
5.470000e-06	2.058117e-10	1.451000e-09	1.096183e+00	1.781311e+02
5.480000e-06	1.127055e-10	9.904693e-10	6.013488e-01	1.183971e+02
5.490000e-06	1.963353e-11	5.233946e-10	1.066942e-01	5.792008e+01
5.500000e-06	-7.342079e-11	5.159422e-11	-3.878587e-01	-3.131079e+00
5.510000e-06	-1.664756e-10	-4.231436e-10	-8.824166e-01	-6.456643e+01
5.520000e-06	-2.595369e-10	-9.006107e-10	-1.377019e+00	-1.261802e+02
5.530000e-06	-3.525974e-10	-1.379814e-09	-1.871613e+00	-1.877570e+02
5.540000e-06	-4.456502e-10	-1.856945e-09	-2.366157e+00	-2.490781e+02
5.550000e-06	-5.386889e-10	-2.328988e-09	-2.860632e+00	-3.099291e+02
5.560000e-06	-6.317034e-10	-2.795142e-09	-3.354977e+00	-3.701059e+02
5.570000e-06	-7.246790e-10	-3.254745e-09	-3.849116e+00	-4.294217e+02
5.580000e-06	-8.176026e-10	-3.706244e-09	-4.342986e+00	-4.877118e+02
5.590000e-06	-9.104585e-10	-4.148860e-09	-4.836501e+00	-5.448380e+02
5.600000e-06	-1.003235e-09	-4.581874e-09	-5.329602e+00	-6.006910e+02
5.610000e-06	-1.095916e-09	-5.003581e-09	-5.822199e+00	-6.551918e+02
5.620000e-06	-1.188488e-09	-5.414304e-09	-6.314203e+00	-7.082911e+02
5.630000e-06	-1.280958e-09	-5.815555e-09	-6.805665e+00	-7.599676e+02
5.640000e-06	-1.373332e-09	-6.206109e-09	-7.296616e+00	-8.102249e+02
5.650000e-06	-1.465605e-09	-6.584998e-09	-7.787026e+00	-8.590876e+02
5.660000e-06	-1.557788e-09	-6.954362e-09	-8.276969e+00	-9.065966e+02
5.670000e-06	-1.649881e-09	-7.315016e-09	-8.766433e+00	-9.528041e+02
5.680000e-06	-1.741875e-09	-7.666112e-09	-9.255366e+00	-9.977694e+02
5.690000e-06	-1.833770e-09	-8.008753e-09	-9.743768e+00	-1.041554e+03
5.700000e-06	-1.925543e-09	-8.343024e-09	-1.023151e+01	-1.084218e+03
5.710000e-06	-2.017168e-09	-8.667293e-09	-1.071847e+01	-1.125817e+03
5.720000e-06	-2.108637e-09	-8.981870e-09	-1.120459e+01	-1.166403e+03
5.730000e-06	-2.199943e-09	-9.288757e-09	-1.168986e+01	-1.206017e+03
5.740000e-06	-2.291082e-09	-9.588598e-09	-1.217424e+01	-1.244697e+03
5.750000e-06	-2.382054e-09	-9.880649e-09	-1.265773e+01	-1.282473e+03
5.760000e-06	-2.472837e-09	-1.016531e-08	-1.314022e+01	-1.319369e+03
5.770000e-06	-2.563406e-09	-1.044461e-08	-1.362156e+01	-1.355410e+03
5.780000e-06	-2.653755e-09	-1.071950e-08	-1.410172e+01	-1.390615e+03
5.790000e-06	-2.743897e-09	-1.098877e-08	-1.458079e+01	-1.425005e+03
5.800000e-06	-2.833855e-09	-1.125064e-08	-1.505889e+01	-1.458603e+03
5.810000e-06	-2.923634e-09	-1.150412e-08	-1.553605e+01	-1.491434e+03
5.820000e-06	-3.013229e-09	-1.175055e-08	-1.601223e+01	-1.523525e+03
5.830000e-06	-3.102619e-09	-1.199229e-08	-1.648733e+01	-1.554907e+03
5.840000e-06	-3.191795e-09	-1.223106e-08	-1.696129e+01	-1.585611e+03
5.850000e-06	-3.280745e-09	-1.246705e-08	-1.743405e+01	-1.615671e+03
5.860000e-06	-3.369439e-09	-1.269863e-08	-1.790544e+01	-1.645119e+03
5.870000e-06	-3.457862e-09	-1.292446e-08	-1.837539e+01	-1.673987e+03
5.880000e-06	-3.546016e-09	-1.314462e-08	-1.884392e+01	-1.702303e+03
5.890000e-06	-3.633906e-09	-1.335971e-08	-1.931105e+01	-1.730092e+03
5.900000e-06	-3.721529e-09	-1.357021e-08	-1.977675e+01	-1.757374e+03
5.910000e-06	-3.808871e-09	-1.377670e-08	-2.024096e+01	-1.784165e+03
5.920000e-06	-3.895914e-09	-1.398013e-08	-2.070358e+01	-1.810476e+03
5.930000e-06	-3.982661e-09	-1.418104e-08	-2.116462e+01	-1.836314e+03
5.940000e-06	-4.069145e-09	-1.437882e-08	-2.162426e+01	-1.861684e+03
5.950000e-06	-4.155356e-09	-1.457233e-08	-2.208245e+01	-1.886590e+03
5.960000e-06	-4.241282e-09	-1.476101e-08	-2.253914e+01	-1.911034e+03
5.970000e-06	-4.326915e-09	-1.494497e-08	-2.299427e+01	-1.935020e+03
5.980000e-06	-4.412232e-09	-1.512538e-08	-2.344771e+01	-1.958554e+03
5.990000e-06	-4.497232e-09	-1.530328e-08	-2.389948e+01	-1.981645e+03
6.000000e-06	-4.581914e-09	-1.547886e-08	-2.434954e+01	-2.004304e+03
6.010000e-06	-4.666240e-09	-1.565273e-08	-2.479770e+01	-2.026547e+03
6.020000e-06	-4.750182e-09	-1.582549e-08	-2.524382e+01	-2.048391e+03
6.030000e-06	-4.833742e-09	-1.599680e-08	-2.568792e+01	-2.069856e+03
6.040000e-06	-4.916922e-09	-1.616480e-08	-2.613002e+01	-2.090965e+03
6.050000e-06	-4.999736e-09	-1.632801e-08	-2.657018e+01	-2.111736e+03
6.060000e-06	-5.082184e-09	-1.648651e-08	-2.700838e+01	-2.132190e+03
6.070000e-06	-5.164258e-09	-1.664139e-08	-2.744459e+01	-2.152343e+03
6.080000e-06	-5.245979e-09	-1.679475e-08	-2.787893e+01	-2.172208e+03
6.090000e-06	-5.327342e-09	-1.694763e-08	-2.831136e+01	-2.191794e+03
6.100000e-06	-5.408305e-09	-1.709879e-08	-2.874167e+01	-2.211106e+03
6.110000e-06	-5.488844e-09	-1.724692e-08	-2.916972e+01	-2.230144e+03
6.120000e-06	-5.568946e-09	-1.739209e-08	-2.959546e+01	-2.248905e+03
6.130000e-06	-5.648613e-09	-1.753527e-08	-3.001888e+01	-2.267384e+03
6.140000e-06	-5.727852e-09	-1.767653e-08	-3.044003e+01	-2.285574e+03
6.150000e-06	-5.806660e-09	-1.781540e-08	-3.085889e+01	-2.303467e+03
6.160000e-06	-5.885051e-09	-1.795201e-08	-3.127553e+01	-2.321057e+03
6.170000e-06	-5.963019e-09	-1.808696e-08	-3.168991e+01	-2.338340e+03
6.180000e-06	-6.040534e-09	-1.822049e-08	-3.210189e+01	-2.355315e+03
6.190000e-06	-6.117599e-09	-1.835135e-08	-3.251149e+01	-2.371985e+03
6.200000e-06	-6.194244e-09	-1.847833e-08	-3.291885e+01	-2.388356e+03
6.210000e-06	-6.270472e-09	-1.860189e-08	-3.332400e+01	-2.404440e+03
6.220000e-06	-6.346265e-09	-1.872369e-08	-3.372682e+01	-2.420249e+03
6.230000e-06	-6.421619e-09	-1.884418e-08	-3.412731e+01	-2.435799e+03
6.240000e-06	-6.496518e-09	-1.896325e-08	-3.452540e+01	-2.451106e+03
6.250000e-06	-6.570930e-09	-1.908057e-08	-3.492089e+01	-2.466189e+03
6.260000e-06	-6.644827e-09	-1.919601e-08	-3.531364e+01	-2.481061e+03
6.270000e-06	-6.718200e-09	-1.930969e-08	-3.570363e+01	-2.495737e+03
6.280000e-06	-6.791033e-09	-1.942190e-08	-3.609074e+01	-2.510226e+03
6.290000e-06	-6.863311e-09	-1.953317e-08	-3.647491e+01	-2.524535e+03
6.300000e-06	-6.935019e-09	-1.964345e-08	-3.685606e+01	-2.538666e+03
6.310000e-06	-7.006140e-09	-1.975282e-08	-3.723409e+01	-2.552618e+03
6.320000e-06	-7.076711e-09	-1.986159e-08	-3.760917e+01	-2.566387e+03
6.330000e-06	-7.146773e-09	-1.996956e-08	-3.798154e+01	-2.579965e+03
6.340000e-06	-7.216330e-09	-2.007505e-08	-3.835123e+01	-2.593344e+03
6.350000e-06	-7.285381e-09	-2.017751e-08	-3.871821e+01	-2.606515e+03
6.360000e-06	-7.353945e-09	-2.027777e-08	-3.908261e+01	-2.619471e+03
6.370000e-06	-7.422047e-09	-2.037675e-08	-3.944454e+01	-2.632203e+03
6.380000e-06	-7.489655e-09	-2.047397e-08	-3.980386e+01	-2.644709e+03
6.390000e-06	-7.556720e-09	-2.056899e-08	-4.016030e+01	-2.656987e+03
6.400000e-06	-7.623231e-09	-2.066253e-08	-4.051380e+01	-2.669040e+03
6.410000e-06	-7.689177e-09	-2.075413e-08	-4.086429e+01	-2.680874e+03
6.420000e-06	-7.754535e-09	-2.084408e-08	-4.121167e+01	-2.692496e+03
6.430000e-06	-7.819291e-09	-2.093295e-08	-4.155585e+01	-2.703917e+03
6.440000e-06	-7.883444e-09	-2.102037e-08	-4.189683e+01	-2.715151e+03
6.450000e-06	-7.947009e-09	-2.110642e-08	-4.223469e+01	-2.726211e+03
6.460000e-06	-8.009992e-09	-2.119204e-08	-4.256945e+01	-2.737109e+03
6.470000e-06	-8.072387e-09	-2.127733e-08	-4.290108e+01	-2.747858e+03
6.480000e-06	-8.134202e-09	-2.136108e-08	-4.322963e+01	-2.758469e+03
6.490000e-06	-8.195445e-09	-2.144340e-08	-4.355512e+01	-2.768948e+03
6.500000e-06	-8.256105e-09	-2.152466e-08	-4.387753e+01	-2.779301e+03
6.510000e-06	-8.316163e-09	-2.160473e-08	-4.419675e+01	-2.789531e+03
6.520000e-06	-8.375620e-09	-2.168318e-08	-4.451276e+01	-2.799637e+03
6.530000e-06	-8.434472e-09	-2.175982e-08	-4.482556e+01	-2.809616e+03
6.540000e-06	-8.492714e-09	-2.183637e-08	-4.513511e+01	-2.819463e+03
6.550000e-06	-8.550313e-09	-2.191359e-08	-4.544125e+01	-2.829170e+03
6.560000e-06	-8.607242e-09	-2.198991e-08	-4.574384e+01	-2.838729e+03
6.570000e-06	-8.663495e-09	-2.206402e-08	-4.604281e+01	-2.848133e+03
6.580000e-06	-8.719074e-09	-2.213512e-08	-4.633821e+01	-2.857373e+03
6.590000e-06	-8.774010e-09	-2.220370e-08	-4.663019e+01	-2.866441e+03
6.600000e-06	-8.828313e-09	-2.227167e-08	-4.691881e+01	-2.875330e+03
6.610000e-06	-8.881986e-09	-2.233935e-08	-4.720408e+01	-2.884035e+03
6.620000e-06	-8.935034e-09	-2.240579e-08	-4.748603e+01	-2.892553e+03
6.630000e-06	-8.987452e-09	-2.247060e-08	-4.776463e+01	-2.900881e+03
6.640000e-06	-9.039261e-09	-2.253362e-08	-4.803998e+01	-2.909018e+03
6.650000e-06	-9.090443e-09	-2.259551e-08	-4.831200e+01	-2.916967e+03
6.660000e-06	-9.140958e-09	-2.265638e-08	-4.858049e+01	-2.924730e+03
6.670000e-06	-9.190800e-09	-2.271517e-08	-4.884540e+01	-2.932311e+03
6.680000e-06	-9.239970e-09	-2.277180e-08	-4.910675e+01	-2.939717e+03
6.690000e-06	-9.288457e-09	-2.282709e-08	-4.936445e+01	-2.946955e+03
6.700000e-06	-9.336220e-09	-2.288180e-08	-4.961832e+01	-2.954032e+03
6.710000e-06	-9.383227e-09	-2.293590e-08	-4.986818e+01	-2.960957e+03
6.720000e-06	-9.429469e-09	-2.298871e-08	-5.011397e+01	-2.967739e+03
6.730000e-06	-9.474950e-09	-2.304049e-08	-5.035572e+01	-2.974389e+03
6.740000e-06	-9.519694e-09	-2.309153e-08	-5.059354e+01	-2.980916e+03
6.750000e-06	-9.563732e-09	-2.314183e-08	-5.082762e+01	-2.987328e+03
6.760000e-06	-9.607122e-09	-2.319147e-08	-5.105824e+01	-2.993635e+03
6.770000e-06	-9.649895e-09	-2.323961e-08	-5.128558e+01	-2.999843e+03
6.780000e-06	-9.692004e-09	-2.328612e-08	-5.150940e+01	-3.005958e+03
6.790000e-06	-9.733379e-09	-2.333240e-08	-5.172934e+01	-3.011985e+03
6.800000e-06	-9.773991e-09	-2.337886e-08	-5.194521e+01	-3.017925e+03
6.810000e-06	-9.813873e-09	-2.342440e-08	-5.215719e+01	-3.023778e+03
6.820000e-06	-9.853081e-09	-2.346939e-08	-5.236559e+01	-3.029542e+03
6.830000e-06	-9.891602e-09	-2.351382e-08	-5.257032e+01	-3.035212e+03
6.840000e-06	-9.929395e-09	-2.355733e-08	-5.277119e+01	-3.040783e+03
6.850000e-06	-9.966465e-09	-2.360038e-08	-5.296821e+01	-3.046248e+03
6.860000e-06	-1.000283e-08	-2.364240e-08	-5.316150e+01	-3.051596e+03
6.870000e-06	-1.003851e-08	-2.368247e-08	-5.335115e+01	-3.056820e+03
6.880000e-06	-1.007347e-08	-2.372094e-08	-5.353695e+01	-3.061911e+03
6.890000e-06	-1.010768e-08	-2.375901e-08	-5.371878e+01	-3.066861e+03
6.900000e-06	-1.014119e-08	-2.379654e-08	-5.389688e+01	-3.071662e+03
6.910000e-06	-1.017403e-08	-2.383284e-08	-5.407142e+01	-3.076309e+03
6.920000e-06	-1.020617e-08	-2.386740e-08	-5.424225e+01	-3.080799e+03
6.930000e-06	-1.023752e-08	-2.390015e-08	-5.440889e+01	-3.085132e+03
6.940000e-06	-1.026801e-08	-2.393243e-08	-5.457102e+01	-3.089308e+03
6.950000e-06	-1.029772e-08	-2.396440e-08	-5.472892e+01	-3.093331e+03
6.960000e-06	-1.032670e-08	-2.399465e-08	-5.488293e+01	-3.097205e+03
6.970000e-06	-1.035491e-08	-2.402328e-08	-5.503290e+01	-3.100937e+03
6.980000e-06	-1.038233e-08	-2.405078e-08	-5.517867e+01	-3.104534e+03
6.990000e-06	-1.040903e-08	-2.407763e-08	-5.532057e+01	-3.108005e+03
7.000000e-06	-1.043505e-08	-2.410415e-08	-5.545887e+01	-3.111358e+03
7.010000e-06	-1.046035e-08	-2.412946e-08	-5.559337e+01	-3.114599e+03
7.020000e-06	-1.048487e-08	-2.415364e-08	-5.572368e+01	-3.117735e+03
7.030000e-06	-1.050861e-08	-2.417773e-08	-5.584985e+01	-3.120773e+03
7.040000e-06	-1.053163e-08	-2.420179e-08	-5.597224e+01	-3.123716e+03
7.050000e-06	-1.055393e-08	-2.422548e-08	-5.609078e+01	-3.126568e+03
7.060000e-06	-1.057539e-08	-2.424794e-08	-5.620485e+01	-3.129331e+03
7.070000e-06	-1.059595e-08	-2.426882e-08	-5.631413e+01	-3.132005e+03
7.080000e-06	-1.061561e-08	-2.428871e-08	-5.641863e+01	-3.134591e+03
7.090000e-06	-1.063439e-08	-2.430845e-08	-5.651847e+01	-3.137089e+03
7.100000e-06	-1.065244e-08	-2.432834e-08	-5.661440e+01	-3.139499e+03
7.110000e-06	-1.066983e-08	-2.434784e-08	-5.670683e+01	-3.141819e+03
7.120000e-06	-1.068653e-08	-2.436644e-08	-5.679560e+01	-3.144048e+03
7.130000e-06	-1.070253e-08	-2.438374e-08	-5.688064e+01	-3.146188e+03
7.140000e-06	-1.071774e-08	-2.440071e-08	-5.696152e+01	-3.148237e+03
7.150000e-06	-1.073215e-08	-2.441734e-08	-5.703811e+01	-3.150196e+03
7.160000e-06	-1.074582e-08	-2.443195e-08	-5.711077e+01	-3.152064e+03
7.170000e-06	-1.075876e-08	-2.444515e-08	-5.717958e+01	-3.153842e+03
7.180000e-06	-1.077090e-08	-2.445879e-08	-5.724412e+01	-3.155529e+03
7.190000e-06	-1.078222e-08	-2.447212e-08	-5.730428e+01	-3.157126e+03
7.200000e-06	-1.079278e-08	-2.448435e-08	-5.736041e+01	-3.158629e+03
7.210000e-06	-1.080259e-08	-2.449514e-08	-5.741256e+01	-3.160039e+03
7.220000e-06	-1.081159e-08	-2.450449e-08	-5.746042e+01	-3.161353e+03
7.230000e-06	-1.081975e-08	-2.451333e-08	-5.750385e+01	-3.162567e+03
7.240000e-06	-1.082717e-08	-2.452214e-08	-5.754328e+01	-3.163678e+03
7.250000e-06	-1.083386e-08	-2.453074e-08	-5.757886e+01	-3.164683e+03
7.260000e-06	-1.083972e-08	-2.453785e-08	-5.761006e+01	-3.165578e+03
7.270000e-06	-1.084469e-08	-2.454301e-08	-5.763645e+01	-3.166358e+03
7.280000e-06	-1.084883e-08	-2.454771e-08	-5.765851e+01	-3.167020e+03
7.290000e-06	-1.085226e-08	-2.455166e-08	-5.767673e+01	-3.167559e+03
7.300000e-06	-1.085489e-08	-2.455387e-08	-5.769075e+01	-3.167973e+03
7.310000e-06	-1.085671e-08	-2.455515e-08	-5.770042e+01	-3.168258e+03
7.320000e-06	-1.085780e-08	-2.455604e-08	-5.770620e+01	-3.168413e+03
