# Concentracion g/m^3_=_53300.0
# C_Vs_to_Am_M_A/Vsm_=_128687336408.14134
# pendiente_HvsI_1/m_=_3716.3
# ordenada_HvsI_A/m_=_1297.0
# frecuencia_Hz_=_136178.57710866656
# Promedio de 29 ciclos

Tiempo_(s)	Campo_(V.s)	Magnetizacion_(V.s)	Campo_(kA/m)	Magnetizacion_(A/m)
0.000000e+00	-6.370842e-09	-1.921616e-08	-3.468986e+01	-2.469129e+03
1.000000e-08	-6.370783e-09	-1.921519e-08	-3.468953e+01	-2.469004e+03
2.000000e-08	-6.370289e-09	-1.921356e-08	-3.468684e+01	-2.468758e+03
3.000000e-08	-6.369228e-09	-1.921121e-08	-3.468107e+01	-2.468392e+03
4.000000e-08	-6.367702e-09	-1.920784e-08	-3.467276e+01	-2.467912e+03
5.000000e-08	-6.365813e-09	-1.920275e-08	-3.466247e+01	-2.467322e+03
6.000000e-08	-6.363491e-09	-1.919690e-08	-3.464983e+01	-2.466627e+03
7.000000e-08	-6.360722e-09	-1.919182e-08	-3.463475e+01	-2.465830e+03
8.000000e-08	-6.357491e-09	-1.918638e-08	-3.461716e+01	-2.464938e+03
9.000000e-08	-6.353538e-09	-1.917336e-08	-3.459563e+01	-2.463954e+03
1.000000e-07	-6.348655e-09	-1.915668e-08	-3.456905e+01	-2.462880e+03
1.100000e-07	-6.343180e-09	-1.915712e-08	-3.453923e+01	-2.461719e+03
1.200000e-07	-6.337650e-09	-1.916157e-08	-3.450912e+01	-2.460471e+03
1.300000e-07	-6.331903e-09	-1.913511e-08	-3.447783e+01	-2.459137e+03
1.400000e-07	-6.325389e-09	-1.910743e-08	-3.444236e+01	-2.457715e+03
1.500000e-07	-6.318161e-09	-1.911852e-08	-3.440300e+01	-2.456203e+03
1.600000e-07	-6.310694e-09	-1.912311e-08	-3.436234e+01	-2.454599e+03
1.700000e-07	-6.303037e-09	-1.907798e-08	-3.432065e+01	-2.452899e+03
1.800000e-07	-6.294859e-09	-1.904648e-08	-3.427612e+01	-2.451100e+03
1.900000e-07	-6.286132e-09	-1.906463e-08	-3.422860e+01	-2.449198e+03
2.000000e-07	-6.277117e-09	-1.906352e-08	-3.417951e+01	-2.447191e+03
2.100000e-07	-6.267801e-09	-1.901449e-08	-3.412879e+01	-2.445076e+03
2.200000e-07	-6.257884e-09	-1.898694e-08	-3.407479e+01	-2.442851e+03
2.300000e-07	-6.247401e-09	-1.899835e-08	-3.401771e+01	-2.440515e+03
2.400000e-07	-6.236508e-09	-1.898247e-08	-3.395840e+01	-2.438067e+03
2.500000e-07	-6.225147e-09	-1.893436e-08	-3.389653e+01	-2.435509e+03
2.600000e-07	-6.213234e-09	-1.891330e-08	-3.383167e+01	-2.432841e+03
2.700000e-07	-6.200936e-09	-1.891399e-08	-3.376470e+01	-2.430064e+03
2.800000e-07	-6.188364e-09	-1.888419e-08	-3.369624e+01	-2.427180e+03
2.900000e-07	-6.175346e-09	-1.884542e-08	-3.362536e+01	-2.424192e+03
3.000000e-07	-6.161741e-09	-1.883381e-08	-3.355128e+01	-2.421099e+03
3.100000e-07	-6.147687e-09	-1.881399e-08	-3.347476e+01	-2.417905e+03
3.200000e-07	-6.133234e-09	-1.876757e-08	-3.339606e+01	-2.414609e+03
3.300000e-07	-6.118268e-09	-1.874342e-08	-3.331457e+01	-2.411211e+03
3.400000e-07	-6.102865e-09	-1.873683e-08	-3.323070e+01	-2.407712e+03
3.500000e-07	-6.087132e-09	-1.869814e-08	-3.314503e+01	-2.404110e+03
3.600000e-07	-6.070959e-09	-1.865141e-08	-3.305696e+01	-2.400404e+03
3.700000e-07	-6.054250e-09	-1.863932e-08	-3.296598e+01	-2.396592e+03
3.800000e-07	-6.037094e-09	-1.861842e-08	-3.287257e+01	-2.392671e+03
3.900000e-07	-6.019479e-09	-1.856405e-08	-3.277665e+01	-2.388639e+03
4.000000e-07	-6.001345e-09	-1.852825e-08	-3.267791e+01	-2.384494e+03
4.100000e-07	-5.982773e-09	-1.851430e-08	-3.257678e+01	-2.380233e+03
4.200000e-07	-5.963844e-09	-1.847399e-08	-3.247371e+01	-2.375855e+03
4.300000e-07	-5.944479e-09	-1.842621e-08	-3.236827e+01	-2.371359e+03
4.400000e-07	-5.924589e-09	-1.840244e-08	-3.225997e+01	-2.366743e+03
4.500000e-07	-5.904148e-09	-1.836747e-08	-3.214866e+01	-2.362008e+03
4.600000e-07	-5.883189e-09	-1.831334e-08	-3.203454e+01	-2.357154e+03
4.700000e-07	-5.861768e-09	-1.827825e-08	-3.191790e+01	-2.352181e+03
4.800000e-07	-5.839966e-09	-1.824900e-08	-3.179918e+01	-2.347090e+03
4.900000e-07	-5.817798e-09	-1.819900e-08	-3.167848e+01	-2.341883e+03
5.000000e-07	-5.795234e-09	-1.815649e-08	-3.155561e+01	-2.336561e+03
5.100000e-07	-5.772192e-09	-1.812649e-08	-3.143015e+01	-2.331124e+03
5.200000e-07	-5.748618e-09	-1.807795e-08	-3.130179e+01	-2.325574e+03
5.300000e-07	-5.724573e-09	-1.802416e-08	-3.117086e+01	-2.319911e+03
5.400000e-07	-5.700130e-09	-1.798671e-08	-3.103777e+01	-2.314135e+03
5.500000e-07	-5.675302e-09	-1.794097e-08	-3.090257e+01	-2.308247e+03
5.600000e-07	-5.650083e-09	-1.788410e-08	-3.076526e+01	-2.302244e+03
5.700000e-07	-5.624525e-09	-1.784090e-08	-3.062609e+01	-2.296127e+03
5.800000e-07	-5.598614e-09	-1.779981e-08	-3.048500e+01	-2.289893e+03
5.900000e-07	-5.572202e-09	-1.774479e-08	-3.034119e+01	-2.283541e+03
6.000000e-07	-5.545282e-09	-1.769318e-08	-3.019460e+01	-2.277069e+03
6.100000e-07	-5.518011e-09	-1.764551e-08	-3.004611e+01	-2.270476e+03
6.200000e-07	-5.490412e-09	-1.758810e-08	-2.989583e+01	-2.263759e+03
6.300000e-07	-5.462418e-09	-1.753201e-08	-2.974340e+01	-2.256917e+03
6.400000e-07	-5.434026e-09	-1.748245e-08	-2.958880e+01	-2.249947e+03
6.500000e-07	-5.405268e-09	-1.742541e-08	-2.943221e+01	-2.242849e+03
6.600000e-07	-5.376111e-09	-1.736592e-08	-2.927345e+01	-2.235620e+03
6.700000e-07	-5.346459e-09	-1.731303e-08	-2.911199e+01	-2.228259e+03
6.800000e-07	-5.316287e-09	-1.725539e-08	-2.894770e+01	-2.220765e+03
6.900000e-07	-5.285686e-09	-1.719068e-08	-2.878108e+01	-2.213136e+03
7.000000e-07	-5.254710e-09	-1.712944e-08	-2.861241e+01	-2.205370e+03
7.100000e-07	-5.223326e-09	-1.706833e-08	-2.844152e+01	-2.197468e+03
7.200000e-07	-5.191490e-09	-1.700362e-08	-2.826817e+01	-2.189426e+03
7.300000e-07	-5.159241e-09	-1.694132e-08	-2.809257e+01	-2.181244e+03
7.400000e-07	-5.126631e-09	-1.687851e-08	-2.791501e+01	-2.172922e+03
7.500000e-07	-5.093672e-09	-1.681041e-08	-2.773554e+01	-2.164457e+03
7.600000e-07	-5.060385e-09	-1.674181e-08	-2.755429e+01	-2.155850e+03
7.700000e-07	-5.026805e-09	-1.667430e-08	-2.737145e+01	-2.147100e+03
7.800000e-07	-4.992921e-09	-1.660338e-08	-2.718694e+01	-2.138207e+03
7.900000e-07	-4.958698e-09	-1.653052e-08	-2.700060e+01	-2.129172e+03
8.000000e-07	-4.924139e-09	-1.645866e-08	-2.681242e+01	-2.119996e+03
8.100000e-07	-4.889253e-09	-1.638618e-08	-2.662246e+01	-2.110680e+03
8.200000e-07	-4.854056e-09	-1.631228e-08	-2.643081e+01	-2.101225e+03
8.300000e-07	-4.818513e-09	-1.623822e-08	-2.623728e+01	-2.091633e+03
8.400000e-07	-4.782537e-09	-1.616291e-08	-2.604138e+01	-2.081905e+03
8.500000e-07	-4.746128e-09	-1.608598e-08	-2.584313e+01	-2.072041e+03
8.600000e-07	-4.709396e-09	-1.600774e-08	-2.564313e+01	-2.062043e+03
8.700000e-07	-4.672396e-09	-1.592833e-08	-2.544166e+01	-2.051909e+03
8.800000e-07	-4.635101e-09	-1.584819e-08	-2.523858e+01	-2.041638e+03
8.900000e-07	-4.597478e-09	-1.576775e-08	-2.503372e+01	-2.031228e+03
9.000000e-07	-4.559524e-09	-1.568606e-08	-2.482706e+01	-2.020676e+03
9.100000e-07	-4.521242e-09	-1.560204e-08	-2.461861e+01	-2.009979e+03
9.200000e-07	-4.482615e-09	-1.551653e-08	-2.440828e+01	-1.999131e+03
9.300000e-07	-4.443596e-09	-1.543134e-08	-2.419582e+01	-1.988127e+03
9.400000e-07	-4.404161e-09	-1.534587e-08	-2.398109e+01	-1.976962e+03
9.500000e-07	-4.364364e-09	-1.525847e-08	-2.376439e+01	-1.965631e+03
9.600000e-07	-4.324281e-09	-1.516915e-08	-2.354614e+01	-1.954130e+03
9.700000e-07	-4.283917e-09	-1.507820e-08	-2.332635e+01	-1.942454e+03
9.800000e-07	-4.243254e-09	-1.498539e-08	-2.310494e+01	-1.930601e+03
9.900000e-07	-4.202294e-09	-1.489112e-08	-2.288191e+01	-1.918568e+03
1.000000e-06	-4.161068e-09	-1.479617e-08	-2.265742e+01	-1.906357e+03
1.010000e-06	-4.119597e-09	-1.470029e-08	-2.243161e+01	-1.893967e+03
1.020000e-06	-4.077856e-09	-1.460281e-08	-2.220433e+01	-1.881401e+03
1.030000e-06	-4.035784e-09	-1.450389e-08	-2.197524e+01	-1.868662e+03
1.040000e-06	-3.993339e-09	-1.440360e-08	-2.174412e+01	-1.855754e+03
1.050000e-06	-3.950522e-09	-1.430144e-08	-2.151098e+01	-1.842681e+03
1.060000e-06	-3.907387e-09	-1.419806e-08	-2.127611e+01	-1.829448e+03
1.070000e-06	-3.863991e-09	-1.409331e-08	-2.103981e+01	-1.816056e+03
1.080000e-06	-3.820354e-09	-1.398710e-08	-2.080221e+01	-1.802508e+03
1.090000e-06	-3.776460e-09	-1.388060e-08	-2.056320e+01	-1.788805e+03
1.100000e-06	-3.732305e-09	-1.377380e-08	-2.032277e+01	-1.774946e+03
1.110000e-06	-3.687923e-09	-1.366542e-08	-2.008110e+01	-1.760928e+03
1.120000e-06	-3.643318e-09	-1.355524e-08	-1.983823e+01	-1.746747e+03
1.130000e-06	-3.598470e-09	-1.344423e-08	-1.959403e+01	-1.732396e+03
1.140000e-06	-3.553358e-09	-1.333218e-08	-1.934839e+01	-1.717868e+03
1.150000e-06	-3.507944e-09	-1.321835e-08	-1.910110e+01	-1.703154e+03
1.160000e-06	-3.462184e-09	-1.310292e-08	-1.885193e+01	-1.688245e+03
1.170000e-06	-3.416081e-09	-1.298573e-08	-1.860090e+01	-1.673131e+03
1.180000e-06	-3.369680e-09	-1.286661e-08	-1.834824e+01	-1.657804e+03
1.190000e-06	-3.323018e-09	-1.274507e-08	-1.809416e+01	-1.642257e+03
1.200000e-06	-3.276108e-09	-1.262134e-08	-1.783873e+01	-1.626481e+03
1.210000e-06	-3.228951e-09	-1.249656e-08	-1.758196e+01	-1.610472e+03
1.220000e-06	-3.181561e-09	-1.237098e-08	-1.732392e+01	-1.594227e+03
1.230000e-06	-3.133963e-09	-1.224285e-08	-1.706474e+01	-1.577743e+03
1.240000e-06	-3.086179e-09	-1.211147e-08	-1.680455e+01	-1.561020e+03
1.250000e-06	-3.038215e-09	-1.197793e-08	-1.654338e+01	-1.544060e+03
1.260000e-06	-2.990054e-09	-1.184236e-08	-1.628114e+01	-1.526863e+03
1.270000e-06	-2.941676e-09	-1.170536e-08	-1.601772e+01	-1.509432e+03
1.280000e-06	-2.893054e-09	-1.156819e-08	-1.575297e+01	-1.491770e+03
1.290000e-06	-2.844177e-09	-1.143013e-08	-1.548683e+01	-1.473878e+03
1.300000e-06	-2.795048e-09	-1.128941e-08	-1.521931e+01	-1.455757e+03
1.310000e-06	-2.745689e-09	-1.114669e-08	-1.495055e+01	-1.437408e+03
1.320000e-06	-2.696127e-09	-1.100336e-08	-1.468068e+01	-1.418830e+03
1.330000e-06	-2.646379e-09	-1.085867e-08	-1.440980e+01	-1.400020e+03
1.340000e-06	-2.596458e-09	-1.071151e-08	-1.413797e+01	-1.380974e+03
1.350000e-06	-2.546361e-09	-1.056239e-08	-1.386519e+01	-1.361687e+03
1.360000e-06	-2.496083e-09	-1.041219e-08	-1.359142e+01	-1.342155e+03
1.370000e-06	-2.445635e-09	-1.026026e-08	-1.331673e+01	-1.322369e+03
1.380000e-06	-2.395038e-09	-1.010497e-08	-1.304122e+01	-1.302325e+03
1.390000e-06	-2.344302e-09	-9.946228e-09	-1.276496e+01	-1.282013e+03
1.400000e-06	-2.293428e-09	-9.785094e-09	-1.248794e+01	-1.261429e+03
1.410000e-06	-2.242412e-09	-9.621682e-09	-1.221016e+01	-1.240566e+03
1.420000e-06	-2.191253e-09	-9.456013e-09	-1.193160e+01	-1.219418e+03
1.430000e-06	-2.139946e-09	-9.288746e-09	-1.165222e+01	-1.197980e+03
1.440000e-06	-2.088482e-09	-9.119829e-09	-1.137200e+01	-1.176248e+03
1.450000e-06	-2.036847e-09	-8.948978e-09	-1.109084e+01	-1.154218e+03
1.460000e-06	-1.985023e-09	-8.775787e-09	-1.080865e+01	-1.131886e+03
1.470000e-06	-1.933004e-09	-8.599660e-09	-1.052540e+01	-1.109248e+03
1.480000e-06	-1.880800e-09	-8.421049e-09	-1.024115e+01	-1.086299e+03
1.490000e-06	-1.828433e-09	-8.240439e-09	-9.956001e+00	-1.063035e+03
1.500000e-06	-1.775930e-09	-8.057994e-09	-9.670121e+00	-1.039450e+03
1.510000e-06	-1.723309e-09	-7.873632e-09	-9.383593e+00	-1.015538e+03
1.520000e-06	-1.670581e-09	-7.685636e-09	-9.096484e+00	-9.912927e+02
1.530000e-06	-1.617755e-09	-7.492887e-09	-8.808842e+00	-9.667054e+02
1.540000e-06	-1.564844e-09	-7.296267e-09	-8.520738e+00	-9.417682e+02
1.550000e-06	-1.511848e-09	-7.096974e-09	-8.232165e+00	-9.164725e+02
1.560000e-06	-1.458751e-09	-6.895450e-09	-7.943047e+00	-8.908098e+02
1.570000e-06	-1.405557e-09	-6.690856e-09	-7.653404e+00	-8.647717e+02
1.580000e-06	-1.352268e-09	-6.483415e-09	-7.363237e+00	-8.383507e+02
1.590000e-06	-1.298879e-09	-6.274277e-09	-7.072531e+00	-8.115396e+02
1.600000e-06	-1.245389e-09	-6.063163e-09	-6.781270e+00	-7.843326e+02
1.610000e-06	-1.191786e-09	-5.849164e-09	-6.489399e+00	-7.567246e+02
1.620000e-06	-1.138080e-09	-5.631081e-09	-6.196964e+00	-7.287117e+02
1.630000e-06	-1.084290e-09	-5.408755e-09	-5.904074e+00	-7.002909e+02
1.640000e-06	-1.030427e-09	-5.183207e-09	-5.610782e+00	-6.714600e+02
1.650000e-06	-9.765077e-10	-4.955144e-09	-5.317187e+00	-6.422172e+02
1.660000e-06	-9.225434e-10	-4.724218e-09	-5.023346e+00	-6.125610e+02
1.670000e-06	-8.685329e-10	-4.490255e-09	-4.729253e+00	-5.824901e+02
1.680000e-06	-8.144810e-10	-4.253782e-09	-4.434936e+00	-5.520029e+02
1.690000e-06	-7.603808e-10	-4.014576e-09	-4.140355e+00	-5.210977e+02
1.700000e-06	-7.062315e-10	-3.772877e-09	-3.845506e+00	-4.897723e+02
1.710000e-06	-6.520310e-10	-3.528093e-09	-3.550379e+00	-4.580249e+02
1.720000e-06	-5.977773e-10	-3.278292e-09	-3.254963e+00	-4.258533e+02
1.730000e-06	-5.434767e-10	-3.022942e-09	-2.959291e+00	-3.932565e+02
1.740000e-06	-4.891350e-10	-2.763853e-09	-2.663395e+00	-3.602342e+02
1.750000e-06	-4.347510e-10	-2.502125e-09	-2.367268e+00	-3.267881e+02
1.760000e-06	-3.803174e-10	-2.237185e-09	-2.070872e+00	-2.929225e+02
1.770000e-06	-3.258472e-10	-1.969567e-09	-1.774277e+00	-2.586447e+02
1.780000e-06	-2.713678e-10	-1.700154e-09	-1.477631e+00	-2.239659e+02
1.790000e-06	-2.168895e-10	-1.428619e-09	-1.180991e+00	-1.889017e+02
1.800000e-06	-1.624093e-10	-1.154705e-09	-8.843408e-01	-1.534727e+02
1.810000e-06	-1.079351e-10	-8.783823e-10	-5.877237e-01	-1.177046e+02
1.820000e-06	-5.347001e-11	-5.989292e-10	-2.911558e-01	-8.162849e+01
1.830000e-06	9.930841e-13	-3.161610e-10	5.401208e-03	-4.528052e+01
1.840000e-06	5.545880e-11	-3.167603e-11	3.019724e-01	-8.701912e+00
1.850000e-06	1.099272e-10	2.534969e-10	5.985586e-01	2.806173e+01
1.860000e-06	1.643967e-10	5.401371e-10	8.951500e-01	6.496096e+01
1.870000e-06	2.188696e-10	8.287789e-10	1.191760e+00	1.019433e+02
1.880000e-06	2.733318e-10	1.118531e-09	1.488313e+00	1.389542e+02
1.890000e-06	3.277692e-10	1.407283e-09	1.784729e+00	1.759379e+02
1.900000e-06	3.821836e-10	1.694003e-09	2.081021e+00	2.128382e+02
1.910000e-06	4.365643e-10	1.979288e-09	2.377130e+00	2.495999e+02
1.920000e-06	4.909074e-10	2.263474e-09	2.673033e+00	2.861693e+02
1.930000e-06	5.452117e-10	2.545356e-09	2.968725e+00	3.224949e+02
1.940000e-06	5.994660e-10	2.823639e-09	3.264146e+00	3.585286e+02
1.950000e-06	6.536654e-10	3.098533e-09	3.559267e+00	3.942258e+02
1.960000e-06	7.078118e-10	3.370856e-09	3.854099e+00	4.295461e+02
1.970000e-06	7.619126e-10	3.641170e-09	4.148684e+00	4.644537e+02
1.980000e-06	8.159726e-10	3.908653e-09	4.443045e+00	4.989174e+02
1.990000e-06	8.699885e-10	4.172168e-09	4.737167e+00	5.329109e+02
2.000000e-06	9.239547e-10	4.432015e-09	5.031019e+00	5.664128e+02
2.010000e-06	9.778673e-10	4.688039e-09	5.324578e+00	5.994061e+02
2.020000e-06	1.031721e-09	4.939691e-09	5.617818e+00	6.318787e+02
2.030000e-06	1.085499e-09	5.186862e-09	5.910646e+00	6.638228e+02
2.040000e-06	1.139195e-09	5.429620e-09	6.203023e+00	6.952343e+02
2.050000e-06	1.192807e-09	5.667908e-09	6.494943e+00	7.261127e+02
2.060000e-06	1.246323e-09	5.902043e-09	6.786347e+00	7.564610e+02
2.070000e-06	1.299736e-09	6.133106e-09	7.077186e+00	7.862843e+02
2.080000e-06	1.353036e-09	6.360946e-09	7.367407e+00	8.155903e+02
2.090000e-06	1.406233e-09	6.584214e-09	7.657072e+00	8.443882e+02
2.100000e-06	1.459340e-09	6.802536e-09	7.946244e+00	8.726881e+02
2.110000e-06	1.512354e-09	7.017131e-09	8.234912e+00	9.005011e+02
2.120000e-06	1.565281e-09	7.229190e-09	8.523105e+00	9.278383e+02
2.130000e-06	1.618123e-09	7.438893e-09	8.810831e+00	9.547107e+02
2.140000e-06	1.670878e-09	7.645686e-09	9.098092e+00	9.811287e+02
2.150000e-06	1.723537e-09	7.848943e-09	9.384821e+00	1.007102e+03
2.160000e-06	1.776075e-09	8.048306e-09	9.670897e+00	1.032641e+03
2.170000e-06	1.828470e-09	8.243692e-09	9.956192e+00	1.057752e+03
2.180000e-06	1.880702e-09	8.435105e-09	1.024060e+01	1.082444e+03
2.190000e-06	1.932759e-09	8.622114e-09	1.052406e+01	1.106723e+03
2.200000e-06	1.984627e-09	8.804861e-09	1.080648e+01	1.130598e+03
2.210000e-06	2.036296e-09	8.985101e-09	1.108782e+01	1.154074e+03
2.220000e-06	2.087777e-09	9.163577e-09	1.136814e+01	1.177160e+03
2.230000e-06	2.139098e-09	9.339045e-09	1.164759e+01	1.199864e+03
2.240000e-06	2.190268e-09	9.510998e-09	1.192622e+01	1.222193e+03
2.250000e-06	2.241299e-09	9.680661e-09	1.220409e+01	1.244158e+03
2.260000e-06	2.292201e-09	9.848953e-09	1.248126e+01	1.265770e+03
2.270000e-06	2.342979e-09	1.001554e-08	1.275775e+01	1.287039e+03
2.280000e-06	2.393625e-09	1.017963e-08	1.303352e+01	1.307978e+03
2.290000e-06	2.444109e-09	1.034028e-08	1.330841e+01	1.328599e+03
2.300000e-06	2.494416e-09	1.049738e-08	1.358234e+01	1.348914e+03
2.310000e-06	2.544548e-09	1.065176e-08	1.385531e+01	1.368935e+03
2.320000e-06	2.594508e-09	1.080365e-08	1.412735e+01	1.388672e+03
2.330000e-06	2.644303e-09	1.095266e-08	1.439848e+01	1.408134e+03
2.340000e-06	2.693934e-09	1.109919e-08	1.466873e+01	1.427329e+03
2.350000e-06	2.743387e-09	1.124318e-08	1.493801e+01	1.446263e+03
2.360000e-06	2.792637e-09	1.138474e-08	1.520618e+01	1.464939e+03
2.370000e-06	2.841656e-09	1.152623e-08	1.547309e+01	1.483358e+03
2.380000e-06	2.890416e-09	1.166795e-08	1.573859e+01	1.501522e+03
2.390000e-06	2.938912e-09	1.180744e-08	1.600266e+01	1.519428e+03
2.400000e-06	2.987154e-09	1.194454e-08	1.626534e+01	1.537074e+03
2.410000e-06	3.035175e-09	1.208031e-08	1.652682e+01	1.554459e+03
2.420000e-06	3.083007e-09	1.221408e-08	1.678727e+01	1.571581e+03
2.430000e-06	3.130655e-09	1.234507e-08	1.704672e+01	1.588437e+03
2.440000e-06	3.178106e-09	1.247340e-08	1.730509e+01	1.605030e+03
2.450000e-06	3.225334e-09	1.259942e-08	1.756225e+01	1.621362e+03
2.460000e-06	3.272316e-09	1.272424e-08	1.781808e+01	1.637436e+03
2.470000e-06	3.319058e-09	1.284831e-08	1.807259e+01	1.653260e+03
2.480000e-06	3.365556e-09	1.297045e-08	1.832578e+01	1.668841e+03
2.490000e-06	3.411773e-09	1.308969e-08	1.857743e+01	1.684191e+03
2.500000e-06	3.457672e-09	1.320541e-08	1.882735e+01	1.699321e+03
2.510000e-06	3.503232e-09	1.331863e-08	1.907543e+01	1.714242e+03
2.520000e-06	3.548461e-09	1.343119e-08	1.932171e+01	1.728966e+03
2.530000e-06	3.593403e-09	1.354274e-08	1.956642e+01	1.743505e+03
2.540000e-06	3.638110e-09	1.365311e-08	1.980986e+01	1.757868e+03
2.550000e-06	3.682604e-09	1.376283e-08	2.005214e+01	1.772062e+03
2.560000e-06	3.726869e-09	1.387121e-08	2.029316e+01	1.786093e+03
2.570000e-06	3.770884e-09	1.397828e-08	2.053282e+01	1.799962e+03
2.580000e-06	3.814636e-09	1.408389e-08	2.077106e+01	1.813671e+03
2.590000e-06	3.858129e-09	1.418750e-08	2.100788e+01	1.827215e+03
2.600000e-06	3.901388e-09	1.428952e-08	2.124344e+01	1.840591e+03
2.610000e-06	3.944409e-09	1.439088e-08	2.147769e+01	1.853793e+03
2.620000e-06	3.987125e-09	1.449245e-08	2.171028e+01	1.866813e+03
2.630000e-06	4.029467e-09	1.459330e-08	2.194083e+01	1.879645e+03
2.640000e-06	4.071426e-09	1.469213e-08	2.216931e+01	1.892282e+03
2.650000e-06	4.113061e-09	1.478890e-08	2.239602e+01	1.904722e+03
2.660000e-06	4.154429e-09	1.488389e-08	2.262127e+01	1.916960e+03
2.670000e-06	4.195534e-09	1.497721e-08	2.284509e+01	1.928997e+03
2.680000e-06	4.236354e-09	1.506882e-08	2.306736e+01	1.940835e+03
2.690000e-06	4.276876e-09	1.515807e-08	2.328800e+01	1.952480e+03
2.700000e-06	4.317109e-09	1.524526e-08	2.350707e+01	1.963939e+03
2.710000e-06	4.357070e-09	1.533234e-08	2.372466e+01	1.975222e+03
2.720000e-06	4.396737e-09	1.541907e-08	2.394066e+01	1.986340e+03
2.730000e-06	4.436017e-09	1.550378e-08	2.415454e+01	1.997304e+03
2.740000e-06	4.474866e-09	1.558674e-08	2.436608e+01	2.008127e+03
2.750000e-06	4.513336e-09	1.566882e-08	2.457555e+01	2.018818e+03
2.760000e-06	4.551484e-09	1.575018e-08	2.478327e+01	2.029388e+03
2.770000e-06	4.589317e-09	1.583093e-08	2.498927e+01	2.039842e+03
2.780000e-06	4.626834e-09	1.591098e-08	2.519356e+01	2.050187e+03
2.790000e-06	4.664048e-09	1.598978e-08	2.539619e+01	2.060424e+03
2.800000e-06	4.700988e-09	1.606768e-08	2.559733e+01	2.070552e+03
2.810000e-06	4.737664e-09	1.614526e-08	2.579704e+01	2.080569e+03
2.820000e-06	4.774006e-09	1.622173e-08	2.599493e+01	2.090469e+03
2.830000e-06	4.809904e-09	1.629651e-08	2.619039e+01	2.100245e+03
2.840000e-06	4.845356e-09	1.637031e-08	2.638343e+01	2.109888e+03
2.850000e-06	4.880466e-09	1.644359e-08	2.657461e+01	2.119390e+03
2.860000e-06	4.915271e-09	1.651608e-08	2.676413e+01	2.128742e+03
2.870000e-06	4.949736e-09	1.658764e-08	2.695179e+01	2.137937e+03
2.880000e-06	4.983844e-09	1.665827e-08	2.713751e+01	2.146966e+03
2.890000e-06	5.017636e-09	1.672729e-08	2.732151e+01	2.155826e+03
2.900000e-06	5.051145e-09	1.679466e-08	2.750397e+01	2.164513e+03
2.910000e-06	5.084328e-09	1.686164e-08	2.768466e+01	2.173024e+03
2.920000e-06	5.117114e-09	1.692803e-08	2.786318e+01	2.181360e+03
2.930000e-06	5.149518e-09	1.699252e-08	2.803962e+01	2.189524e+03
2.940000e-06	5.181575e-09	1.705494e-08	2.821418e+01	2.197519e+03
2.950000e-06	5.213259e-09	1.711599e-08	2.838670e+01	2.205348e+03
2.960000e-06	5.244547e-09	1.717593e-08	2.855707e+01	2.213019e+03
2.970000e-06	5.275460e-09	1.723478e-08	2.872539e+01	2.220537e+03
2.980000e-06	5.306010e-09	1.729201e-08	2.889174e+01	2.227908e+03
2.990000e-06	5.336162e-09	1.734743e-08	2.905592e+01	2.235140e+03
3.000000e-06	5.365819e-09	1.740258e-08	2.921741e+01	2.242238e+03
3.010000e-06	5.394968e-09	1.745843e-08	2.937613e+01	2.249208e+03
3.020000e-06	5.423706e-09	1.751371e-08	2.953260e+01	2.256057e+03
3.030000e-06	5.452075e-09	1.756707e-08	2.968708e+01	2.262789e+03
3.040000e-06	5.480056e-09	1.761823e-08	2.983943e+01	2.269408e+03
3.050000e-06	5.507646e-09	1.766794e-08	2.998966e+01	2.275921e+03
3.060000e-06	5.534902e-09	1.771700e-08	3.013808e+01	2.282329e+03
3.070000e-06	5.561818e-09	1.776566e-08	3.028464e+01	2.288638e+03
3.080000e-06	5.588276e-09	1.781368e-08	3.042871e+01	2.294851e+03
3.090000e-06	5.614238e-09	1.786114e-08	3.057007e+01	2.300969e+03
3.100000e-06	5.639796e-09	1.790868e-08	3.070924e+01	2.306995e+03
3.110000e-06	5.665004e-09	1.795617e-08	3.084650e+01	2.312930e+03
3.120000e-06	5.689833e-09	1.800268e-08	3.098169e+01	2.318775e+03
3.130000e-06	5.714275e-09	1.804733e-08	3.111478e+01	2.324529e+03
3.140000e-06	5.738375e-09	1.808998e-08	3.124601e+01	2.330190e+03
3.150000e-06	5.762133e-09	1.813122e-08	3.137537e+01	2.335756e+03
3.160000e-06	5.785396e-09	1.817192e-08	3.150204e+01	2.341223e+03
3.170000e-06	5.808111e-09	1.821261e-08	3.162573e+01	2.346587e+03
3.180000e-06	5.830404e-09	1.825338e-08	3.174711e+01	2.351841e+03
3.190000e-06	5.852323e-09	1.829406e-08	3.186647e+01	2.356980e+03
3.200000e-06	5.873850e-09	1.833430e-08	3.198368e+01	2.361999e+03
3.210000e-06	5.894960e-09	1.837359e-08	3.209863e+01	2.366889e+03
3.220000e-06	5.915606e-09	1.841108e-08	3.221105e+01	2.371646e+03
3.230000e-06	5.935709e-09	1.844639e-08	3.232051e+01	2.376266e+03
3.240000e-06	5.955255e-09	1.848007e-08	3.242694e+01	2.380743e+03
3.250000e-06	5.974352e-09	1.851299e-08	3.253093e+01	2.385077e+03
3.260000e-06	5.993054e-09	1.854593e-08	3.263276e+01	2.389266e+03
3.270000e-06	6.011349e-09	1.857859e-08	3.273238e+01	2.393311e+03
3.280000e-06	6.029248e-09	1.860968e-08	3.282984e+01	2.397214e+03
3.290000e-06	6.046780e-09	1.863904e-08	3.292530e+01	2.400980e+03
3.300000e-06	6.063875e-09	1.866706e-08	3.301839e+01	2.404615e+03
3.310000e-06	6.080424e-09	1.869367e-08	3.310850e+01	2.408124e+03
3.320000e-06	6.096491e-09	1.871924e-08	3.319599e+01	2.411514e+03
3.330000e-06	6.112168e-09	1.874382e-08	3.328135e+01	2.414794e+03
3.340000e-06	6.127443e-09	1.876734e-08	3.336452e+01	2.417970e+03
3.350000e-06	6.142305e-09	1.879063e-08	3.344545e+01	2.421049e+03
3.360000e-06	6.156792e-09	1.881406e-08	3.352433e+01	2.424037e+03
3.370000e-06	6.170897e-09	1.883665e-08	3.360113e+01	2.426939e+03
3.380000e-06	6.184493e-09	1.885768e-08	3.367517e+01	2.429760e+03
3.390000e-06	6.197554e-09	1.887784e-08	3.374628e+01	2.432501e+03
3.400000e-06	6.210175e-09	1.889726e-08	3.381501e+01	2.435165e+03
3.410000e-06	6.222382e-09	1.891592e-08	3.388148e+01	2.437751e+03
3.420000e-06	6.234172e-09	1.893459e-08	3.394567e+01	2.440261e+03
3.430000e-06	6.245567e-09	1.895298e-08	3.400772e+01	2.442691e+03
3.440000e-06	6.256565e-09	1.897032e-08	3.406760e+01	2.445042e+03
3.450000e-06	6.267067e-09	1.898691e-08	3.412479e+01	2.447310e+03
3.460000e-06	6.277016e-09	1.900326e-08	3.417896e+01	2.449495e+03
3.470000e-06	6.286474e-09	1.901879e-08	3.423046e+01	2.451595e+03
3.480000e-06	6.295494e-09	1.903346e-08	3.427958e+01	2.453607e+03
3.490000e-06	6.304089e-09	1.904827e-08	3.432638e+01	2.455532e+03
3.500000e-06	6.312291e-09	1.906319e-08	3.437104e+01	2.457367e+03
3.510000e-06	6.320132e-09	1.907758e-08	3.441374e+01	2.459113e+03
3.520000e-06	6.327553e-09	1.909079e-08	3.445414e+01	2.460767e+03
3.530000e-06	6.334483e-09	1.910259e-08	3.449188e+01	2.462330e+03
3.540000e-06	6.340926e-09	1.911295e-08	3.452696e+01	2.463801e+03
3.550000e-06	6.346867e-09	1.912253e-08	3.455931e+01	2.465177e+03
3.560000e-06	6.352311e-09	1.913221e-08	3.458895e+01	2.466458e+03
3.570000e-06	6.357294e-09	1.914199e-08	3.461609e+01	2.467640e+03
3.580000e-06	6.361789e-09	1.915140e-08	3.464056e+01	2.468721e+03
3.590000e-06	6.365711e-09	1.915986e-08	3.466191e+01	2.469697e+03
3.600000e-06	6.369100e-09	1.916730e-08	3.468037e+01	2.470565e+03
3.610000e-06	6.372063e-09	1.917342e-08	3.469650e+01	2.471321e+03
3.620000e-06	6.374601e-09	1.917799e-08	3.471033e+01	2.471960e+03
3.630000e-06	6.376702e-09	1.918146e-08	3.472176e+01	2.472481e+03
3.640000e-06	6.378412e-09	1.918430e-08	3.473107e+01	2.472879e+03
3.650000e-06	6.379722e-09	1.918659e-08	3.473821e+01	2.473153e+03
3.660000e-06	6.380498e-09	1.918860e-08	3.474243e+01	2.473302e+03
3.670000e-06	6.380731e-09	1.919036e-08	3.474370e+01	2.473325e+03
3.680000e-06	6.380525e-09	1.919057e-08	3.474258e+01	2.473224e+03
3.690000e-06	6.379904e-09	1.918911e-08	3.473920e+01	2.473000e+03
3.700000e-06	6.378862e-09	1.918652e-08	3.473352e+01	2.472657e+03
3.710000e-06	6.377436e-09	1.918262e-08	3.472576e+01	2.472198e+03
3.720000e-06	6.375641e-09	1.917799e-08	3.471599e+01	2.471628e+03
3.730000e-06	6.373359e-09	1.917245e-08	3.470356e+01	2.470952e+03
3.740000e-06	6.370541e-09	1.916477e-08	3.468822e+01	2.470175e+03
3.750000e-06	6.367252e-09	1.915930e-08	3.467031e+01	2.469301e+03
3.760000e-06	6.363300e-09	1.916310e-08	3.464879e+01	2.468333e+03
3.770000e-06	6.358359e-09	1.915441e-08	3.462189e+01	2.467276e+03
3.780000e-06	6.352763e-09	1.912149e-08	3.459142e+01	2.466131e+03
3.790000e-06	6.347255e-09	1.911630e-08	3.456142e+01	2.464900e+03
3.800000e-06	6.341752e-09	1.913661e-08	3.453146e+01	2.463582e+03
3.810000e-06	6.335550e-09	1.911763e-08	3.449769e+01	2.462177e+03
3.820000e-06	6.328537e-09	1.907106e-08	3.445950e+01	2.460683e+03
3.830000e-06	6.321234e-09	1.907053e-08	3.441974e+01	2.459096e+03
3.840000e-06	6.313832e-09	1.909802e-08	3.437943e+01	2.457414e+03
3.850000e-06	6.305857e-09	1.907094e-08	3.433601e+01	2.455634e+03
3.860000e-06	6.297031e-09	1.901674e-08	3.428795e+01	2.453752e+03
3.870000e-06	6.287759e-09	1.901565e-08	3.423746e+01	2.451765e+03
3.880000e-06	6.278299e-09	1.903817e-08	3.418595e+01	2.449670e+03
3.890000e-06	6.268369e-09	1.900372e-08	3.413188e+01	2.447466e+03
3.900000e-06	6.257841e-09	1.895012e-08	3.407456e+01	2.445151e+03
3.910000e-06	6.247016e-09	1.895375e-08	3.401561e+01	2.442725e+03
3.920000e-06	6.235911e-09	1.896905e-08	3.395514e+01	2.440187e+03
3.930000e-06	6.224134e-09	1.892300e-08	3.389102e+01	2.437540e+03
3.940000e-06	6.211669e-09	1.887251e-08	3.382314e+01	2.434783e+03
3.950000e-06	6.198895e-09	1.888102e-08	3.375359e+01	2.431920e+03
3.960000e-06	6.185811e-09	1.887963e-08	3.368235e+01	2.428951e+03
3.970000e-06	6.172150e-09	1.882243e-08	3.360796e+01	2.425878e+03
3.980000e-06	6.158027e-09	1.878918e-08	3.353106e+01	2.422703e+03
3.990000e-06	6.143680e-09	1.880116e-08	3.345294e+01	2.419426e+03
4.000000e-06	6.128881e-09	1.877096e-08	3.337236e+01	2.416047e+03
4.010000e-06	6.113386e-09	1.870869e-08	3.328798e+01	2.412568e+03
4.020000e-06	6.097436e-09	1.869837e-08	3.320113e+01	2.408985e+03
4.030000e-06	6.081210e-09	1.869982e-08	3.311278e+01	2.405299e+03
4.040000e-06	6.064536e-09	1.864324e-08	3.302199e+01	2.401507e+03
4.050000e-06	6.047376e-09	1.859673e-08	3.292855e+01	2.397607e+03
4.060000e-06	6.029875e-09	1.860134e-08	3.283326e+01	2.393596e+03
4.070000e-06	6.011964e-09	1.857280e-08	3.273573e+01	2.389472e+03
4.080000e-06	5.993521e-09	1.850518e-08	3.263530e+01	2.385234e+03
4.090000e-06	5.974687e-09	1.848229e-08	3.253275e+01	2.380878e+03
4.100000e-06	5.955521e-09	1.847357e-08	3.242839e+01	2.376404e+03
4.110000e-06	5.935844e-09	1.841695e-08	3.232125e+01	2.371811e+03
4.120000e-06	5.915660e-09	1.837074e-08	3.221135e+01	2.367099e+03
4.130000e-06	5.895061e-09	1.836097e-08	3.209918e+01	2.362267e+03
4.140000e-06	5.874012e-09	1.831923e-08	3.198457e+01	2.357316e+03
4.150000e-06	5.852400e-09	1.825890e-08	3.186689e+01	2.352248e+03
4.160000e-06	5.830240e-09	1.823442e-08	3.174623e+01	2.347062e+03
4.170000e-06	5.807641e-09	1.820253e-08	3.162317e+01	2.341762e+03
4.180000e-06	5.784663e-09	1.814110e-08	3.149806e+01	2.336347e+03
4.190000e-06	5.761301e-09	1.810301e-08	3.137085e+01	2.330818e+03
4.200000e-06	5.737539e-09	1.807574e-08	3.124146e+01	2.325176e+03
4.210000e-06	5.713388e-09	1.801912e-08	3.110996e+01	2.319422e+03
4.220000e-06	5.688795e-09	1.796957e-08	3.097604e+01	2.313555e+03
4.230000e-06	5.663680e-09	1.793781e-08	3.083929e+01	2.307574e+03
4.240000e-06	5.638133e-09	1.788376e-08	3.070019e+01	2.301478e+03
4.250000e-06	5.612253e-09	1.782554e-08	3.055927e+01	2.295266e+03
4.260000e-06	5.585992e-09	1.778890e-08	3.041627e+01	2.288937e+03
4.270000e-06	5.559311e-09	1.774080e-08	3.027099e+01	2.282488e+03
4.280000e-06	5.532271e-09	1.768035e-08	3.012376e+01	2.275918e+03
4.290000e-06	5.504889e-09	1.763603e-08	2.997466e+01	2.269225e+03
4.300000e-06	5.477057e-09	1.758899e-08	2.982311e+01	2.262406e+03
4.310000e-06	5.448716e-09	1.752720e-08	2.966879e+01	2.255461e+03
4.320000e-06	5.419923e-09	1.747457e-08	2.951201e+01	2.248387e+03
4.330000e-06	5.390756e-09	1.742414e-08	2.935319e+01	2.241183e+03
4.340000e-06	5.361246e-09	1.736164e-08	2.919251e+01	2.233847e+03
4.350000e-06	5.331348e-09	1.730364e-08	2.902971e+01	2.226378e+03
4.360000e-06	5.300999e-09	1.725076e-08	2.886446e+01	2.218774e+03
4.370000e-06	5.270214e-09	1.718868e-08	2.869683e+01	2.211035e+03
4.380000e-06	5.238963e-09	1.712554e-08	2.852667e+01	2.203158e+03
4.390000e-06	5.207263e-09	1.706627e-08	2.835406e+01	2.195143e+03
4.400000e-06	5.175233e-09	1.700226e-08	2.817965e+01	2.186988e+03
4.410000e-06	5.142882e-09	1.693715e-08	2.800350e+01	2.178692e+03
4.420000e-06	5.110155e-09	1.687437e-08	2.782530e+01	2.170254e+03
4.430000e-06	5.077087e-09	1.680796e-08	2.764523e+01	2.161674e+03
4.440000e-06	5.043713e-09	1.673995e-08	2.746351e+01	2.152951e+03
4.450000e-06	5.010004e-09	1.667332e-08	2.727996e+01	2.144085e+03
4.460000e-06	4.975894e-09	1.660306e-08	2.709423e+01	2.135077e+03
4.470000e-06	4.941334e-09	1.653067e-08	2.690605e+01	2.125928e+03
4.480000e-06	4.906362e-09	1.646007e-08	2.671562e+01	2.116638e+03
4.490000e-06	4.871054e-09	1.638826e-08	2.652337e+01	2.107210e+03
4.500000e-06	4.835423e-09	1.631431e-08	2.632935e+01	2.097643e+03
4.510000e-06	4.799457e-09	1.624085e-08	2.613351e+01	2.087941e+03
4.520000e-06	4.763182e-09	1.616542e-08	2.593599e+01	2.078103e+03
4.530000e-06	4.726634e-09	1.608649e-08	2.573699e+01	2.068130e+03
4.540000e-06	4.689822e-09	1.600702e-08	2.553654e+01	2.058021e+03
4.550000e-06	4.652693e-09	1.592740e-08	2.533437e+01	2.047776e+03
4.560000e-06	4.615150e-09	1.584582e-08	2.512995e+01	2.037393e+03
4.570000e-06	4.577168e-09	1.576310e-08	2.492313e+01	2.026869e+03
4.580000e-06	4.538828e-09	1.568098e-08	2.471436e+01	2.016199e+03
4.590000e-06	4.500191e-09	1.559804e-08	2.450398e+01	2.005380e+03
4.600000e-06	4.461254e-09	1.551266e-08	2.429197e+01	1.994406e+03
4.610000e-06	4.421997e-09	1.542532e-08	2.407821e+01	1.983272e+03
4.620000e-06	4.382436e-09	1.533637e-08	2.386279e+01	1.971973e+03
4.630000e-06	4.342606e-09	1.524619e-08	2.364591e+01	1.960504e+03
4.640000e-06	4.302517e-09	1.515486e-08	2.342763e+01	1.948861e+03
4.650000e-06	4.262109e-09	1.506310e-08	2.320760e+01	1.937042e+03
4.660000e-06	4.221312e-09	1.497080e-08	2.298546e+01	1.925043e+03
4.670000e-06	4.180127e-09	1.487723e-08	2.276120e+01	1.912866e+03
4.680000e-06	4.138622e-09	1.478305e-08	2.253520e+01	1.900509e+03
4.690000e-06	4.096843e-09	1.468770e-08	2.230771e+01	1.887977e+03
4.700000e-06	4.054778e-09	1.458883e-08	2.207867e+01	1.875270e+03
4.710000e-06	4.012400e-09	1.448704e-08	2.184791e+01	1.862394e+03
4.720000e-06	3.969727e-09	1.438524e-08	2.161556e+01	1.849352e+03
4.730000e-06	3.926808e-09	1.428319e-08	2.138186e+01	1.836149e+03
4.740000e-06	3.883656e-09	1.418005e-08	2.114689e+01	1.822786e+03
4.750000e-06	3.840264e-09	1.407567e-08	2.091061e+01	1.809268e+03
4.760000e-06	3.796606e-09	1.396923e-08	2.067289e+01	1.795595e+03
4.770000e-06	3.752662e-09	1.386092e-08	2.043362e+01	1.781765e+03
4.780000e-06	3.708441e-09	1.375219e-08	2.019283e+01	1.767778e+03
4.790000e-06	3.663952e-09	1.364246e-08	1.995058e+01	1.753628e+03
4.800000e-06	3.619186e-09	1.353008e-08	1.970682e+01	1.739310e+03
4.810000e-06	3.574129e-09	1.341567e-08	1.946149e+01	1.724815e+03
4.820000e-06	3.528787e-09	1.330078e-08	1.921459e+01	1.710137e+03
4.830000e-06	3.483175e-09	1.318600e-08	1.896623e+01	1.695266e+03
4.840000e-06	3.437304e-09	1.307094e-08	1.871646e+01	1.680191e+03
4.850000e-06	3.391162e-09	1.295328e-08	1.846521e+01	1.664906e+03
4.860000e-06	3.344733e-09	1.283245e-08	1.821240e+01	1.649400e+03
4.870000e-06	3.298002e-09	1.271098e-08	1.795795e+01	1.633668e+03
4.880000e-06	3.250963e-09	1.258883e-08	1.770182e+01	1.617704e+03
4.890000e-06	3.203632e-09	1.246366e-08	1.744409e+01	1.601504e+03
4.900000e-06	3.156014e-09	1.233586e-08	1.718481e+01	1.585065e+03
4.910000e-06	3.108143e-09	1.220691e-08	1.692415e+01	1.568388e+03
4.920000e-06	3.060070e-09	1.207626e-08	1.666239e+01	1.551472e+03
4.930000e-06	3.011824e-09	1.194292e-08	1.639968e+01	1.534320e+03
4.940000e-06	2.963397e-09	1.180728e-08	1.613599e+01	1.516933e+03
4.950000e-06	2.914766e-09	1.166985e-08	1.587119e+01	1.499314e+03
4.960000e-06	2.865935e-09	1.153081e-08	1.560530e+01	1.481466e+03
4.970000e-06	2.816918e-09	1.139078e-08	1.533840e+01	1.463388e+03
4.980000e-06	2.767715e-09	1.124956e-08	1.507049e+01	1.445083e+03
4.990000e-06	2.718329e-09	1.110568e-08	1.480157e+01	1.426548e+03
5.000000e-06	2.668753e-09	1.095884e-08	1.453163e+01	1.407782e+03
5.010000e-06	2.618983e-09	1.081022e-08	1.426062e+01	1.388781e+03
5.020000e-06	2.569007e-09	1.066030e-08	1.398850e+01	1.369540e+03
5.030000e-06	2.518823e-09	1.050910e-08	1.371524e+01	1.350055e+03
5.040000e-06	2.468426e-09	1.035628e-08	1.344083e+01	1.330318e+03
5.050000e-06	2.417810e-09	1.020146e-08	1.316522e+01	1.310323e+03
5.060000e-06	2.366990e-09	1.004487e-08	1.288850e+01	1.290062e+03
5.070000e-06	2.315987e-09	9.885866e-09	1.261078e+01	1.269530e+03
5.080000e-06	2.264827e-09	9.723304e-09	1.233221e+01	1.248720e+03
5.090000e-06	2.213534e-09	9.557493e-09	1.205291e+01	1.227627e+03
5.100000e-06	2.162105e-09	9.389300e-09	1.177288e+01	1.206244e+03
5.110000e-06	2.110539e-09	9.219279e-09	1.149209e+01	1.184568e+03
5.120000e-06	2.058829e-09	9.047833e-09	1.121053e+01	1.162595e+03
5.130000e-06	2.006972e-09	8.875109e-09	1.092817e+01	1.140320e+03
5.140000e-06	1.954959e-09	8.700436e-09	1.064495e+01	1.117740e+03
5.150000e-06	1.902793e-09	8.523402e-09	1.036090e+01	1.094850e+03
5.160000e-06	1.850499e-09	8.344291e-09	1.007615e+01	1.071646e+03
5.170000e-06	1.798101e-09	8.162696e-09	9.790844e+00	1.048123e+03
5.180000e-06	1.745616e-09	7.978064e-09	9.505054e+00	1.024274e+03
5.190000e-06	1.693043e-09	7.790671e-09	9.218791e+00	1.000092e+03
5.200000e-06	1.640375e-09	7.600786e-09	8.932009e+00	9.755699e+02
5.210000e-06	1.587611e-09	7.408849e-09	8.644705e+00	9.506996e+02
5.220000e-06	1.534749e-09	7.214398e-09	8.356863e+00	9.254725e+02
5.230000e-06	1.481777e-09	7.016397e-09	8.068424e+00	8.998799e+02
5.240000e-06	1.428689e-09	6.814678e-09	7.779358e+00	8.739136e+02
5.250000e-06	1.375478e-09	6.609838e-09	7.489617e+00	8.475657e+02
5.260000e-06	1.322145e-09	6.402648e-09	7.199215e+00	8.208290e+02
5.270000e-06	1.268696e-09	6.192902e-09	6.908180e+00	7.936974e+02
5.280000e-06	1.215130e-09	5.979568e-09	6.616511e+00	7.661657e+02
5.290000e-06	1.161442e-09	5.763096e-09	6.324175e+00	7.382298e+02
5.300000e-06	1.107639e-09	5.544792e-09	6.031211e+00	7.098865e+02
5.310000e-06	1.053740e-09	5.323896e-09	5.737725e+00	6.811334e+02
5.320000e-06	9.997683e-10	5.098275e-09	5.443844e+00	6.519687e+02
5.330000e-06	9.457326e-10	4.867927e-09	5.149615e+00	6.223910e+02
5.340000e-06	8.916300e-10	4.634036e-09	4.855021e+00	5.923987e+02
5.350000e-06	8.374690e-10	4.396628e-09	4.560109e+00	5.619905e+02
5.360000e-06	7.832570e-10	4.156191e-09	4.264919e+00	5.311646e+02
5.370000e-06	7.289907e-10	3.913261e-09	3.969434e+00	4.999190e+02
5.380000e-06	6.746690e-10	3.667789e-09	3.673646e+00	4.682517e+02
5.390000e-06	6.202963e-10	3.419805e-09	3.377582e+00	4.361606e+02
5.400000e-06	5.658759e-10	3.169033e-09	3.081257e+00	4.036444e+02
5.410000e-06	5.114144e-10	2.914502e-09	2.784709e+00	3.707026e+02
5.420000e-06	4.569158e-10	2.655478e-09	2.487959e+00	3.373366e+02
5.430000e-06	4.023944e-10	2.392366e-09	2.191084e+00	3.035500e+02
5.440000e-06	3.478521e-10	2.125884e-09	1.894096e+00	2.693496e+02
5.450000e-06	2.932870e-10	1.856025e-09	1.596984e+00	2.347457e+02
5.460000e-06	2.387148e-10	1.583393e-09	1.299832e+00	1.997532e+02
5.470000e-06	1.841481e-10	1.308804e-09	1.002711e+00	1.643915e+02
5.480000e-06	1.295823e-10	1.031776e-09	7.055946e-01	1.286855e+02
5.490000e-06	7.500695e-11	7.525713e-10	4.084265e-01	9.266513e+01
5.500000e-06	2.042355e-11	4.723934e-10	1.112144e-01	5.636570e+01
5.510000e-06	-3.416153e-11	1.904103e-10	-1.860067e-01	1.982746e+01
5.520000e-06	-8.874228e-11	-9.434109e-11	-4.832044e-01	-1.690475e+01
5.530000e-06	-1.433149e-10	-3.812473e-10	-7.803578e-01	-5.378219e+01
5.540000e-06	-1.978834e-10	-6.691730e-10	-1.077489e+00	-9.075289e+01
5.550000e-06	-2.524475e-10	-9.570214e-10	-1.374596e+00	-1.277626e+02
5.560000e-06	-3.070001e-10	-1.244205e-09	-1.671640e+00	-1.647557e+02
5.570000e-06	-3.615355e-10	-1.531007e-09	-1.968591e+00	-2.016760e+02
5.580000e-06	-4.160466e-10	-1.817044e-09	-2.265410e+00	-2.384681e+02
5.590000e-06	-4.705281e-10	-2.101000e-09	-2.562067e+00	-2.750779e+02
5.600000e-06	-5.249718e-10	-2.382570e-09	-2.858518e+00	-3.114535e+02
5.610000e-06	-5.793699e-10	-2.662344e-09	-3.154722e+00	-3.475460e+02
5.620000e-06	-6.337143e-10	-2.941405e-09	-3.450632e+00	-3.833102e+02
5.630000e-06	-6.880050e-10	-3.219087e-09	-3.746250e+00	-4.187049e+02
5.640000e-06	-7.422453e-10	-3.493373e-09	-4.041594e+00	-4.536932e+02
5.650000e-06	-7.964392e-10	-3.763452e-09	-4.336685e+00	-4.882433e+02
5.660000e-06	-8.505863e-10	-4.030123e-09	-4.631521e+00	-5.223277e+02
5.670000e-06	-9.046733e-10	-4.293560e-09	-4.926030e+00	-5.559242e+02
5.680000e-06	-9.586910e-10	-4.551975e-09	-5.220162e+00	-5.890151e+02
5.690000e-06	-1.012634e-09	-4.804706e-09	-5.513888e+00	-6.215872e+02
5.700000e-06	-1.066501e-09	-5.052588e-09	-5.807195e+00	-6.536320e+02
5.710000e-06	-1.120271e-09	-5.296668e-09	-6.099981e+00	-6.851447e+02
5.720000e-06	-1.173927e-09	-5.538125e-09	-6.392140e+00	-7.161242e+02
5.730000e-06	-1.227458e-09	-5.777087e-09	-6.683624e+00	-7.465727e+02
5.740000e-06	-1.280850e-09	-6.011830e-09	-6.974348e+00	-7.764951e+02
5.750000e-06	-1.334111e-09	-6.241419e-09	-7.264357e+00	-8.058987e+02
5.760000e-06	-1.387258e-09	-6.466978e-09	-7.553748e+00	-8.347922e+02
5.770000e-06	-1.440293e-09	-6.688607e-09	-7.842528e+00	-8.631858e+02
5.780000e-06	-1.493222e-09	-6.905743e-09	-8.130735e+00	-8.910904e+02
5.790000e-06	-1.546051e-09	-7.118455e-09	-8.418392e+00	-9.185171e+02
5.800000e-06	-1.598781e-09	-7.327652e-09	-8.705515e+00	-9.454768e+02
5.810000e-06	-1.651415e-09	-7.534511e-09	-8.992108e+00	-9.719804e+02
5.820000e-06	-1.703945e-09	-7.738827e-09	-9.278140e+00	-9.980376e+02
5.830000e-06	-1.756374e-09	-7.939443e-09	-9.563623e+00	-1.023658e+03
5.840000e-06	-1.808698e-09	-8.135651e-09	-9.848529e+00	-1.048849e+03
5.850000e-06	-1.860894e-09	-8.327824e-09	-1.013274e+01	-1.073620e+03
5.860000e-06	-1.912955e-09	-8.517081e-09	-1.041622e+01	-1.097978e+03
5.870000e-06	-1.964882e-09	-8.703318e-09	-1.069897e+01	-1.121929e+03
5.880000e-06	-2.016666e-09	-8.885844e-09	-1.098094e+01	-1.145480e+03
5.890000e-06	-2.068308e-09	-9.065129e-09	-1.126214e+01	-1.168640e+03
5.900000e-06	-2.119820e-09	-9.242062e-09	-1.154262e+01	-1.191415e+03
5.910000e-06	-2.171200e-09	-9.417782e-09	-1.182239e+01	-1.213815e+03
5.920000e-06	-2.222459e-09	-9.591739e-09	-1.210150e+01	-1.235848e+03
5.930000e-06	-2.273602e-09	-9.762288e-09	-1.237998e+01	-1.257526e+03
5.940000e-06	-2.324601e-09	-9.929660e-09	-1.265767e+01	-1.278860e+03
5.950000e-06	-2.375424e-09	-1.009533e-08	-1.293441e+01	-1.299860e+03
5.960000e-06	-2.426045e-09	-1.025832e-08	-1.321005e+01	-1.320541e+03
5.970000e-06	-2.476442e-09	-1.041718e-08	-1.348446e+01	-1.340913e+03
5.980000e-06	-2.526596e-09	-1.057286e-08	-1.375756e+01	-1.360989e+03
5.990000e-06	-2.576514e-09	-1.072635e-08	-1.402936e+01	-1.380779e+03
6.000000e-06	-2.626223e-09	-1.087769e-08	-1.430004e+01	-1.400293e+03
6.010000e-06	-2.675735e-09	-1.102723e-08	-1.456963e+01	-1.419538e+03
6.020000e-06	-2.725060e-09	-1.117561e-08	-1.483821e+01	-1.438521e+03
6.030000e-06	-2.774214e-09	-1.132242e-08	-1.510586e+01	-1.457246e+03
6.040000e-06	-2.823180e-09	-1.146711e-08	-1.537248e+01	-1.475714e+03
6.050000e-06	-2.871928e-09	-1.160969e-08	-1.563792e+01	-1.493926e+03
6.060000e-06	-2.920464e-09	-1.175003e-08	-1.590221e+01	-1.511881e+03
6.070000e-06	-2.968809e-09	-1.188804e-08	-1.616545e+01	-1.529577e+03
6.080000e-06	-3.016975e-09	-1.202411e-08	-1.642772e+01	-1.547012e+03
6.090000e-06	-3.064962e-09	-1.215801e-08	-1.668901e+01	-1.564183e+03
6.100000e-06	-3.112751e-09	-1.228975e-08	-1.694923e+01	-1.581091e+03
6.110000e-06	-3.160290e-09	-1.241953e-08	-1.720808e+01	-1.597733e+03
6.120000e-06	-3.207522e-09	-1.254704e-08	-1.746526e+01	-1.614114e+03
6.130000e-06	-3.254438e-09	-1.267166e-08	-1.772073e+01	-1.630237e+03
6.140000e-06	-3.301050e-09	-1.279361e-08	-1.797453e+01	-1.646107e+03
6.150000e-06	-3.347383e-09	-1.291418e-08	-1.822682e+01	-1.661734e+03
6.160000e-06	-3.393468e-09	-1.303395e-08	-1.847776e+01	-1.677127e+03
6.170000e-06	-3.439301e-09	-1.315223e-08	-1.872732e+01	-1.692298e+03
6.180000e-06	-3.484858e-09	-1.326869e-08	-1.897538e+01	-1.707258e+03
6.190000e-06	-3.530107e-09	-1.338402e-08	-1.922177e+01	-1.722019e+03
6.200000e-06	-3.575030e-09	-1.349850e-08	-1.946638e+01	-1.736592e+03
6.210000e-06	-3.619632e-09	-1.361191e-08	-1.970925e+01	-1.750988e+03
6.220000e-06	-3.663952e-09	-1.372420e-08	-1.995057e+01	-1.765214e+03
6.230000e-06	-3.708023e-09	-1.383492e-08	-2.019054e+01	-1.779275e+03
6.240000e-06	-3.751847e-09	-1.394405e-08	-2.042917e+01	-1.793175e+03
6.250000e-06	-3.795419e-09	-1.405214e-08	-2.066642e+01	-1.806914e+03
6.260000e-06	-3.838744e-09	-1.415867e-08	-2.090233e+01	-1.820490e+03
6.270000e-06	-3.881839e-09	-1.426358e-08	-2.113699e+01	-1.833899e+03
6.280000e-06	-3.924696e-09	-1.436706e-08	-2.137035e+01	-1.847134e+03
6.290000e-06	-3.967288e-09	-1.446852e-08	-2.160227e+01	-1.860189e+03
6.300000e-06	-4.009598e-09	-1.456828e-08	-2.183265e+01	-1.873057e+03
6.310000e-06	-4.051623e-09	-1.466688e-08	-2.206148e+01	-1.885732e+03
6.320000e-06	-4.093379e-09	-1.476424e-08	-2.228884e+01	-1.898209e+03
6.330000e-06	-4.134870e-09	-1.485963e-08	-2.251477e+01	-1.910485e+03
6.340000e-06	-4.176054e-09	-1.495278e-08	-2.273902e+01	-1.922560e+03
6.350000e-06	-4.216855e-09	-1.504418e-08	-2.296118e+01	-1.934436e+03
6.360000e-06	-4.257260e-09	-1.513473e-08	-2.318119e+01	-1.946117e+03
6.370000e-06	-4.297333e-09	-1.522474e-08	-2.339939e+01	-1.957611e+03
6.380000e-06	-4.337137e-09	-1.531380e-08	-2.361613e+01	-1.968927e+03
6.390000e-06	-4.376675e-09	-1.540204e-08	-2.383142e+01	-1.980075e+03
6.400000e-06	-4.415909e-09	-1.548975e-08	-2.404505e+01	-1.991068e+03
6.410000e-06	-4.454820e-09	-1.557618e-08	-2.425693e+01	-2.001917e+03
6.420000e-06	-4.493438e-09	-1.566050e-08	-2.446720e+01	-2.012632e+03
6.430000e-06	-4.531806e-09	-1.574352e-08	-2.467612e+01	-2.023224e+03
6.440000e-06	-4.569915e-09	-1.582584e-08	-2.488363e+01	-2.033700e+03
6.450000e-06	-4.607659e-09	-1.590703e-08	-2.508915e+01	-2.044066e+03
6.460000e-06	-4.644966e-09	-1.598742e-08	-2.529229e+01	-2.054323e+03
6.470000e-06	-4.681876e-09	-1.606756e-08	-2.549326e+01	-2.064472e+03
6.480000e-06	-4.718457e-09	-1.614699e-08	-2.569245e+01	-2.074511e+03
6.490000e-06	-4.754726e-09	-1.622517e-08	-2.588994e+01	-2.084433e+03
6.500000e-06	-4.790658e-09	-1.630189e-08	-2.608559e+01	-2.094233e+03
6.510000e-06	-4.826247e-09	-1.637677e-08	-2.627938e+01	-2.103902e+03
6.520000e-06	-4.861537e-09	-1.645002e-08	-2.647154e+01	-2.113432e+03
6.530000e-06	-4.896552e-09	-1.652208e-08	-2.666220e+01	-2.122813e+03
6.540000e-06	-4.931204e-09	-1.659343e-08	-2.685088e+01	-2.132038e+03
6.550000e-06	-4.965387e-09	-1.666406e-08	-2.703701e+01	-2.141100e+03
6.560000e-06	-4.999147e-09	-1.673368e-08	-2.722084e+01	-2.149992e+03
6.570000e-06	-5.032577e-09	-1.680255e-08	-2.740287e+01	-2.158712e+03
6.580000e-06	-5.065694e-09	-1.686990e-08	-2.758319e+01	-2.167256e+03
6.590000e-06	-5.098477e-09	-1.693478e-08	-2.776170e+01	-2.175626e+03
6.600000e-06	-5.130922e-09	-1.699723e-08	-2.793837e+01	-2.183822e+03
6.610000e-06	-5.163054e-09	-1.705787e-08	-2.811333e+01	-2.191848e+03
6.620000e-06	-5.194898e-09	-1.711749e-08	-2.828672e+01	-2.199709e+03
6.630000e-06	-5.226360e-09	-1.717615e-08	-2.845804e+01	-2.207410e+03
6.640000e-06	-5.257308e-09	-1.723401e-08	-2.862655e+01	-2.214956e+03
6.650000e-06	-5.287754e-09	-1.729129e-08	-2.879233e+01	-2.222355e+03
6.660000e-06	-5.317767e-09	-1.734797e-08	-2.895575e+01	-2.229613e+03
6.670000e-06	-5.347387e-09	-1.740424e-08	-2.911704e+01	-2.236736e+03
6.680000e-06	-5.376631e-09	-1.745913e-08	-2.927628e+01	-2.243730e+03
6.690000e-06	-5.405535e-09	-1.751150e-08	-2.943366e+01	-2.250601e+03
6.700000e-06	-5.434104e-09	-1.756179e-08	-2.958922e+01	-2.257355e+03
6.710000e-06	-5.462229e-09	-1.761192e-08	-2.974236e+01	-2.263995e+03
6.720000e-06	-5.489856e-09	-1.766241e-08	-2.989280e+01	-2.270528e+03
6.730000e-06	-5.517087e-09	-1.771269e-08	-3.004107e+01	-2.276956e+03
6.740000e-06	-5.543988e-09	-1.776298e-08	-3.018755e+01	-2.283284e+03
6.750000e-06	-5.570532e-09	-1.781269e-08	-3.033208e+01	-2.289514e+03
6.760000e-06	-5.596703e-09	-1.786082e-08	-3.047459e+01	-2.295650e+03
6.770000e-06	-5.622521e-09	-1.790767e-08	-3.061517e+01	-2.301693e+03
6.780000e-06	-5.647991e-09	-1.795332e-08	-3.075386e+01	-2.307646e+03
6.790000e-06	-5.673002e-09	-1.799709e-08	-3.089004e+01	-2.313508e+03
6.800000e-06	-5.697472e-09	-1.803999e-08	-3.102329e+01	-2.319279e+03
6.810000e-06	-5.721524e-09	-1.808330e-08	-3.115425e+01	-2.324958e+03
6.820000e-06	-5.745234e-09	-1.812734e-08	-3.128336e+01	-2.330543e+03
6.830000e-06	-5.768546e-09	-1.817166e-08	-3.141029e+01	-2.336029e+03
6.840000e-06	-5.791431e-09	-1.821515e-08	-3.153490e+01	-2.341413e+03
6.850000e-06	-5.813941e-09	-1.825679e-08	-3.165747e+01	-2.346688e+03
6.860000e-06	-5.836072e-09	-1.829644e-08	-3.177798e+01	-2.351850e+03
6.870000e-06	-5.857672e-09	-1.833456e-08	-3.189559e+01	-2.356892e+03
6.880000e-06	-5.878716e-09	-1.837147e-08	-3.201018e+01	-2.361807e+03
6.890000e-06	-5.899317e-09	-1.840763e-08	-3.212235e+01	-2.366590e+03
6.900000e-06	-5.919491e-09	-1.844382e-08	-3.223220e+01	-2.371236e+03
6.910000e-06	-5.939152e-09	-1.847963e-08	-3.233926e+01	-2.375741e+03
6.920000e-06	-5.958233e-09	-1.851387e-08	-3.244316e+01	-2.380102e+03
6.930000e-06	-5.976838e-09	-1.854668e-08	-3.254446e+01	-2.384318e+03
6.940000e-06	-5.995070e-09	-1.857857e-08	-3.264374e+01	-2.388390e+03
6.950000e-06	-6.012930e-09	-1.860902e-08	-3.274099e+01	-2.392320e+03
6.960000e-06	-6.030459e-09	-1.863770e-08	-3.283644e+01	-2.396112e+03
6.970000e-06	-6.047638e-09	-1.866565e-08	-3.292998e+01	-2.399771e+03
6.980000e-06	-6.064402e-09	-1.869329e-08	-3.302126e+01	-2.403303e+03
6.990000e-06	-6.080763e-09	-1.871994e-08	-3.311034e+01	-2.406716e+03
7.000000e-06	-6.096766e-09	-1.874576e-08	-3.319748e+01	-2.410016e+03
7.010000e-06	-6.112353e-09	-1.877063e-08	-3.328236e+01	-2.413211e+03
7.020000e-06	-6.127388e-09	-1.879464e-08	-3.336422e+01	-2.416308e+03
7.030000e-06	-6.141930e-09	-1.881904e-08	-3.344340e+01	-2.419313e+03
7.040000e-06	-6.156090e-09	-1.884324e-08	-3.352051e+01	-2.422231e+03
7.050000e-06	-6.169828e-09	-1.886605e-08	-3.359531e+01	-2.425067e+03
7.060000e-06	-6.183127e-09	-1.888817e-08	-3.366772e+01	-2.427824e+03
7.070000e-06	-6.196027e-09	-1.891033e-08	-3.373797e+01	-2.430502e+03
7.080000e-06	-6.208487e-09	-1.893188e-08	-3.380581e+01	-2.433103e+03
7.090000e-06	-6.220395e-09	-1.895260e-08	-3.387065e+01	-2.435627e+03
7.100000e-06	-6.231789e-09	-1.897269e-08	-3.393270e+01	-2.438073e+03
7.110000e-06	-6.242773e-09	-1.899198e-08	-3.399251e+01	-2.440439e+03
7.120000e-06	-6.253330e-09	-1.901092e-08	-3.404999e+01	-2.442723e+03
7.130000e-06	-6.263432e-09	-1.902957e-08	-3.410499e+01	-2.444924e+03
7.140000e-06	-6.273143e-09	-1.904720e-08	-3.415787e+01	-2.447040e+03
7.150000e-06	-6.282473e-09	-1.906348e-08	-3.420868e+01	-2.449070e+03
7.160000e-06	-6.291284e-09	-1.907854e-08	-3.425665e+01	-2.451011e+03
7.170000e-06	-6.299555e-09	-1.909287e-08	-3.430169e+01	-2.452863e+03
7.180000e-06	-6.307409e-09	-1.910683e-08	-3.434445e+01	-2.454626e+03
7.190000e-06	-6.314861e-09	-1.912015e-08	-3.438503e+01	-2.456298e+03
7.200000e-06	-6.321877e-09	-1.913288e-08	-3.442323e+01	-2.457878e+03
7.210000e-06	-6.328483e-09	-1.914513e-08	-3.445921e+01	-2.459367e+03
7.220000e-06	-6.334677e-09	-1.915610e-08	-3.449293e+01	-2.460761e+03
7.230000e-06	-6.340332e-09	-1.916607e-08	-3.452372e+01	-2.462060e+03
7.240000e-06	-6.345385e-09	-1.917544e-08	-3.455124e+01	-2.463261e+03
7.250000e-06	-6.349914e-09	-1.918329e-08	-3.457590e+01	-2.464362e+03
7.260000e-06	-6.353987e-09	-1.918987e-08	-3.459808e+01	-2.465358e+03
7.270000e-06	-6.357634e-09	-1.919642e-08	-3.461793e+01	-2.466247e+03
7.280000e-06	-6.360894e-09	-1.920319e-08	-3.463568e+01	-2.467024e+03
7.290000e-06	-6.363741e-09	-1.920925e-08	-3.465119e+01	-2.467686e+03
7.300000e-06	-6.366038e-09	-1.921345e-08	-3.466369e+01	-2.468230e+03
7.310000e-06	-6.367811e-09	-1.921556e-08	-3.467335e+01	-2.468651e+03
7.320000e-06	-6.369174e-09	-1.921686e-08	-3.468077e+01	-2.468949e+03
7.330000e-06	-6.370135e-09	-1.921773e-08	-3.468600e+01	-2.469122e+03
7.340000e-06	-6.370652e-09	-1.921724e-08	-3.468882e+01	-2.469169e+03
