# Concentracion g/m^3_=_53300.0
# C_Vs_to_Am_M_A/Vsm_=_128687336408.14134
# pendiente_HvsI_1/m_=_3716.3
# ordenada_HvsI_A/m_=_1297.0
# frecuencia_Hz_=_136068.0171272869
# Promedio de 27 ciclos

Tiempo_(s)	Campo_(V.s)	Magnetizacion_(V.s)	Campo_(kA/m)	Magnetizacion_(A/m)
0.000000e+00	-4.159833e-09	-1.489058e-08	-2.357280e+01	-1.910136e+03
1.000000e-08	-4.159822e-09	-1.488893e-08	-2.357273e+01	-1.910002e+03
2.000000e-08	-4.159589e-09	-1.488648e-08	-2.357141e+01	-1.909764e+03
3.000000e-08	-4.159025e-09	-1.488396e-08	-2.356822e+01	-1.909427e+03
4.000000e-08	-4.158061e-09	-1.488200e-08	-2.356275e+01	-1.908998e+03
5.000000e-08	-4.156714e-09	-1.488150e-08	-2.355511e+01	-1.908482e+03
6.000000e-08	-4.154998e-09	-1.487579e-08	-2.354539e+01	-1.907884e+03
7.000000e-08	-4.152865e-09	-1.485272e-08	-2.353330e+01	-1.907208e+03
8.000000e-08	-4.150399e-09	-1.482873e-08	-2.351933e+01	-1.906456e+03
9.000000e-08	-4.147783e-09	-1.483145e-08	-2.350450e+01	-1.905628e+03
1.000000e-07	-4.144990e-09	-1.485717e-08	-2.348868e+01	-1.904724e+03
1.100000e-07	-4.142002e-09	-1.486829e-08	-2.347174e+01	-1.903743e+03
1.200000e-07	-4.138844e-09	-1.482729e-08	-2.345385e+01	-1.902682e+03
1.300000e-07	-4.135260e-09	-1.479735e-08	-2.343353e+01	-1.901538e+03
1.400000e-07	-4.131087e-09	-1.483611e-08	-2.340988e+01	-1.900309e+03
1.500000e-07	-4.126524e-09	-1.483072e-08	-2.338403e+01	-1.898991e+03
1.600000e-07	-4.121726e-09	-1.474548e-08	-2.335684e+01	-1.897582e+03
1.700000e-07	-4.116650e-09	-1.472844e-08	-2.332807e+01	-1.896080e+03
1.800000e-07	-4.111249e-09	-1.477026e-08	-2.329746e+01	-1.894484e+03
1.900000e-07	-4.105542e-09	-1.475220e-08	-2.326512e+01	-1.892794e+03
2.000000e-07	-4.099541e-09	-1.472272e-08	-2.323112e+01	-1.891009e+03
2.100000e-07	-4.093181e-09	-1.472504e-08	-2.319507e+01	-1.889130e+03
2.200000e-07	-4.086417e-09	-1.470076e-08	-2.315674e+01	-1.887157e+03
2.300000e-07	-4.079278e-09	-1.467154e-08	-2.311628e+01	-1.885093e+03
2.400000e-07	-4.071831e-09	-1.467319e-08	-2.307408e+01	-1.882936e+03
2.500000e-07	-4.064146e-09	-1.464866e-08	-2.303053e+01	-1.880688e+03
2.600000e-07	-4.056247e-09	-1.459884e-08	-2.298577e+01	-1.878350e+03
2.700000e-07	-4.048107e-09	-1.459483e-08	-2.293964e+01	-1.875920e+03
2.800000e-07	-4.039704e-09	-1.461508e-08	-2.289202e+01	-1.873398e+03
2.900000e-07	-4.031050e-09	-1.458559e-08	-2.284298e+01	-1.870783e+03
3.000000e-07	-4.022128e-09	-1.452707e-08	-2.279242e+01	-1.868074e+03
3.100000e-07	-4.012900e-09	-1.450520e-08	-2.274012e+01	-1.865271e+03
3.200000e-07	-4.003407e-09	-1.450696e-08	-2.268632e+01	-1.862371e+03
3.300000e-07	-3.993696e-09	-1.448166e-08	-2.263129e+01	-1.859375e+03
3.400000e-07	-3.983722e-09	-1.443972e-08	-2.257478e+01	-1.856281e+03
3.500000e-07	-3.973374e-09	-1.441754e-08	-2.251613e+01	-1.853091e+03
3.600000e-07	-3.962599e-09	-1.440745e-08	-2.245508e+01	-1.849805e+03
3.700000e-07	-3.951481e-09	-1.438415e-08	-2.239207e+01	-1.846423e+03
3.800000e-07	-3.940096e-09	-1.434793e-08	-2.232755e+01	-1.842947e+03
3.900000e-07	-3.928452e-09	-1.431092e-08	-2.226157e+01	-1.839378e+03
4.000000e-07	-3.916560e-09	-1.427923e-08	-2.219417e+01	-1.835716e+03
4.100000e-07	-3.904403e-09	-1.425439e-08	-2.212528e+01	-1.831964e+03
4.200000e-07	-3.891953e-09	-1.423247e-08	-2.205473e+01	-1.828121e+03
4.300000e-07	-3.879276e-09	-1.420431e-08	-2.198289e+01	-1.824186e+03
4.400000e-07	-3.866440e-09	-1.416601e-08	-2.191014e+01	-1.820161e+03
4.500000e-07	-3.853367e-09	-1.412773e-08	-2.183606e+01	-1.816042e+03
4.600000e-07	-3.839907e-09	-1.409810e-08	-2.175979e+01	-1.811830e+03
4.700000e-07	-3.826019e-09	-1.406649e-08	-2.168109e+01	-1.807521e+03
4.800000e-07	-3.811800e-09	-1.402417e-08	-2.160051e+01	-1.803115e+03
4.900000e-07	-3.797363e-09	-1.398573e-08	-2.151870e+01	-1.798609e+03
5.000000e-07	-3.782724e-09	-1.395823e-08	-2.143574e+01	-1.794001e+03
5.100000e-07	-3.767814e-09	-1.392504e-08	-2.135125e+01	-1.789290e+03
5.200000e-07	-3.752585e-09	-1.388215e-08	-2.126495e+01	-1.784476e+03
5.300000e-07	-3.737062e-09	-1.384231e-08	-2.117698e+01	-1.779558e+03
5.400000e-07	-3.721302e-09	-1.380308e-08	-2.108767e+01	-1.774537e+03
5.500000e-07	-3.705338e-09	-1.375719e-08	-2.099720e+01	-1.769413e+03
5.600000e-07	-3.689160e-09	-1.371482e-08	-2.090552e+01	-1.764187e+03
5.700000e-07	-3.672705e-09	-1.368095e-08	-2.081228e+01	-1.758861e+03
5.800000e-07	-3.655906e-09	-1.364163e-08	-2.071708e+01	-1.753436e+03
5.900000e-07	-3.638756e-09	-1.359309e-08	-2.061990e+01	-1.747912e+03
6.000000e-07	-3.621321e-09	-1.354676e-08	-2.052110e+01	-1.742291e+03
6.100000e-07	-3.603652e-09	-1.350233e-08	-2.042097e+01	-1.736572e+03
6.200000e-07	-3.585734e-09	-1.345281e-08	-2.031943e+01	-1.730755e+03
6.300000e-07	-3.567546e-09	-1.340358e-08	-2.021636e+01	-1.724839e+03
6.400000e-07	-3.549103e-09	-1.335754e-08	-2.011185e+01	-1.718822e+03
6.500000e-07	-3.530426e-09	-1.330841e-08	-2.000601e+01	-1.712701e+03
6.600000e-07	-3.511509e-09	-1.325898e-08	-1.989881e+01	-1.706476e+03
6.700000e-07	-3.492357e-09	-1.321400e-08	-1.979027e+01	-1.700143e+03
6.800000e-07	-3.472963e-09	-1.316440e-08	-1.968037e+01	-1.693700e+03
6.900000e-07	-3.453269e-09	-1.310633e-08	-1.956877e+01	-1.687147e+03
7.000000e-07	-3.433220e-09	-1.305119e-08	-1.945516e+01	-1.680481e+03
7.100000e-07	-3.412820e-09	-1.300169e-08	-1.933956e+01	-1.673702e+03
7.200000e-07	-3.392133e-09	-1.294904e-08	-1.922233e+01	-1.666810e+03
7.300000e-07	-3.371195e-09	-1.289287e-08	-1.910368e+01	-1.659806e+03
7.400000e-07	-3.350010e-09	-1.283710e-08	-1.898363e+01	-1.652690e+03
7.500000e-07	-3.328586e-09	-1.277974e-08	-1.886222e+01	-1.645465e+03
7.600000e-07	-3.306920e-09	-1.272054e-08	-1.873945e+01	-1.638131e+03
7.700000e-07	-3.285010e-09	-1.266158e-08	-1.861529e+01	-1.630690e+03
7.800000e-07	-3.262877e-09	-1.260076e-08	-1.848986e+01	-1.623143e+03
7.900000e-07	-3.240547e-09	-1.253752e-08	-1.836332e+01	-1.615490e+03
8.000000e-07	-3.218026e-09	-1.247664e-08	-1.823569e+01	-1.607731e+03
8.100000e-07	-3.195282e-09	-1.241784e-08	-1.810681e+01	-1.599865e+03
8.200000e-07	-3.172246e-09	-1.235589e-08	-1.797627e+01	-1.591892e+03
8.300000e-07	-3.148890e-09	-1.229018e-08	-1.784392e+01	-1.583809e+03
8.400000e-07	-3.125254e-09	-1.222334e-08	-1.770999e+01	-1.575614e+03
8.500000e-07	-3.101397e-09	-1.215620e-08	-1.757479e+01	-1.567306e+03
8.600000e-07	-3.077350e-09	-1.209000e-08	-1.743852e+01	-1.558881e+03
8.700000e-07	-3.053117e-09	-1.202504e-08	-1.730119e+01	-1.550338e+03
8.800000e-07	-3.028689e-09	-1.195810e-08	-1.716276e+01	-1.541675e+03
8.900000e-07	-3.004054e-09	-1.188839e-08	-1.702316e+01	-1.532891e+03
9.000000e-07	-2.979200e-09	-1.181812e-08	-1.688231e+01	-1.523986e+03
9.100000e-07	-2.954134e-09	-1.174709e-08	-1.674027e+01	-1.514959e+03
9.200000e-07	-2.928850e-09	-1.167416e-08	-1.659699e+01	-1.505810e+03
9.300000e-07	-2.903366e-09	-1.160051e-08	-1.645257e+01	-1.496541e+03
9.400000e-07	-2.877710e-09	-1.152702e-08	-1.630719e+01	-1.487152e+03
9.500000e-07	-2.851874e-09	-1.145310e-08	-1.616077e+01	-1.477645e+03
9.600000e-07	-2.825829e-09	-1.137881e-08	-1.601319e+01	-1.468019e+03
9.700000e-07	-2.799560e-09	-1.130337e-08	-1.586433e+01	-1.458275e+03
9.800000e-07	-2.773046e-09	-1.122549e-08	-1.571409e+01	-1.448414e+03
9.900000e-07	-2.746280e-09	-1.114655e-08	-1.556241e+01	-1.438435e+03
1.000000e-06	-2.719295e-09	-1.106840e-08	-1.540949e+01	-1.428337e+03
1.010000e-06	-2.692127e-09	-1.098981e-08	-1.525553e+01	-1.418119e+03
1.020000e-06	-2.664800e-09	-1.090955e-08	-1.510067e+01	-1.407779e+03
1.030000e-06	-2.637323e-09	-1.082813e-08	-1.494496e+01	-1.397316e+03
1.040000e-06	-2.609679e-09	-1.074573e-08	-1.478831e+01	-1.386728e+03
1.050000e-06	-2.581839e-09	-1.066225e-08	-1.463055e+01	-1.376014e+03
1.060000e-06	-2.553797e-09	-1.057745e-08	-1.447164e+01	-1.365171e+03
1.070000e-06	-2.525568e-09	-1.049119e-08	-1.431167e+01	-1.354199e+03
1.080000e-06	-2.497165e-09	-1.040348e-08	-1.415072e+01	-1.343096e+03
1.090000e-06	-2.468601e-09	-1.031558e-08	-1.398885e+01	-1.331862e+03
1.100000e-06	-2.439891e-09	-1.022828e-08	-1.382615e+01	-1.320495e+03
1.110000e-06	-2.411030e-09	-1.013983e-08	-1.366260e+01	-1.308996e+03
1.120000e-06	-2.382001e-09	-1.004908e-08	-1.349810e+01	-1.297362e+03
1.130000e-06	-2.352784e-09	-9.956321e-09	-1.333253e+01	-1.285592e+03
1.140000e-06	-2.323354e-09	-9.861869e-09	-1.316577e+01	-1.273684e+03
1.150000e-06	-2.293686e-09	-9.766926e-09	-1.299765e+01	-1.261636e+03
1.160000e-06	-2.263778e-09	-9.671910e-09	-1.282817e+01	-1.249446e+03
1.170000e-06	-2.233650e-09	-9.575444e-09	-1.265745e+01	-1.237109e+03
1.180000e-06	-2.203329e-09	-9.477143e-09	-1.248562e+01	-1.224624e+03
1.190000e-06	-2.172839e-09	-9.378488e-09	-1.231284e+01	-1.211988e+03
1.200000e-06	-2.142194e-09	-9.279520e-09	-1.213918e+01	-1.199197e+03
1.210000e-06	-2.111411e-09	-9.178413e-09	-1.196474e+01	-1.186252e+03
1.220000e-06	-2.080482e-09	-9.075360e-09	-1.178948e+01	-1.173150e+03
1.230000e-06	-2.049389e-09	-8.972207e-09	-1.161328e+01	-1.159892e+03
1.240000e-06	-2.018127e-09	-8.868866e-09	-1.143612e+01	-1.146481e+03
1.250000e-06	-1.986698e-09	-8.764049e-09	-1.125803e+01	-1.132918e+03
1.260000e-06	-1.955102e-09	-8.657582e-09	-1.107898e+01	-1.119207e+03
1.270000e-06	-1.923338e-09	-8.549486e-09	-1.089899e+01	-1.105353e+03
1.280000e-06	-1.891405e-09	-8.440149e-09	-1.071804e+01	-1.091360e+03
1.290000e-06	-1.859300e-09	-8.330305e-09	-1.053610e+01	-1.077232e+03
1.300000e-06	-1.827024e-09	-8.220313e-09	-1.035320e+01	-1.062973e+03
1.310000e-06	-1.794607e-09	-8.109444e-09	-1.016950e+01	-1.048584e+03
1.320000e-06	-1.762074e-09	-7.997068e-09	-9.985138e+00	-1.034066e+03
1.330000e-06	-1.729422e-09	-7.883899e-09	-9.800101e+00	-1.019416e+03
1.340000e-06	-1.696652e-09	-7.769663e-09	-9.614399e+00	-1.004632e+03
1.350000e-06	-1.663785e-09	-7.653623e-09	-9.428150e+00	-9.897067e+02
1.360000e-06	-1.630820e-09	-7.536014e-09	-9.241345e+00	-9.746323e+02
1.370000e-06	-1.597749e-09	-7.416887e-09	-9.053942e+00	-9.593994e+02
1.380000e-06	-1.564582e-09	-7.295964e-09	-8.865993e+00	-9.439976e+02
1.390000e-06	-1.531320e-09	-7.173905e-09	-8.677503e+00	-9.284163e+02
1.400000e-06	-1.497955e-09	-7.051577e-09	-8.488426e+00	-9.126454e+02
1.410000e-06	-1.464489e-09	-6.928128e-09	-8.298774e+00	-8.966762e+02
1.420000e-06	-1.430933e-09	-6.802166e-09	-8.108613e+00	-8.805017e+02
1.430000e-06	-1.397288e-09	-6.673697e-09	-7.917953e+00	-8.641173e+02
1.440000e-06	-1.363566e-09	-6.543275e-09	-7.726852e+00	-8.475211e+02
1.450000e-06	-1.329766e-09	-6.411176e-09	-7.535311e+00	-8.307142e+02
1.460000e-06	-1.295887e-09	-6.277715e-09	-7.343324e+00	-8.136999e+02
1.470000e-06	-1.261935e-09	-6.143179e-09	-7.150928e+00	-7.964840e+02
1.480000e-06	-1.227915e-09	-6.007416e-09	-6.958140e+00	-7.790736e+02
1.490000e-06	-1.193826e-09	-5.870711e-09	-6.764968e+00	-7.614767e+02
1.500000e-06	-1.159665e-09	-5.733060e-09	-6.571380e+00	-7.437014e+02
1.510000e-06	-1.125430e-09	-5.593530e-09	-6.377380e+00	-7.257547e+02
1.520000e-06	-1.091118e-09	-5.452265e-09	-6.182944e+00	-7.076420e+02
1.530000e-06	-1.056724e-09	-5.310383e-09	-5.988036e+00	-6.893663e+02
1.540000e-06	-1.022251e-09	-5.167870e-09	-5.792685e+00	-6.709282e+02
1.550000e-06	-9.877068e-10	-5.023683e-09	-5.596932e+00	-6.523251e+02
1.560000e-06	-9.530943e-10	-4.878134e-09	-5.400791e+00	-6.335518e+02
1.570000e-06	-9.184193e-10	-4.732078e-09	-5.204295e+00	-6.146007e+02
1.580000e-06	-8.836913e-10	-4.584957e-09	-5.007498e+00	-5.954626e+02
1.590000e-06	-8.489135e-10	-4.435616e-09	-4.810419e+00	-5.761269e+02
1.600000e-06	-8.140778e-10	-4.284274e-09	-4.613010e+00	-5.565834e+02
1.610000e-06	-7.791880e-10	-4.131159e-09	-4.415294e+00	-5.368224e+02
1.620000e-06	-7.442607e-10	-3.975433e-09	-4.217366e+00	-5.168358e+02
1.630000e-06	-7.092915e-10	-3.817736e-09	-4.019200e+00	-4.966179e+02
1.640000e-06	-6.742774e-10	-3.659009e-09	-3.820778e+00	-4.761661e+02
1.650000e-06	-6.392183e-10	-3.498482e-09	-3.622101e+00	-4.554804e+02
1.660000e-06	-6.041144e-10	-3.336280e-09	-3.423169e+00	-4.345643e+02
1.670000e-06	-5.689786e-10	-3.173332e-09	-3.224057e+00	-4.134237e+02
1.680000e-06	-5.338088e-10	-3.008605e-09	-3.024753e+00	-3.920670e+02
1.690000e-06	-4.985968e-10	-2.841319e-09	-2.825210e+00	-3.705041e+02
1.700000e-06	-4.633487e-10	-2.672313e-09	-2.625462e+00	-3.487457e+02
1.710000e-06	-4.280676e-10	-2.502005e-09	-2.425529e+00	-3.268024e+02
1.720000e-06	-3.927513e-10	-2.330580e-09	-2.225397e+00	-3.046841e+02
1.730000e-06	-3.574018e-10	-2.158478e-09	-2.025077e+00	-2.823994e+02
1.740000e-06	-3.220311e-10	-1.985240e-09	-1.824638e+00	-2.599551e+02
1.750000e-06	-2.866455e-10	-1.810416e-09	-1.624115e+00	-2.373562e+02
1.760000e-06	-2.512422e-10	-1.634651e-09	-1.423492e+00	-2.146060e+02
1.770000e-06	-2.158163e-10	-1.458211e-09	-1.222742e+00	-1.917061e+02
1.780000e-06	-1.803729e-10	-1.280242e-09	-1.021893e+00	-1.686575e+02
1.790000e-06	-1.449259e-10	-1.100333e-09	-8.210244e-01	-1.454612e+02
1.800000e-06	-1.094818e-10	-9.188152e-10	-6.201718e-01	-1.221185e+02
1.810000e-06	-7.403984e-11	-7.357393e-10	-4.193313e-01	-9.863246e+01
1.820000e-06	-3.859374e-11	-5.519981e-10	-2.184680e-01	-7.500813e+01
1.830000e-06	-3.136189e-12	-3.682798e-10	-1.754012e-02	-5.125331e+01
1.840000e-06	3.232747e-11	-1.832472e-10	1.834223e-01	-2.737884e+01
1.850000e-06	6.779746e-11	3.739883e-12	3.844208e-01	-3.398635e+00
1.860000e-06	1.032732e-10	1.909898e-10	5.854510e-01	2.067043e+01
1.870000e-06	1.387460e-10	3.778827e-10	7.864647e-01	4.480896e+01
1.880000e-06	1.742086e-10	5.656179e-10	9.874217e-01	6.899562e+01
1.890000e-06	2.096553e-10	7.542744e-10	1.188288e+00	9.320792e+01
1.900000e-06	2.450810e-10	9.431512e-10	1.389036e+00	1.174230e+02
1.910000e-06	2.804809e-10	1.131957e-09	1.589639e+00	1.416183e+02
1.920000e-06	3.158565e-10	1.320105e-09	1.790105e+00	1.657727e+02
1.930000e-06	3.512018e-10	1.507557e-09	1.990399e+00	1.898663e+02
1.940000e-06	3.865127e-10	1.694895e-09	2.190500e+00	2.138815e+02
1.950000e-06	4.217979e-10	1.881551e-09	2.390454e+00	2.378029e+02
1.960000e-06	4.570527e-10	2.066438e-09	2.590238e+00	2.616171e+02
1.970000e-06	4.922717e-10	2.249616e-09	2.789819e+00	2.853123e+02
1.980000e-06	5.274610e-10	2.431885e-09	2.989233e+00	3.088784e+02
1.990000e-06	5.626163e-10	2.613313e-09	3.188454e+00	3.323057e+02
2.000000e-06	5.977327e-10	2.793788e-09	3.387454e+00	3.555851e+02
2.010000e-06	6.328113e-10	2.972866e-09	3.586241e+00	3.787071e+02
2.020000e-06	6.678433e-10	3.149887e-09	3.784763e+00	4.016615e+02
2.030000e-06	7.028157e-10	3.324889e-09	3.982948e+00	4.244374e+02
2.040000e-06	7.377327e-10	3.498579e-09	4.180817e+00	4.470231e+02
2.050000e-06	7.726038e-10	3.671368e-09	4.378426e+00	4.694059e+02
2.060000e-06	8.074308e-10	3.842811e-09	4.575785e+00	4.915733e+02
2.070000e-06	8.422055e-10	4.012390e-09	4.772846e+00	5.135126e+02
2.080000e-06	8.769278e-10	4.180185e-09	4.969611e+00	5.352123e+02
2.090000e-06	9.116030e-10	4.346859e-09	5.166108e+00	5.566622e+02
2.100000e-06	9.462261e-10	4.512509e-09	5.362309e+00	5.778543e+02
2.110000e-06	9.807886e-10	4.676241e-09	5.558167e+00	5.987832e+02
2.120000e-06	1.015286e-09	4.836607e-09	5.753658e+00	6.194463e+02
2.130000e-06	1.049717e-09	4.993944e-09	5.948769e+00	6.398440e+02
2.140000e-06	1.084070e-09	5.149595e-09	6.143436e+00	6.599794e+02
2.150000e-06	1.118337e-09	5.303031e-09	6.337620e+00	6.798581e+02
2.160000e-06	1.152522e-09	5.453713e-09	6.531341e+00	6.994875e+02
2.170000e-06	1.186627e-09	5.602111e-09	6.724605e+00	7.188757e+02
2.180000e-06	1.220653e-09	5.748894e-09	6.917423e+00	7.380313e+02
2.190000e-06	1.254603e-09	5.894833e-09	7.109809e+00	7.569622e+02
2.200000e-06	1.288473e-09	6.039726e-09	7.301745e+00	7.756748e+02
2.210000e-06	1.322264e-09	6.182631e-09	7.493232e+00	7.941735e+02
2.220000e-06	1.355981e-09	6.323492e-09	7.684301e+00	8.124606e+02
2.230000e-06	1.389620e-09	6.462934e-09	7.874929e+00	8.305355e+02
2.240000e-06	1.423181e-09	6.601377e-09	8.065114e+00	8.483959e+02
2.250000e-06	1.456658e-09	6.738992e-09	8.254829e+00	8.660371e+02
2.260000e-06	1.490035e-09	6.875608e-09	8.443968e+00	8.834535e+02
2.270000e-06	1.523309e-09	7.009958e-09	8.632529e+00	9.006389e+02
2.280000e-06	1.556478e-09	7.141599e-09	8.820490e+00	9.175878e+02
2.290000e-06	1.589535e-09	7.271529e-09	9.007813e+00	9.342957e+02
2.300000e-06	1.622482e-09	7.399464e-09	9.194515e+00	9.507604e+02
2.310000e-06	1.655315e-09	7.524320e-09	9.380572e+00	9.669822e+02
2.320000e-06	1.688037e-09	7.646468e-09	9.565997e+00	9.829646e+02
2.330000e-06	1.720645e-09	7.767272e-09	9.750777e+00	9.987138e+02
2.340000e-06	1.753127e-09	7.887106e-09	9.934847e+00	1.014239e+03
2.350000e-06	1.785476e-09	8.005714e-09	1.011816e+01	1.029552e+03
2.360000e-06	1.817677e-09	8.122544e-09	1.030064e+01	1.044666e+03
2.370000e-06	1.849738e-09	8.237131e-09	1.048232e+01	1.059594e+03
2.380000e-06	1.881662e-09	8.350143e-09	1.066322e+01	1.074351e+03
2.390000e-06	1.913432e-09	8.462677e-09	1.084325e+01	1.088949e+03
2.400000e-06	1.945052e-09	8.574153e-09	1.102243e+01	1.103397e+03
2.410000e-06	1.976533e-09	8.683754e-09	1.120083e+01	1.117704e+03
2.420000e-06	2.007864e-09	8.792297e-09	1.137837e+01	1.131874e+03
2.430000e-06	2.039029e-09	8.900592e-09	1.155497e+01	1.145908e+03
2.440000e-06	2.070027e-09	9.008394e-09	1.173064e+01	1.159803e+03
2.450000e-06	2.100874e-09	9.114748e-09	1.190544e+01	1.173555e+03
2.460000e-06	2.131575e-09	9.219470e-09	1.207941e+01	1.187156e+03
2.470000e-06	2.162127e-09	9.323062e-09	1.225254e+01	1.200597e+03
2.480000e-06	2.192513e-09	9.425642e-09	1.242473e+01	1.213870e+03
2.490000e-06	2.222718e-09	9.526792e-09	1.259589e+01	1.226965e+03
2.500000e-06	2.252718e-09	9.626460e-09	1.276589e+01	1.239876e+03
2.510000e-06	2.282499e-09	9.725845e-09	1.293465e+01	1.252597e+03
2.520000e-06	2.312065e-09	9.824695e-09	1.310218e+01	1.265126e+03
2.530000e-06	2.341422e-09	9.921242e-09	1.326853e+01	1.277463e+03
2.540000e-06	2.370584e-09	1.001562e-08	1.343378e+01	1.289612e+03
2.550000e-06	2.399574e-09	1.010867e-08	1.359807e+01	1.301578e+03
2.560000e-06	2.428396e-09	1.020013e-08	1.376139e+01	1.313370e+03
2.570000e-06	2.457047e-09	1.028963e-08	1.392375e+01	1.324997e+03
2.580000e-06	2.485537e-09	1.037771e-08	1.408520e+01	1.336471e+03
2.590000e-06	2.513869e-09	1.046521e-08	1.424575e+01	1.347802e+03
2.600000e-06	2.542030e-09	1.055215e-08	1.440533e+01	1.359002e+03
2.610000e-06	2.569993e-09	1.063830e-08	1.456379e+01	1.370078e+03
2.620000e-06	2.597759e-09	1.072321e-08	1.472113e+01	1.381038e+03
2.630000e-06	2.625351e-09	1.080622e-08	1.487749e+01	1.391889e+03
2.640000e-06	2.652788e-09	1.088782e-08	1.503297e+01	1.402634e+03
2.650000e-06	2.680069e-09	1.096875e-08	1.518757e+01	1.413274e+03
2.660000e-06	2.707184e-09	1.104900e-08	1.534123e+01	1.423808e+03
2.670000e-06	2.734113e-09	1.112858e-08	1.549383e+01	1.434236e+03
2.680000e-06	2.760815e-09	1.120795e-08	1.564514e+01	1.444553e+03
2.690000e-06	2.787250e-09	1.128688e-08	1.579493e+01	1.454756e+03
2.700000e-06	2.813425e-09	1.136476e-08	1.594325e+01	1.464842e+03
2.710000e-06	2.839367e-09	1.144167e-08	1.609026e+01	1.474806e+03
2.720000e-06	2.865100e-09	1.151736e-08	1.623608e+01	1.484644e+03
2.730000e-06	2.890644e-09	1.159174e-08	1.638083e+01	1.494354e+03
2.740000e-06	2.916007e-09	1.166513e-08	1.652456e+01	1.503932e+03
2.750000e-06	2.941180e-09	1.173811e-08	1.666721e+01	1.513377e+03
2.760000e-06	2.966170e-09	1.181127e-08	1.680882e+01	1.522685e+03
2.770000e-06	2.990983e-09	1.188399e-08	1.694943e+01	1.531856e+03
2.780000e-06	3.015595e-09	1.195525e-08	1.708891e+01	1.540887e+03
2.790000e-06	3.040007e-09	1.202494e-08	1.722724e+01	1.549776e+03
2.800000e-06	3.064235e-09	1.209354e-08	1.736454e+01	1.558522e+03
2.810000e-06	3.088296e-09	1.216110e-08	1.750089e+01	1.567122e+03
2.820000e-06	3.112170e-09	1.222704e-08	1.763618e+01	1.575575e+03
2.830000e-06	3.135809e-09	1.229133e-08	1.777013e+01	1.583877e+03
2.840000e-06	3.159146e-09	1.235455e-08	1.790237e+01	1.592029e+03
2.850000e-06	3.182163e-09	1.241682e-08	1.803280e+01	1.600029e+03
2.860000e-06	3.204900e-09	1.247803e-08	1.816164e+01	1.607879e+03
2.870000e-06	3.227400e-09	1.253816e-08	1.828914e+01	1.615579e+03
2.880000e-06	3.249694e-09	1.259665e-08	1.841548e+01	1.623133e+03
2.890000e-06	3.271782e-09	1.265411e-08	1.854064e+01	1.630546e+03
2.900000e-06	3.293659e-09	1.271099e-08	1.866461e+01	1.637823e+03
2.910000e-06	3.315326e-09	1.276635e-08	1.878740e+01	1.644973e+03
2.920000e-06	3.336762e-09	1.282070e-08	1.890887e+01	1.652003e+03
2.930000e-06	3.357954e-09	1.287480e-08	1.902896e+01	1.658922e+03
2.940000e-06	3.378900e-09	1.292812e-08	1.914766e+01	1.665738e+03
2.950000e-06	3.399571e-09	1.298017e-08	1.926479e+01	1.672460e+03
2.960000e-06	3.419925e-09	1.303128e-08	1.938013e+01	1.679096e+03
2.970000e-06	3.439926e-09	1.308176e-08	1.949346e+01	1.685651e+03
2.980000e-06	3.459585e-09	1.313158e-08	1.960486e+01	1.692130e+03
2.990000e-06	3.478957e-09	1.318126e-08	1.971463e+01	1.698536e+03
3.000000e-06	3.498095e-09	1.323058e-08	1.982309e+01	1.704870e+03
3.010000e-06	3.517011e-09	1.327859e-08	1.993028e+01	1.711132e+03
3.020000e-06	3.535693e-09	1.332577e-08	2.003615e+01	1.717320e+03
3.030000e-06	3.554130e-09	1.337261e-08	2.014063e+01	1.723430e+03
3.040000e-06	3.572315e-09	1.341846e-08	2.024367e+01	1.729459e+03
3.050000e-06	3.590264e-09	1.346357e-08	2.034539e+01	1.735403e+03
3.060000e-06	3.608012e-09	1.350816e-08	2.044596e+01	1.741256e+03
3.070000e-06	3.625577e-09	1.355184e-08	2.054550e+01	1.747015e+03
3.080000e-06	3.642920e-09	1.359490e-08	2.064378e+01	1.752677e+03
3.090000e-06	3.659954e-09	1.363789e-08	2.074030e+01	1.758239e+03
3.100000e-06	3.676620e-09	1.368040e-08	2.083474e+01	1.763697e+03
3.110000e-06	3.692947e-09	1.372223e-08	2.092726e+01	1.769051e+03
3.120000e-06	3.709009e-09	1.376379e-08	2.101827e+01	1.774298e+03
3.130000e-06	3.724846e-09	1.380429e-08	2.110802e+01	1.779439e+03
3.140000e-06	3.740448e-09	1.384302e-08	2.119643e+01	1.784471e+03
3.150000e-06	3.755789e-09	1.388065e-08	2.128337e+01	1.789394e+03
3.160000e-06	3.770856e-09	1.391710e-08	2.136875e+01	1.794206e+03
3.170000e-06	3.785657e-09	1.395239e-08	2.145262e+01	1.798906e+03
3.180000e-06	3.800230e-09	1.398825e-08	2.153520e+01	1.803491e+03
3.190000e-06	3.814614e-09	1.402465e-08	2.161671e+01	1.807959e+03
3.200000e-06	3.828774e-09	1.405949e-08	2.169696e+01	1.812308e+03
3.210000e-06	3.842610e-09	1.409302e-08	2.177536e+01	1.816536e+03
3.220000e-06	3.856053e-09	1.412584e-08	2.185153e+01	1.820642e+03
3.230000e-06	3.869147e-09	1.415700e-08	2.192573e+01	1.824625e+03
3.240000e-06	3.881979e-09	1.418660e-08	2.199844e+01	1.828485e+03
3.250000e-06	3.894576e-09	1.421492e-08	2.206983e+01	1.832225e+03
3.260000e-06	3.906919e-09	1.424207e-08	2.213977e+01	1.835847e+03
3.270000e-06	3.918990e-09	1.426910e-08	2.220817e+01	1.839356e+03
3.280000e-06	3.930788e-09	1.429618e-08	2.227503e+01	1.842757e+03
3.290000e-06	3.942318e-09	1.432214e-08	2.234037e+01	1.846056e+03
3.300000e-06	3.953621e-09	1.434664e-08	2.240442e+01	1.849260e+03
3.310000e-06	3.964724e-09	1.437016e-08	2.246734e+01	1.852377e+03
3.320000e-06	3.975557e-09	1.439293e-08	2.252873e+01	1.855411e+03
3.330000e-06	3.986012e-09	1.441467e-08	2.258797e+01	1.858369e+03
3.340000e-06	3.996065e-09	1.443551e-08	2.264493e+01	1.861254e+03
3.350000e-06	4.005792e-09	1.445595e-08	2.270005e+01	1.864071e+03
3.360000e-06	4.015242e-09	1.447560e-08	2.275360e+01	1.866819e+03
3.370000e-06	4.024416e-09	1.449472e-08	2.280559e+01	1.869500e+03
3.380000e-06	4.033312e-09	1.451428e-08	2.285599e+01	1.872111e+03
3.390000e-06	4.041929e-09	1.453378e-08	2.290483e+01	1.874651e+03
3.400000e-06	4.050278e-09	1.455182e-08	2.295213e+01	1.877116e+03
3.410000e-06	4.058397e-09	1.456838e-08	2.299814e+01	1.879503e+03
3.420000e-06	4.066301e-09	1.458433e-08	2.304294e+01	1.881809e+03
3.430000e-06	4.073945e-09	1.460027e-08	2.308625e+01	1.884031e+03
3.440000e-06	4.081276e-09	1.461649e-08	2.312779e+01	1.886168e+03
3.450000e-06	4.088296e-09	1.463247e-08	2.316757e+01	1.888219e+03
3.460000e-06	4.095036e-09	1.464750e-08	2.320577e+01	1.890185e+03
3.470000e-06	4.101481e-09	1.466182e-08	2.324228e+01	1.892067e+03
3.480000e-06	4.107577e-09	1.467608e-08	2.327683e+01	1.893868e+03
3.490000e-06	4.113330e-09	1.468957e-08	2.330943e+01	1.895590e+03
3.500000e-06	4.118784e-09	1.470140e-08	2.334034e+01	1.897236e+03
3.510000e-06	4.123949e-09	1.471231e-08	2.336960e+01	1.898810e+03
3.520000e-06	4.128821e-09	1.472342e-08	2.339721e+01	1.900313e+03
3.530000e-06	4.133375e-09	1.473456e-08	2.342301e+01	1.901746e+03
3.540000e-06	4.137532e-09	1.474490e-08	2.344657e+01	1.903108e+03
3.550000e-06	4.141254e-09	1.475472e-08	2.346765e+01	1.904397e+03
3.560000e-06	4.144629e-09	1.476417e-08	2.348678e+01	1.905609e+03
3.570000e-06	4.147761e-09	1.477257e-08	2.350453e+01	1.906740e+03
3.580000e-06	4.150650e-09	1.478027e-08	2.352090e+01	1.907783e+03
3.590000e-06	4.153253e-09	1.478772e-08	2.353565e+01	1.908732e+03
3.600000e-06	4.155556e-09	1.479423e-08	2.354870e+01	1.909579e+03
3.610000e-06	4.157571e-09	1.479952e-08	2.356011e+01	1.910318e+03
3.620000e-06	4.159338e-09	1.480447e-08	2.357012e+01	1.910944e+03
3.630000e-06	4.160892e-09	1.480895e-08	2.357893e+01	1.911452e+03
3.640000e-06	4.162173e-09	1.481224e-08	2.358619e+01	1.911840e+03
3.650000e-06	4.163066e-09	1.481441e-08	2.359124e+01	1.912107e+03
3.660000e-06	4.163540e-09	1.481578e-08	2.359393e+01	1.912254e+03
3.670000e-06	4.163690e-09	1.481638e-08	2.359478e+01	1.912284e+03
3.680000e-06	4.163596e-09	1.481670e-08	2.359425e+01	1.912201e+03
3.690000e-06	4.163251e-09	1.481643e-08	2.359229e+01	1.912010e+03
3.700000e-06	4.162625e-09	1.481371e-08	2.358874e+01	1.911718e+03
3.710000e-06	4.161720e-09	1.480767e-08	2.358361e+01	1.911331e+03
3.720000e-06	4.160543e-09	1.480119e-08	2.357694e+01	1.910854e+03
3.730000e-06	4.159084e-09	1.480279e-08	2.356867e+01	1.910293e+03
3.740000e-06	4.157318e-09	1.480969e-08	2.355866e+01	1.909653e+03
3.750000e-06	4.155261e-09	1.482027e-08	2.354700e+01	1.908935e+03
3.760000e-06	4.152852e-09	1.481204e-08	2.353335e+01	1.908142e+03
3.770000e-06	4.149871e-09	1.475330e-08	2.351646e+01	1.907273e+03
3.780000e-06	4.146463e-09	1.472788e-08	2.349714e+01	1.906328e+03
3.790000e-06	4.143042e-09	1.478255e-08	2.347776e+01	1.905304e+03
3.800000e-06	4.139598e-09	1.478343e-08	2.345824e+01	1.904199e+03
3.810000e-06	4.135805e-09	1.471341e-08	2.343674e+01	1.903010e+03
3.820000e-06	4.131576e-09	1.471468e-08	2.341278e+01	1.901734e+03
3.830000e-06	4.127099e-09	1.477333e-08	2.338741e+01	1.900367e+03
3.840000e-06	4.122425e-09	1.475870e-08	2.336092e+01	1.898909e+03
3.850000e-06	4.117324e-09	1.469110e-08	2.333202e+01	1.897356e+03
3.860000e-06	4.111631e-09	1.467186e-08	2.329975e+01	1.895710e+03
3.870000e-06	4.105507e-09	1.468785e-08	2.326504e+01	1.893968e+03
3.880000e-06	4.099179e-09	1.468053e-08	2.322919e+01	1.892133e+03
3.890000e-06	4.092655e-09	1.465281e-08	2.319221e+01	1.890203e+03
3.900000e-06	4.085831e-09	1.463281e-08	2.315354e+01	1.888181e+03
3.910000e-06	4.078684e-09	1.462831e-08	2.311304e+01	1.886067e+03
3.920000e-06	4.071257e-09	1.463011e-08	2.307095e+01	1.883861e+03
3.930000e-06	4.063580e-09	1.460906e-08	2.302745e+01	1.881565e+03
3.940000e-06	4.055662e-09	1.455984e-08	2.298257e+01	1.879177e+03
3.950000e-06	4.047485e-09	1.452928e-08	2.293624e+01	1.876697e+03
3.960000e-06	4.039031e-09	1.453800e-08	2.288833e+01	1.874126e+03
3.970000e-06	4.030257e-09	1.453576e-08	2.283861e+01	1.871460e+03
3.980000e-06	4.021106e-09	1.449664e-08	2.278676e+01	1.868701e+03
3.990000e-06	4.011603e-09	1.446425e-08	2.273290e+01	1.865845e+03
4.000000e-06	4.001833e-09	1.445845e-08	2.267754e+01	1.862894e+03
4.010000e-06	3.991815e-09	1.443981e-08	2.262076e+01	1.859845e+03
4.020000e-06	3.981470e-09	1.439616e-08	2.256214e+01	1.856700e+03
4.030000e-06	3.970796e-09	1.436631e-08	2.250165e+01	1.853457e+03
4.040000e-06	3.959899e-09	1.435850e-08	2.243990e+01	1.850120e+03
4.050000e-06	3.948799e-09	1.433872e-08	2.237700e+01	1.846687e+03
4.060000e-06	3.937388e-09	1.430396e-08	2.231233e+01	1.843161e+03
4.070000e-06	3.925585e-09	1.428179e-08	2.224545e+01	1.839542e+03
4.080000e-06	3.913412e-09	1.426103e-08	2.217647e+01	1.835831e+03
4.090000e-06	3.900922e-09	1.421646e-08	2.210569e+01	1.832030e+03
4.100000e-06	3.888174e-09	1.417305e-08	2.203345e+01	1.828138e+03
4.110000e-06	3.875211e-09	1.415904e-08	2.195999e+01	1.824154e+03
4.120000e-06	3.862014e-09	1.414177e-08	2.188521e+01	1.820079e+03
4.130000e-06	3.848551e-09	1.409680e-08	2.180891e+01	1.815910e+03
4.140000e-06	3.834826e-09	1.405915e-08	2.173113e+01	1.811646e+03
4.150000e-06	3.820841e-09	1.404141e-08	2.165188e+01	1.807286e+03
4.160000e-06	3.806594e-09	1.400504e-08	2.157114e+01	1.802826e+03
4.170000e-06	3.792086e-09	1.395220e-08	2.148893e+01	1.798265e+03
4.180000e-06	3.777292e-09	1.392059e-08	2.140510e+01	1.793602e+03
4.190000e-06	3.762174e-09	1.389686e-08	2.131943e+01	1.788836e+03
4.200000e-06	3.746708e-09	1.385197e-08	2.123179e+01	1.783966e+03
4.210000e-06	3.730924e-09	1.381056e-08	2.114234e+01	1.778992e+03
4.220000e-06	3.714889e-09	1.378803e-08	2.105147e+01	1.773915e+03
4.230000e-06	3.698635e-09	1.374881e-08	2.095937e+01	1.768736e+03
4.240000e-06	3.682147e-09	1.368944e-08	2.086593e+01	1.763456e+03
4.250000e-06	3.665396e-09	1.364947e-08	2.077101e+01	1.758077e+03
4.260000e-06	3.648391e-09	1.362283e-08	2.067464e+01	1.752598e+03
4.270000e-06	3.631149e-09	1.357659e-08	2.057693e+01	1.747022e+03
4.280000e-06	3.613697e-09	1.352644e-08	2.047803e+01	1.741348e+03
4.290000e-06	3.596057e-09	1.349136e-08	2.037807e+01	1.735577e+03
4.300000e-06	3.578180e-09	1.344787e-08	2.027677e+01	1.729706e+03
4.310000e-06	3.559988e-09	1.339138e-08	2.017367e+01	1.723736e+03
4.320000e-06	3.541481e-09	1.334594e-08	2.006880e+01	1.717664e+03
4.330000e-06	3.522735e-09	1.330316e-08	1.996256e+01	1.711487e+03
4.340000e-06	3.503771e-09	1.324752e-08	1.985510e+01	1.705204e+03
4.350000e-06	3.484545e-09	1.319830e-08	1.974615e+01	1.698812e+03
4.360000e-06	3.465022e-09	1.316112e-08	1.963552e+01	1.692310e+03
4.370000e-06	3.445213e-09	1.311119e-08	1.952327e+01	1.685696e+03
4.380000e-06	3.425163e-09	1.305104e-08	1.940964e+01	1.678969e+03
4.390000e-06	3.404890e-09	1.300058e-08	1.929476e+01	1.672130e+03
4.400000e-06	3.384363e-09	1.295111e-08	1.917844e+01	1.665177e+03
4.410000e-06	3.363543e-09	1.289290e-08	1.906045e+01	1.658113e+03
4.420000e-06	3.342411e-09	1.283911e-08	1.894071e+01	1.650939e+03
4.430000e-06	3.320933e-09	1.278872e-08	1.881900e+01	1.643655e+03
4.440000e-06	3.299099e-09	1.272964e-08	1.869528e+01	1.636263e+03
4.450000e-06	3.276974e-09	1.266998e-08	1.856989e+01	1.628765e+03
4.460000e-06	3.254621e-09	1.261518e-08	1.844322e+01	1.621161e+03
4.470000e-06	3.232066e-09	1.255388e-08	1.831541e+01	1.613451e+03
4.480000e-06	3.209294e-09	1.248831e-08	1.818636e+01	1.605634e+03
4.490000e-06	3.186308e-09	1.242971e-08	1.805610e+01	1.597711e+03
4.500000e-06	3.163109e-09	1.237244e-08	1.792464e+01	1.589679e+03
4.510000e-06	3.139693e-09	1.230975e-08	1.779194e+01	1.581536e+03
4.520000e-06	3.116068e-09	1.224754e-08	1.765807e+01	1.573280e+03
4.530000e-06	3.092258e-09	1.218525e-08	1.752314e+01	1.564909e+03
4.540000e-06	3.068273e-09	1.211775e-08	1.738722e+01	1.556421e+03
4.550000e-06	3.044075e-09	1.205077e-08	1.725009e+01	1.547814e+03
4.560000e-06	3.019601e-09	1.198647e-08	1.711141e+01	1.539086e+03
4.570000e-06	2.994821e-09	1.191855e-08	1.697099e+01	1.530236e+03
4.580000e-06	2.969765e-09	1.184923e-08	1.682900e+01	1.521266e+03
4.590000e-06	2.944474e-09	1.178273e-08	1.668568e+01	1.512173e+03
4.600000e-06	2.918973e-09	1.171331e-08	1.654117e+01	1.502960e+03
4.610000e-06	2.893284e-09	1.163839e-08	1.639560e+01	1.493626e+03
4.620000e-06	2.867418e-09	1.156217e-08	1.624902e+01	1.484173e+03
4.630000e-06	2.841367e-09	1.148569e-08	1.610139e+01	1.474602e+03
4.640000e-06	2.815132e-09	1.140954e-08	1.595272e+01	1.464913e+03
4.650000e-06	2.788715e-09	1.133619e-08	1.580302e+01	1.455106e+03
4.660000e-06	2.762101e-09	1.126301e-08	1.565221e+01	1.445182e+03
4.670000e-06	2.735306e-09	1.118617e-08	1.550036e+01	1.435139e+03
4.680000e-06	2.708349e-09	1.110714e-08	1.534760e+01	1.424977e+03
4.690000e-06	2.681237e-09	1.102684e-08	1.519395e+01	1.414694e+03
4.700000e-06	2.653962e-09	1.094475e-08	1.503939e+01	1.404288e+03
4.710000e-06	2.626479e-09	1.086252e-08	1.488365e+01	1.393758e+03
4.720000e-06	2.598759e-09	1.078028e-08	1.472657e+01	1.383102e+03
4.730000e-06	2.570790e-09	1.069714e-08	1.456809e+01	1.372318e+03
4.740000e-06	2.542571e-09	1.061372e-08	1.440818e+01	1.361406e+03
4.750000e-06	2.514123e-09	1.052931e-08	1.424697e+01	1.350363e+03
4.760000e-06	2.485492e-09	1.044250e-08	1.408472e+01	1.339190e+03
4.770000e-06	2.456721e-09	1.035427e-08	1.392168e+01	1.327885e+03
4.780000e-06	2.427820e-09	1.026603e-08	1.375790e+01	1.316446e+03
4.790000e-06	2.398790e-09	1.017726e-08	1.359339e+01	1.304874e+03
4.800000e-06	2.369609e-09	1.008689e-08	1.342803e+01	1.293167e+03
4.810000e-06	2.340253e-09	9.995465e-09	1.326168e+01	1.281323e+03
4.820000e-06	2.310731e-09	9.903382e-09	1.309438e+01	1.269340e+03
4.830000e-06	2.281049e-09	9.809930e-09	1.292618e+01	1.257216e+03
4.840000e-06	2.251209e-09	9.715096e-09	1.275708e+01	1.244947e+03
4.850000e-06	2.221201e-09	9.618848e-09	1.258703e+01	1.232531e+03
4.860000e-06	2.191022e-09	9.521048e-09	1.241601e+01	1.219965e+03
4.870000e-06	2.160664e-09	9.422061e-09	1.224398e+01	1.207246e+03
4.880000e-06	2.130140e-09	9.322362e-09	1.207101e+01	1.194373e+03
4.890000e-06	2.099437e-09	9.222007e-09	1.189703e+01	1.181343e+03
4.900000e-06	2.068533e-09	9.121034e-09	1.172191e+01	1.168158e+03
4.910000e-06	2.037421e-09	9.018397e-09	1.154561e+01	1.154817e+03
4.920000e-06	2.006098e-09	8.913299e-09	1.136811e+01	1.141324e+03
4.930000e-06	1.974588e-09	8.807109e-09	1.118956e+01	1.127682e+03
4.940000e-06	1.942914e-09	8.700141e-09	1.101006e+01	1.113893e+03
4.950000e-06	1.911096e-09	8.591035e-09	1.082976e+01	1.099964e+03
4.960000e-06	1.879154e-09	8.480370e-09	1.064874e+01	1.085898e+03
4.970000e-06	1.847106e-09	8.369283e-09	1.046713e+01	1.071699e+03
4.980000e-06	1.814953e-09	8.257689e-09	1.028492e+01	1.057370e+03
4.990000e-06	1.782686e-09	8.144598e-09	1.010207e+01	1.042911e+03
5.000000e-06	1.750298e-09	8.029732e-09	9.918538e+00	1.028323e+03
5.010000e-06	1.717782e-09	7.914216e-09	9.734276e+00	1.013601e+03
5.020000e-06	1.685153e-09	7.798954e-09	9.549378e+00	9.987414e+02
5.030000e-06	1.652415e-09	7.683429e-09	9.363858e+00	9.837366e+02
5.040000e-06	1.619571e-09	7.566138e-09	9.177733e+00	9.685778e+02
5.050000e-06	1.586623e-09	7.446833e-09	8.991026e+00	9.532551e+02
5.060000e-06	1.553570e-09	7.326560e-09	8.803721e+00	9.377577e+02
5.070000e-06	1.520428e-09	7.205497e-09	8.615908e+00	9.220754e+02
5.080000e-06	1.487198e-09	7.082802e-09	8.427600e+00	9.061987e+02
5.090000e-06	1.453880e-09	6.958285e-09	8.238792e+00	8.901196e+02
5.100000e-06	1.420478e-09	6.832597e-09	8.049505e+00	8.738326e+02
5.110000e-06	1.386988e-09	6.705597e-09	7.859720e+00	8.573344e+02
5.120000e-06	1.353404e-09	6.576632e-09	7.669403e+00	8.406247e+02
5.130000e-06	1.319731e-09	6.445308e-09	7.478579e+00	8.237059e+02
5.140000e-06	1.285967e-09	6.312565e-09	7.287251e+00	8.065826e+02
5.150000e-06	1.252100e-09	6.179040e-09	7.095337e+00	7.892614e+02
5.160000e-06	1.218131e-09	6.043734e-09	6.902845e+00	7.717500e+02
5.170000e-06	1.184060e-09	5.906448e-09	6.709781e+00	7.540565e+02
5.180000e-06	1.149886e-09	5.767121e-09	6.516131e+00	7.361885e+02
5.190000e-06	1.115609e-09	5.626221e-09	6.321903e+00	7.181522e+02
5.200000e-06	1.081237e-09	5.484251e-09	6.127129e+00	6.999517e+02
5.210000e-06	1.046785e-09	5.340758e-09	5.931909e+00	6.815889e+02
5.220000e-06	1.012241e-09	5.195683e-09	5.736156e+00	6.630624e+02
5.230000e-06	9.775865e-10	5.050081e-09	5.539783e+00	6.443685e+02
5.240000e-06	9.428287e-10	4.903515e-09	5.342818e+00	6.255004e+02
5.250000e-06	9.079823e-10	4.754531e-09	5.145350e+00	6.064497e+02
5.260000e-06	8.730584e-10	4.604082e-09	4.947441e+00	5.872063e+02
5.270000e-06	8.380699e-10	4.452853e-09	4.749165e+00	5.677597e+02
5.280000e-06	8.030290e-10	4.299351e-09	4.550592e+00	5.480999e+02
5.290000e-06	7.679402e-10	4.143707e-09	4.351747e+00	5.282180e+02
5.300000e-06	7.328115e-10	3.987479e-09	4.152675e+00	5.081073e+02
5.310000e-06	6.976464e-10	3.830542e-09	3.953397e+00	4.877635e+02
5.320000e-06	6.624456e-10	3.671669e-09	3.753919e+00	4.671855e+02
5.330000e-06	6.272049e-10	3.510489e-09	3.554214e+00	4.463753e+02
5.340000e-06	5.919259e-10	3.346992e-09	3.354292e+00	4.253376e+02
5.350000e-06	5.566113e-10	3.181265e-09	3.154168e+00	4.040798e+02
5.360000e-06	5.212605e-10	3.013465e-09	2.953841e+00	3.826111e+02
5.370000e-06	4.858850e-10	2.843837e-09	2.753373e+00	3.609420e+02
5.380000e-06	4.504885e-10	2.672892e-09	2.552788e+00	3.390832e+02
5.390000e-06	4.150618e-10	2.500584e-09	2.352031e+00	3.170449e+02
5.400000e-06	3.796104e-10	2.327300e-09	2.151135e+00	2.948365e+02
5.410000e-06	3.441411e-10	2.153107e-09	1.950138e+00	2.724655e+02
5.420000e-06	3.086559e-10	1.977558e-09	1.749050e+00	2.499377e+02
5.430000e-06	2.731594e-10	1.800398e-09	1.547899e+00	2.272571e+02
5.440000e-06	2.376494e-10	1.621473e-09	1.346671e+00	2.044262e+02
5.450000e-06	2.021288e-10	1.441120e-09	1.145383e+00	1.814460e+02
5.460000e-06	1.666073e-10	1.260021e-09	9.440900e-01	1.583175e+02
5.470000e-06	1.310820e-10	1.078669e-09	7.427757e-01	1.350418e+02
5.480000e-06	9.554845e-11	8.967094e-10	5.414148e-01	1.116210e+02
5.490000e-06	6.000769e-11	7.136523e-10	3.400133e-01	8.805912e+01
5.500000e-06	2.446113e-11	5.297598e-10	1.385786e-01	6.436281e+01
5.510000e-06	-1.108951e-11	3.448419e-10	-6.287964e-02	4.054147e+01
5.520000e-06	-4.663814e-11	1.588413e-10	-2.643264e-01	1.660762e+01
5.530000e-06	-8.218781e-11	-2.773843e-11	-4.657790e-01	-7.423151e+00
5.540000e-06	-1.177387e-10	-2.149705e-10	-6.672385e-01	-3.153252e+01
5.550000e-06	-1.532744e-10	-4.025232e-10	-8.686120e-01	-5.569994e+01
5.560000e-06	-1.887966e-10	-5.897941e-10	-1.069909e+00	-7.990334e+01
5.570000e-06	-2.243072e-10	-7.773510e-10	-1.271140e+00	-1.041199e+02
5.580000e-06	-2.597980e-10	-9.657889e-10	-1.472260e+00	-1.283269e+02
5.590000e-06	-2.952703e-10	-1.154250e-09	-1.673274e+00	-1.525025e+02
5.600000e-06	-3.307248e-10	-1.341849e-09	-1.874187e+00	-1.766261e+02
5.610000e-06	-3.661597e-10	-1.528960e-09	-2.074990e+00	-2.006791e+02
5.620000e-06	-4.015662e-10	-1.715694e-09	-2.275632e+00	-2.246452e+02
5.630000e-06	-4.369457e-10	-1.901554e-09	-2.476121e+00	-2.485099e+02
5.640000e-06	-4.723107e-10	-2.086148e-09	-2.676528e+00	-2.722610e+02
5.650000e-06	-5.076620e-10	-2.269453e-09	-2.876858e+00	-2.958876e+02
5.660000e-06	-5.429867e-10	-2.452285e-09	-3.077038e+00	-3.193799e+02
5.670000e-06	-5.782803e-10	-2.634791e-09	-3.277041e+00	-3.427286e+02
5.680000e-06	-6.135365e-10	-2.816083e-09	-3.476834e+00	-3.659245e+02
5.690000e-06	-6.487521e-10	-2.995307e-09	-3.676397e+00	-3.889577e+02
5.700000e-06	-6.839267e-10	-3.172984e-09	-3.875728e+00	-4.118177e+02
5.710000e-06	-7.190529e-10	-3.350054e-09	-4.074784e+00	-4.344930e+02
5.720000e-06	-7.541156e-10	-3.526345e-09	-4.273481e+00	-4.569715e+02
5.730000e-06	-7.891135e-10	-3.701266e-09	-4.471810e+00	-4.792405e+02
5.740000e-06	-8.240543e-10	-3.874228e-09	-4.669814e+00	-5.012871e+02
5.750000e-06	-8.589368e-10	-4.045301e-09	-4.867486e+00	-5.230993e+02
5.760000e-06	-8.937452e-10	-4.214762e-09	-5.064737e+00	-5.446661e+02
5.770000e-06	-9.284752e-10	-4.382470e-09	-5.261542e+00	-5.659785e+02
5.780000e-06	-9.631328e-10	-4.547550e-09	-5.457936e+00	-5.870297e+02
5.790000e-06	-9.977022e-10	-4.709255e-09	-5.653829e+00	-6.078159e+02
5.800000e-06	-1.032178e-09	-4.868374e-09	-5.849191e+00	-6.283360e+02
5.810000e-06	-1.066562e-09	-5.025844e-09	-6.044025e+00	-6.485921e+02
5.820000e-06	-1.100844e-09	-5.181931e-09	-6.238285e+00	-6.685886e+02
5.830000e-06	-1.135019e-09	-5.336333e-09	-6.431944e+00	-6.883321e+02
5.840000e-06	-1.169085e-09	-5.488963e-09	-6.624979e+00	-7.078306e+02
5.850000e-06	-1.203041e-09	-5.639555e-09	-6.817396e+00	-7.270927e+02
5.860000e-06	-1.236901e-09	-5.787812e-09	-7.009269e+00	-7.461265e+02
5.870000e-06	-1.270675e-09	-5.934612e-09	-7.200655e+00	-7.649393e+02
5.880000e-06	-1.304362e-09	-6.080365e-09	-7.391555e+00	-7.835365e+02
5.890000e-06	-1.337959e-09	-6.224448e-09	-7.581943e+00	-8.019215e+02
5.900000e-06	-1.371467e-09	-6.366626e-09	-7.771832e+00	-8.200949e+02
5.910000e-06	-1.404888e-09	-6.507448e-09	-7.961223e+00	-8.380551e+02
5.920000e-06	-1.438221e-09	-6.647101e-09	-8.150120e+00	-8.557986e+02
5.930000e-06	-1.471468e-09	-6.784581e-09	-8.338524e+00	-8.733200e+02
5.940000e-06	-1.504626e-09	-6.918926e-09	-8.526420e+00	-8.906133e+02
5.950000e-06	-1.537695e-09	-7.050913e-09	-8.713818e+00	-9.076725e+02
5.960000e-06	-1.570675e-09	-7.181710e-09	-8.900707e+00	-9.244925e+02
5.970000e-06	-1.603555e-09	-7.310551e-09	-9.087031e+00	-9.410700e+02
5.980000e-06	-1.636323e-09	-7.436572e-09	-9.272719e+00	-9.574041e+02
5.990000e-06	-1.668967e-09	-7.560400e-09	-9.457710e+00	-9.734967e+02
6.000000e-06	-1.701488e-09	-7.682955e-09	-9.641995e+00	-9.893527e+02
6.010000e-06	-1.733892e-09	-7.804494e-09	-9.825621e+00	-1.004980e+03
6.020000e-06	-1.766187e-09	-7.924829e-09	-1.000863e+01	-1.020390e+03
6.030000e-06	-1.798382e-09	-8.043759e-09	-1.019108e+01	-1.035594e+03
6.040000e-06	-1.830476e-09	-8.161027e-09	-1.037295e+01	-1.050606e+03
6.050000e-06	-1.862459e-09	-8.277160e-09	-1.055419e+01	-1.065441e+03
6.060000e-06	-1.894316e-09	-8.392975e-09	-1.073472e+01	-1.080110e+03
6.070000e-06	-1.926020e-09	-8.507869e-09	-1.091438e+01	-1.094627e+03
6.080000e-06	-1.957541e-09	-8.621277e-09	-1.109300e+01	-1.108998e+03
6.090000e-06	-1.988879e-09	-8.733826e-09	-1.127058e+01	-1.123231e+03
6.100000e-06	-2.020026e-09	-8.845287e-09	-1.144707e+01	-1.137328e+03
6.110000e-06	-2.050973e-09	-8.954766e-09	-1.162243e+01	-1.151288e+03
6.120000e-06	-2.081715e-09	-9.062637e-09	-1.179664e+01	-1.165108e+03
6.130000e-06	-2.112264e-09	-9.169587e-09	-1.196975e+01	-1.178780e+03
6.140000e-06	-2.142634e-09	-9.274897e-09	-1.214185e+01	-1.192296e+03
6.150000e-06	-2.172838e-09	-9.378333e-09	-1.231301e+01	-1.205648e+03
6.160000e-06	-2.202888e-09	-9.480392e-09	-1.248330e+01	-1.218827e+03
6.170000e-06	-2.232788e-09	-9.581177e-09	-1.265273e+01	-1.231824e+03
6.180000e-06	-2.262543e-09	-9.680633e-09	-1.282134e+01	-1.244634e+03
6.190000e-06	-2.292151e-09	-9.778274e-09	-1.298913e+01	-1.257252e+03
6.200000e-06	-2.321593e-09	-9.874192e-09	-1.315597e+01	-1.269678e+03
6.210000e-06	-2.350857e-09	-9.969432e-09	-1.332180e+01	-1.281913e+03
6.220000e-06	-2.379967e-09	-1.006373e-08	-1.348676e+01	-1.293963e+03
6.230000e-06	-2.408945e-09	-1.015573e-08	-1.365097e+01	-1.305834e+03
6.240000e-06	-2.437788e-09	-1.024612e-08	-1.381442e+01	-1.317536e+03
6.250000e-06	-2.466492e-09	-1.033638e-08	-1.397708e+01	-1.329080e+03
6.260000e-06	-2.495038e-09	-1.042620e-08	-1.413885e+01	-1.340476e+03
6.270000e-06	-2.523384e-09	-1.051521e-08	-1.429948e+01	-1.351734e+03
6.280000e-06	-2.551507e-09	-1.060380e-08	-1.445884e+01	-1.362866e+03
6.290000e-06	-2.579380e-09	-1.069146e-08	-1.461679e+01	-1.373880e+03
6.300000e-06	-2.607003e-09	-1.077741e-08	-1.477331e+01	-1.384781e+03
6.310000e-06	-2.634416e-09	-1.086238e-08	-1.492865e+01	-1.395574e+03
6.320000e-06	-2.661649e-09	-1.094686e-08	-1.508298e+01	-1.406263e+03
6.330000e-06	-2.688721e-09	-1.103010e-08	-1.523639e+01	-1.416846e+03
6.340000e-06	-2.715636e-09	-1.111227e-08	-1.538892e+01	-1.427323e+03
6.350000e-06	-2.742382e-09	-1.119358e-08	-1.554048e+01	-1.437692e+03
6.360000e-06	-2.768948e-09	-1.127401e-08	-1.569103e+01	-1.447949e+03
6.370000e-06	-2.795330e-09	-1.135344e-08	-1.584053e+01	-1.458090e+03
6.380000e-06	-2.821516e-09	-1.143153e-08	-1.598892e+01	-1.468111e+03
6.390000e-06	-2.847502e-09	-1.150864e-08	-1.613617e+01	-1.478008e+03
6.400000e-06	-2.873299e-09	-1.158505e-08	-1.628236e+01	-1.487777e+03
6.410000e-06	-2.898917e-09	-1.166092e-08	-1.642753e+01	-1.497417e+03
6.420000e-06	-2.924354e-09	-1.173625e-08	-1.657168e+01	-1.506924e+03
6.430000e-06	-2.949596e-09	-1.181045e-08	-1.671472e+01	-1.516295e+03
6.440000e-06	-2.974592e-09	-1.188266e-08	-1.685636e+01	-1.525530e+03
6.450000e-06	-2.999308e-09	-1.195298e-08	-1.699642e+01	-1.534626e+03
6.460000e-06	-3.023747e-09	-1.202246e-08	-1.713491e+01	-1.543582e+03
6.470000e-06	-3.047942e-09	-1.209075e-08	-1.727201e+01	-1.552395e+03
6.480000e-06	-3.071930e-09	-1.215678e-08	-1.740795e+01	-1.561062e+03
6.490000e-06	-3.095729e-09	-1.222155e-08	-1.754281e+01	-1.569584e+03
6.500000e-06	-3.119339e-09	-1.228620e-08	-1.767661e+01	-1.577956e+03
6.510000e-06	-3.142739e-09	-1.235005e-08	-1.780921e+01	-1.586178e+03
6.520000e-06	-3.165911e-09	-1.241233e-08	-1.794052e+01	-1.594248e+03
6.530000e-06	-3.188847e-09	-1.247313e-08	-1.807049e+01	-1.602167e+03
6.540000e-06	-3.211554e-09	-1.253255e-08	-1.819917e+01	-1.609936e+03
6.550000e-06	-3.234058e-09	-1.259064e-08	-1.832669e+01	-1.617558e+03
6.560000e-06	-3.256371e-09	-1.264796e-08	-1.845314e+01	-1.625035e+03
6.570000e-06	-3.278461e-09	-1.270471e-08	-1.857831e+01	-1.632375e+03
6.580000e-06	-3.300266e-09	-1.276065e-08	-1.870188e+01	-1.639583e+03
6.590000e-06	-3.321741e-09	-1.281604e-08	-1.882356e+01	-1.646667e+03
6.600000e-06	-3.342891e-09	-1.287098e-08	-1.894341e+01	-1.653636e+03
6.610000e-06	-3.363761e-09	-1.292521e-08	-1.906168e+01	-1.660499e+03
6.620000e-06	-3.384380e-09	-1.297837e-08	-1.917852e+01	-1.667263e+03
6.630000e-06	-3.404757e-09	-1.303012e-08	-1.929399e+01	-1.673938e+03
6.640000e-06	-3.424883e-09	-1.308060e-08	-1.940804e+01	-1.680530e+03
6.650000e-06	-3.444741e-09	-1.313032e-08	-1.952057e+01	-1.687044e+03
6.660000e-06	-3.464273e-09	-1.318002e-08	-1.963125e+01	-1.693483e+03
6.670000e-06	-3.483447e-09	-1.322972e-08	-1.973990e+01	-1.699851e+03
6.680000e-06	-3.502303e-09	-1.327888e-08	-1.984675e+01	-1.706146e+03
6.690000e-06	-3.520913e-09	-1.332724e-08	-1.995221e+01	-1.712369e+03
6.700000e-06	-3.539319e-09	-1.337498e-08	-2.005651e+01	-1.718515e+03
6.710000e-06	-3.557509e-09	-1.342266e-08	-2.015959e+01	-1.724583e+03
6.720000e-06	-3.575469e-09	-1.346969e-08	-2.026136e+01	-1.730566e+03
6.730000e-06	-3.593211e-09	-1.351529e-08	-2.036191e+01	-1.736462e+03
6.740000e-06	-3.610761e-09	-1.356029e-08	-2.046136e+01	-1.742265e+03
6.750000e-06	-3.628117e-09	-1.360531e-08	-2.055972e+01	-1.747973e+03
6.760000e-06	-3.645239e-09	-1.365013e-08	-2.065674e+01	-1.753581e+03
6.770000e-06	-3.662119e-09	-1.369423e-08	-2.075239e+01	-1.759087e+03
6.780000e-06	-3.678751e-09	-1.373711e-08	-2.084664e+01	-1.764490e+03
6.790000e-06	-3.695123e-09	-1.377894e-08	-2.093942e+01	-1.769787e+03
6.800000e-06	-3.711259e-09	-1.381974e-08	-2.103086e+01	-1.774977e+03
6.810000e-06	-3.727184e-09	-1.385932e-08	-2.112110e+01	-1.780060e+03
6.820000e-06	-3.742865e-09	-1.389782e-08	-2.120997e+01	-1.785034e+03
6.830000e-06	-3.758218e-09	-1.393569e-08	-2.129697e+01	-1.789898e+03
6.840000e-06	-3.773195e-09	-1.397316e-08	-2.138183e+01	-1.794650e+03
6.850000e-06	-3.787847e-09	-1.400965e-08	-2.146486e+01	-1.799288e+03
6.860000e-06	-3.802254e-09	-1.404485e-08	-2.154650e+01	-1.803811e+03
6.870000e-06	-3.816432e-09	-1.407914e-08	-2.162685e+01	-1.808215e+03
6.880000e-06	-3.830362e-09	-1.411199e-08	-2.170578e+01	-1.812500e+03
6.890000e-06	-3.844023e-09	-1.414266e-08	-2.178320e+01	-1.816662e+03
6.900000e-06	-3.857402e-09	-1.417263e-08	-2.185902e+01	-1.820702e+03
6.910000e-06	-3.870520e-09	-1.420289e-08	-2.193335e+01	-1.824619e+03
6.920000e-06	-3.883408e-09	-1.423270e-08	-2.200638e+01	-1.828414e+03
6.930000e-06	-3.896063e-09	-1.426212e-08	-2.207810e+01	-1.832090e+03
6.940000e-06	-3.908420e-09	-1.429130e-08	-2.214812e+01	-1.835651e+03
6.950000e-06	-3.920389e-09	-1.431968e-08	-2.221594e+01	-1.839101e+03
6.960000e-06	-3.931966e-09	-1.434640e-08	-2.228155e+01	-1.842447e+03
6.970000e-06	-3.943243e-09	-1.437165e-08	-2.234545e+01	-1.845695e+03
6.980000e-06	-3.954298e-09	-1.439658e-08	-2.240810e+01	-1.848851e+03
6.990000e-06	-3.965113e-09	-1.442153e-08	-2.246938e+01	-1.851922e+03
7.000000e-06	-3.975655e-09	-1.444660e-08	-2.252912e+01	-1.854915e+03
7.010000e-06	-3.985911e-09	-1.447178e-08	-2.258724e+01	-1.857833e+03
7.020000e-06	-3.995876e-09	-1.449632e-08	-2.264371e+01	-1.860682e+03
7.030000e-06	-4.005592e-09	-1.451981e-08	-2.269877e+01	-1.863462e+03
7.040000e-06	-4.015102e-09	-1.454241e-08	-2.275266e+01	-1.866174e+03
7.050000e-06	-4.024356e-09	-1.456443e-08	-2.280510e+01	-1.868818e+03
7.060000e-06	-4.033235e-09	-1.458522e-08	-2.285541e+01	-1.871391e+03
7.070000e-06	-4.041691e-09	-1.460473e-08	-2.290333e+01	-1.873891e+03
7.080000e-06	-4.049819e-09	-1.462424e-08	-2.294939e+01	-1.876315e+03
7.090000e-06	-4.057725e-09	-1.464396e-08	-2.299419e+01	-1.878659e+03
7.100000e-06	-4.065398e-09	-1.466354e-08	-2.303767e+01	-1.880920e+03
7.110000e-06	-4.072792e-09	-1.468220e-08	-2.307957e+01	-1.883097e+03
7.120000e-06	-4.079908e-09	-1.469969e-08	-2.311990e+01	-1.885188e+03
7.130000e-06	-4.086754e-09	-1.471640e-08	-2.315869e+01	-1.887193e+03
7.140000e-06	-4.093336e-09	-1.473188e-08	-2.319599e+01	-1.889114e+03
7.150000e-06	-4.099696e-09	-1.474629e-08	-2.323203e+01	-1.890952e+03
7.160000e-06	-4.105784e-09	-1.476001e-08	-2.326653e+01	-1.892710e+03
7.170000e-06	-4.111457e-09	-1.477312e-08	-2.329867e+01	-1.894391e+03
7.180000e-06	-4.116673e-09	-1.478557e-08	-2.332823e+01	-1.895998e+03
7.190000e-06	-4.121524e-09	-1.479754e-08	-2.335572e+01	-1.897534e+03
7.200000e-06	-4.126084e-09	-1.480963e-08	-2.338156e+01	-1.898999e+03
7.210000e-06	-4.130349e-09	-1.482140e-08	-2.340573e+01	-1.900394e+03
7.220000e-06	-4.134333e-09	-1.483230e-08	-2.342830e+01	-1.901717e+03
7.230000e-06	-4.138042e-09	-1.484197e-08	-2.344932e+01	-1.902966e+03
7.240000e-06	-4.141469e-09	-1.485047e-08	-2.346874e+01	-1.904135e+03
7.250000e-06	-4.144662e-09	-1.485824e-08	-2.348683e+01	-1.905220e+03
7.260000e-06	-4.147630e-09	-1.486529e-08	-2.350365e+01	-1.906213e+03
7.270000e-06	-4.150261e-09	-1.487150e-08	-2.351856e+01	-1.907108e+03
7.280000e-06	-4.152469e-09	-1.487715e-08	-2.353107e+01	-1.907898e+03
7.290000e-06	-4.154310e-09	-1.488229e-08	-2.354150e+01	-1.908577e+03
7.300000e-06	-4.155892e-09	-1.488659e-08	-2.355046e+01	-1.909140e+03
7.310000e-06	-4.157238e-09	-1.489014e-08	-2.355809e+01	-1.909584e+03
7.320000e-06	-4.158309e-09	-1.489229e-08	-2.356416e+01	-1.909907e+03
7.330000e-06	-4.159113e-09	-1.489240e-08	-2.356872e+01	-1.910110e+03
7.340000e-06	-4.159617e-09	-1.489160e-08	-2.357157e+01	-1.910193e+03
