# Concentracion g/m^3_=_53300.0
# C_Vs_to_Am_M_A/Vsm_=_128687336408.14134
# pendiente_HvsI_1/m_=_3716.3
# ordenada_HvsI_A/m_=_1297.0
# frecuencia_Hz_=_136218.26391119903
# Promedio de 24 ciclos

Tiempo_(s)	Campo_(V.s)	Magnetizacion_(V.s)	Campo_(kA/m)	Magnetizacion_(A/m)
0.000000e+00	-7.125089e-09	-2.005560e-08	-3.838519e+01	-2.572571e+03
1.000000e-08	-7.125036e-09	-2.005397e-08	-3.838490e+01	-2.572457e+03
2.000000e-08	-7.124465e-09	-2.005198e-08	-3.838183e+01	-2.572220e+03
3.000000e-08	-7.123308e-09	-2.004970e-08	-3.837559e+01	-2.571864e+03
4.000000e-08	-7.121658e-09	-2.004668e-08	-3.836670e+01	-2.571391e+03
5.000000e-08	-7.119584e-09	-2.004229e-08	-3.835553e+01	-2.570805e+03
6.000000e-08	-7.117038e-09	-2.003686e-08	-3.834182e+01	-2.570109e+03
7.000000e-08	-7.114029e-09	-2.003119e-08	-3.832560e+01	-2.569306e+03
8.000000e-08	-7.110517e-09	-2.002548e-08	-3.830669e+01	-2.568402e+03
9.000000e-08	-7.106255e-09	-2.001749e-08	-3.828373e+01	-2.567397e+03
1.000000e-07	-7.100961e-09	-2.000451e-08	-3.825521e+01	-2.566297e+03
1.100000e-07	-7.094684e-09	-1.999192e-08	-3.822139e+01	-2.565103e+03
1.200000e-07	-7.088004e-09	-1.998749e-08	-3.818540e+01	-2.563818e+03
1.300000e-07	-7.081325e-09	-1.998227e-08	-3.814942e+01	-2.562445e+03
1.400000e-07	-7.074299e-09	-1.996381e-08	-3.811157e+01	-2.560986e+03
1.500000e-07	-7.066573e-09	-1.994490e-08	-3.806995e+01	-2.559444e+03
1.600000e-07	-7.058320e-09	-1.994047e-08	-3.802549e+01	-2.557822e+03
1.700000e-07	-7.049849e-09	-1.993167e-08	-3.797985e+01	-2.556123e+03
1.800000e-07	-7.040982e-09	-1.990319e-08	-3.793208e+01	-2.554349e+03
1.900000e-07	-7.031436e-09	-1.988134e-08	-3.788066e+01	-2.552503e+03
2.000000e-07	-7.021354e-09	-1.988082e-08	-3.782634e+01	-2.550589e+03
2.100000e-07	-7.010974e-09	-1.987079e-08	-3.777042e+01	-2.548608e+03
2.200000e-07	-7.000120e-09	-1.983844e-08	-3.771195e+01	-2.546563e+03
2.300000e-07	-6.988562e-09	-1.981639e-08	-3.764968e+01	-2.544455e+03
2.400000e-07	-6.976503e-09	-1.981001e-08	-3.758472e+01	-2.542284e+03
2.500000e-07	-6.964028e-09	-1.978811e-08	-3.751751e+01	-2.540050e+03
2.600000e-07	-6.950920e-09	-1.975478e-08	-3.744689e+01	-2.537749e+03
2.700000e-07	-6.937178e-09	-1.973777e-08	-3.737286e+01	-2.535377e+03
2.800000e-07	-6.923043e-09	-1.972372e-08	-3.729671e+01	-2.532931e+03
2.900000e-07	-6.908439e-09	-1.969290e-08	-3.721803e+01	-2.530402e+03
3.000000e-07	-6.893241e-09	-1.966528e-08	-3.713616e+01	-2.527782e+03
3.100000e-07	-6.877600e-09	-1.964784e-08	-3.705190e+01	-2.525064e+03
3.200000e-07	-6.861557e-09	-1.961756e-08	-3.696547e+01	-2.522237e+03
3.300000e-07	-6.844892e-09	-1.958174e-08	-3.687569e+01	-2.519292e+03
3.400000e-07	-6.827652e-09	-1.956231e-08	-3.678281e+01	-2.516219e+03
3.500000e-07	-6.810038e-09	-1.954047e-08	-3.668792e+01	-2.513010e+03
3.600000e-07	-6.791985e-09	-1.950169e-08	-3.659066e+01	-2.509657e+03
3.700000e-07	-6.773379e-09	-1.946978e-08	-3.649042e+01	-2.506154e+03
3.800000e-07	-6.754274e-09	-1.944810e-08	-3.638750e+01	-2.502498e+03
3.900000e-07	-6.734577e-09	-1.941254e-08	-3.628139e+01	-2.498684e+03
4.000000e-07	-6.714145e-09	-1.937094e-08	-3.617132e+01	-2.494713e+03
4.100000e-07	-6.693121e-09	-1.934171e-08	-3.605805e+01	-2.490584e+03
4.200000e-07	-6.671645e-09	-1.931065e-08	-3.594235e+01	-2.486302e+03
4.300000e-07	-6.649711e-09	-1.926960e-08	-3.582419e+01	-2.481869e+03
4.400000e-07	-6.627346e-09	-1.923348e-08	-3.570370e+01	-2.477290e+03
4.500000e-07	-6.604541e-09	-1.920006e-08	-3.558085e+01	-2.472570e+03
4.600000e-07	-6.581170e-09	-1.915844e-08	-3.545494e+01	-2.467715e+03
4.700000e-07	-6.557264e-09	-1.911722e-08	-3.532615e+01	-2.462729e+03
4.800000e-07	-6.532946e-09	-1.908112e-08	-3.519514e+01	-2.457617e+03
4.900000e-07	-6.508201e-09	-1.904001e-08	-3.506183e+01	-2.452383e+03
5.000000e-07	-6.482992e-09	-1.899543e-08	-3.492602e+01	-2.447029e+03
5.100000e-07	-6.457367e-09	-1.895528e-08	-3.478797e+01	-2.441557e+03
5.200000e-07	-6.431241e-09	-1.891400e-08	-3.464722e+01	-2.435969e+03
5.300000e-07	-6.404519e-09	-1.886662e-08	-3.450326e+01	-2.430265e+03
5.400000e-07	-6.377292e-09	-1.881877e-08	-3.435658e+01	-2.424443e+03
5.500000e-07	-6.349640e-09	-1.877241e-08	-3.420761e+01	-2.418503e+03
5.600000e-07	-6.321528e-09	-1.872435e-08	-3.405616e+01	-2.412444e+03
5.700000e-07	-6.292989e-09	-1.867584e-08	-3.390242e+01	-2.406264e+03
5.800000e-07	-6.264051e-09	-1.862882e-08	-3.374652e+01	-2.399962e+03
5.900000e-07	-6.234628e-09	-1.858064e-08	-3.358801e+01	-2.393536e+03
6.000000e-07	-6.204658e-09	-1.852883e-08	-3.342655e+01	-2.386986e+03
6.100000e-07	-6.174172e-09	-1.847557e-08	-3.326231e+01	-2.380311e+03
6.200000e-07	-6.143196e-09	-1.842261e-08	-3.309543e+01	-2.373510e+03
6.300000e-07	-6.111707e-09	-1.836822e-08	-3.292579e+01	-2.366582e+03
6.400000e-07	-6.079670e-09	-1.831220e-08	-3.275320e+01	-2.359527e+03
6.500000e-07	-6.047140e-09	-1.825661e-08	-3.257795e+01	-2.352345e+03
6.600000e-07	-6.014201e-09	-1.820033e-08	-3.240050e+01	-2.345033e+03
6.700000e-07	-5.980873e-09	-1.814210e-08	-3.222095e+01	-2.337590e+03
6.800000e-07	-5.947175e-09	-1.808325e-08	-3.203941e+01	-2.330015e+03
6.900000e-07	-5.913103e-09	-1.802292e-08	-3.185585e+01	-2.322304e+03
7.000000e-07	-5.878643e-09	-1.795987e-08	-3.167020e+01	-2.314456e+03
7.100000e-07	-5.843804e-09	-1.789655e-08	-3.148251e+01	-2.306467e+03
7.200000e-07	-5.808616e-09	-1.783401e-08	-3.129294e+01	-2.298335e+03
7.300000e-07	-5.773048e-09	-1.777045e-08	-3.110133e+01	-2.290057e+03
7.400000e-07	-5.737020e-09	-1.770483e-08	-3.090723e+01	-2.281631e+03
7.500000e-07	-5.700524e-09	-1.763717e-08	-3.071062e+01	-2.273055e+03
7.600000e-07	-5.663617e-09	-1.756771e-08	-3.051179e+01	-2.264328e+03
7.700000e-07	-5.626308e-09	-1.749762e-08	-3.031080e+01	-2.255451e+03
7.800000e-07	-5.588591e-09	-1.742688e-08	-3.010760e+01	-2.246424e+03
7.900000e-07	-5.550476e-09	-1.735425e-08	-2.990226e+01	-2.237249e+03
8.000000e-07	-5.511969e-09	-1.728048e-08	-2.969481e+01	-2.227927e+03
8.100000e-07	-5.473009e-09	-1.720647e-08	-2.948493e+01	-2.218461e+03
8.200000e-07	-5.433562e-09	-1.713138e-08	-2.927241e+01	-2.208854e+03
8.300000e-07	-5.393684e-09	-1.705471e-08	-2.905757e+01	-2.199107e+03
8.400000e-07	-5.353436e-09	-1.697704e-08	-2.884075e+01	-2.189221e+03
8.500000e-07	-5.312832e-09	-1.689822e-08	-2.862200e+01	-2.179199e+03
8.600000e-07	-5.271869e-09	-1.681836e-08	-2.840132e+01	-2.169039e+03
8.700000e-07	-5.230575e-09	-1.673848e-08	-2.817885e+01	-2.158740e+03
8.800000e-07	-5.188961e-09	-1.665832e-08	-2.795467e+01	-2.148299e+03
8.900000e-07	-5.146972e-09	-1.657696e-08	-2.772846e+01	-2.137714e+03
9.000000e-07	-5.104538e-09	-1.649446e-08	-2.749985e+01	-2.126978e+03
9.100000e-07	-5.061651e-09	-1.641010e-08	-2.726881e+01	-2.116088e+03
9.200000e-07	-5.018369e-09	-1.632345e-08	-2.703563e+01	-2.105037e+03
9.300000e-07	-4.974731e-09	-1.623543e-08	-2.680054e+01	-2.093819e+03
9.400000e-07	-4.930749e-09	-1.614652e-08	-2.656360e+01	-2.082429e+03
9.500000e-07	-4.886443e-09	-1.605682e-08	-2.632490e+01	-2.070863e+03
9.600000e-07	-4.841818e-09	-1.596652e-08	-2.608450e+01	-2.059117e+03
9.700000e-07	-4.796839e-09	-1.587533e-08	-2.584218e+01	-2.047189e+03
9.800000e-07	-4.751457e-09	-1.578199e-08	-2.559769e+01	-2.035077e+03
9.900000e-07	-4.705648e-09	-1.568571e-08	-2.535091e+01	-2.022783e+03
1.000000e-06	-4.659436e-09	-1.558741e-08	-2.510195e+01	-2.010307e+03
1.010000e-06	-4.612873e-09	-1.548815e-08	-2.485109e+01	-1.997653e+03
1.020000e-06	-4.565981e-09	-1.538795e-08	-2.459847e+01	-1.984823e+03
1.030000e-06	-4.518781e-09	-1.528689e-08	-2.434419e+01	-1.971821e+03
1.040000e-06	-4.471281e-09	-1.518521e-08	-2.408829e+01	-1.958650e+03
1.050000e-06	-4.423468e-09	-1.508238e-08	-2.383071e+01	-1.945314e+03
1.060000e-06	-4.375322e-09	-1.497737e-08	-2.357133e+01	-1.931813e+03
1.070000e-06	-4.326822e-09	-1.487033e-08	-2.331005e+01	-1.918150e+03
1.080000e-06	-4.277948e-09	-1.476218e-08	-2.304675e+01	-1.904321e+03
1.090000e-06	-4.228714e-09	-1.465296e-08	-2.278151e+01	-1.890325e+03
1.100000e-06	-4.179165e-09	-1.454232e-08	-2.251457e+01	-1.876158e+03
1.110000e-06	-4.129341e-09	-1.443049e-08	-2.224615e+01	-1.861813e+03
1.120000e-06	-4.079262e-09	-1.431773e-08	-2.197636e+01	-1.847284e+03
1.130000e-06	-4.028922e-09	-1.420406e-08	-2.170517e+01	-1.832563e+03
1.140000e-06	-3.978320e-09	-1.408931e-08	-2.143256e+01	-1.817640e+03
1.150000e-06	-3.927473e-09	-1.397228e-08	-2.115863e+01	-1.802508e+03
1.160000e-06	-3.876372e-09	-1.385245e-08	-2.088333e+01	-1.787159e+03
1.170000e-06	-3.824993e-09	-1.373135e-08	-2.060653e+01	-1.771584e+03
1.180000e-06	-3.773306e-09	-1.360984e-08	-2.032808e+01	-1.755778e+03
1.190000e-06	-3.721278e-09	-1.348635e-08	-2.004779e+01	-1.739734e+03
1.200000e-06	-3.668910e-09	-1.335924e-08	-1.976566e+01	-1.723450e+03
1.210000e-06	-3.616247e-09	-1.322917e-08	-1.948195e+01	-1.706922e+03
1.220000e-06	-3.563338e-09	-1.309785e-08	-1.919691e+01	-1.690149e+03
1.230000e-06	-3.510208e-09	-1.296560e-08	-1.891069e+01	-1.673131e+03
1.240000e-06	-3.456849e-09	-1.283097e-08	-1.862322e+01	-1.655868e+03
1.250000e-06	-3.403267e-09	-1.269345e-08	-1.833456e+01	-1.638361e+03
1.260000e-06	-3.349468e-09	-1.255413e-08	-1.804472e+01	-1.620611e+03
1.270000e-06	-3.295443e-09	-1.241358e-08	-1.775367e+01	-1.602618e+03
1.280000e-06	-3.241181e-09	-1.227202e-08	-1.746135e+01	-1.584384e+03
1.290000e-06	-3.186686e-09	-1.212971e-08	-1.716777e+01	-1.565907e+03
1.300000e-06	-3.131964e-09	-1.198575e-08	-1.687296e+01	-1.547186e+03
1.310000e-06	-3.076985e-09	-1.183954e-08	-1.657677e+01	-1.528217e+03
1.320000e-06	-3.021724e-09	-1.169209e-08	-1.627906e+01	-1.508998e+03
1.330000e-06	-2.966178e-09	-1.154341e-08	-1.597982e+01	-1.489524e+03
1.340000e-06	-2.910356e-09	-1.139160e-08	-1.567909e+01	-1.469790e+03
1.350000e-06	-2.854277e-09	-1.123664e-08	-1.537697e+01	-1.449788e+03
1.360000e-06	-2.797977e-09	-1.107909e-08	-1.507366e+01	-1.429513e+03
1.370000e-06	-2.741474e-09	-1.091844e-08	-1.476927e+01	-1.408958e+03
1.380000e-06	-2.684757e-09	-1.075577e-08	-1.446371e+01	-1.388116e+03
1.390000e-06	-2.627828e-09	-1.059186e-08	-1.415702e+01	-1.366980e+03
1.400000e-06	-2.570698e-09	-1.042512e-08	-1.384924e+01	-1.345543e+03
1.410000e-06	-2.513373e-09	-1.025456e-08	-1.354041e+01	-1.323799e+03
1.420000e-06	-2.455860e-09	-1.008216e-08	-1.323057e+01	-1.301742e+03
1.430000e-06	-2.398150e-09	-9.909156e-09	-1.291967e+01	-1.279366e+03
1.440000e-06	-2.340240e-09	-9.734398e-09	-1.260769e+01	-1.256665e+03
1.450000e-06	-2.282140e-09	-9.556927e-09	-1.229468e+01	-1.233632e+03
1.460000e-06	-2.223869e-09	-9.376421e-09	-1.198076e+01	-1.210262e+03
1.470000e-06	-2.165452e-09	-9.192790e-09	-1.166605e+01	-1.186548e+03
1.480000e-06	-2.106893e-09	-9.006045e-09	-1.135057e+01	-1.162483e+03
1.490000e-06	-2.048190e-09	-8.815661e-09	-1.103432e+01	-1.138061e+03
1.500000e-06	-1.989359e-09	-8.621147e-09	-1.071738e+01	-1.113273e+03
1.510000e-06	-1.930411e-09	-8.423035e-09	-1.039981e+01	-1.088112e+03
1.520000e-06	-1.871349e-09	-8.222453e-09	-1.008162e+01	-1.062570e+03
1.530000e-06	-1.812176e-09	-8.019824e-09	-9.762836e+00	-1.036639e+03
1.540000e-06	-1.752901e-09	-7.814492e-09	-9.443503e+00	-1.010310e+03
1.550000e-06	-1.693531e-09	-7.606027e-09	-9.123656e+00	-9.835756e+02
1.560000e-06	-1.634069e-09	-7.394641e-09	-8.803313e+00	-9.564282e+02
1.570000e-06	-1.574512e-09	-7.180413e-09	-8.482458e+00	-9.288607e+02
1.580000e-06	-1.514856e-09	-6.963405e-09	-8.161076e+00	-9.008664e+02
1.590000e-06	-1.455094e-09	-6.742921e-09	-7.839115e+00	-8.724392e+02
1.600000e-06	-1.395224e-09	-6.517727e-09	-7.516577e+00	-8.435735e+02
1.610000e-06	-1.335245e-09	-6.288350e-09	-7.193449e+00	-8.142639e+02
1.620000e-06	-1.275150e-09	-6.056165e-09	-6.869696e+00	-7.845052e+02
1.630000e-06	-1.214938e-09	-5.821691e-09	-6.545319e+00	-7.542924e+02
1.640000e-06	-1.154639e-09	-5.584759e-09	-6.220467e+00	-7.236200e+02
1.650000e-06	-1.094283e-09	-5.344203e-09	-5.895312e+00	-6.924824e+02
1.660000e-06	-1.033869e-09	-5.098389e-09	-5.569840e+00	-6.608733e+02
1.670000e-06	-9.733932e-10	-4.847950e-09	-5.244037e+00	-6.287859e+02
1.680000e-06	-9.128623e-10	-4.594834e-09	-4.917937e+00	-5.962129e+02
1.690000e-06	-8.522789e-10	-4.337893e-09	-4.591554e+00	-5.631465e+02
1.700000e-06	-7.916404e-10	-4.075452e-09	-4.264875e+00	-5.295788e+02
1.710000e-06	-7.309277e-10	-3.808602e-09	-3.937796e+00	-4.955023e+02
1.720000e-06	-6.701137e-10	-3.538307e-09	-3.610171e+00	-4.609103e+02
1.730000e-06	-6.092159e-10	-3.264800e-09	-3.282095e+00	-4.257975e+02
1.740000e-06	-5.482621e-10	-2.987998e-09	-2.953717e+00	-3.901610e+02
1.750000e-06	-4.872634e-10	-2.706832e-09	-2.625097e+00	-3.540009e+02
1.760000e-06	-4.262207e-10	-2.420504e-09	-2.296240e+00	-3.173211e+02
1.770000e-06	-3.651348e-10	-2.130189e-09	-1.967150e+00	-2.801302e+02
1.780000e-06	-3.040237e-10	-1.837189e-09	-1.637925e+00	-2.424424e+02
1.790000e-06	-2.429074e-10	-1.540935e-09	-1.308672e+00	-2.042777e+02
1.800000e-06	-1.817872e-10	-1.240879e-09	-9.793975e-01	-1.656631e+02
1.810000e-06	-1.206660e-10	-9.372470e-10	-6.501178e-01	-1.266320e+02
1.820000e-06	-5.955688e-11	-6.305218e-10	-3.209033e-01	-8.722498e+01
1.830000e-06	1.543678e-12	-3.214629e-10	8.265235e-03	-4.748948e+01
1.840000e-06	6.264727e-11	-1.040201e-11	3.374500e-01	-7.479284e+00
1.850000e-06	1.237543e-10	3.024399e-10	6.666530e-01	3.274595e+01
1.860000e-06	1.848581e-10	6.161626e-10	9.958390e-01	7.312158e+01
1.870000e-06	2.459563e-10	9.305121e-10	1.324995e+00	1.135790e+02
1.880000e-06	3.070474e-10	1.245414e-09	1.654112e+00	1.540467e+02
1.890000e-06	3.681170e-10	1.560175e-09	1.983114e+00	1.944517e+02
1.900000e-06	4.291606e-10	1.874180e-09	2.311976e+00	2.347210e+02
1.910000e-06	4.901677e-10	2.186518e-09	2.640641e+00	2.747827e+02
1.920000e-06	5.511228e-10	2.496029e-09	2.969026e+00	3.145676e+02
1.930000e-06	6.120216e-10	2.801703e-09	3.297108e+00	3.540100e+02
1.940000e-06	6.728468e-10	3.103235e-09	3.624793e+00	3.930496e+02
1.950000e-06	7.335887e-10	3.401008e-09	3.952030e+00	4.316317e+02
1.960000e-06	7.942511e-10	3.695112e-09	4.278837e+00	4.697085e+02
1.970000e-06	8.548400e-10	3.985138e-09	4.605250e+00	5.072392e+02
1.980000e-06	9.153643e-10	4.270492e-09	4.931314e+00	5.441906e+02
1.990000e-06	9.758310e-10	4.550985e-09	5.257068e+00	5.805371e+02
2.000000e-06	1.036240e-09	4.827045e-09	5.582511e+00	6.162605e+02
2.010000e-06	1.096586e-09	5.098835e-09	5.907614e+00	6.513494e+02
2.020000e-06	1.156855e-09	5.366180e-09	6.232302e+00	6.857990e+02
2.030000e-06	1.217041e-09	5.628531e-09	6.556545e+00	7.196101e+02
2.040000e-06	1.277131e-09	5.885311e-09	6.880269e+00	7.527884e+02
2.050000e-06	1.337123e-09	6.136702e-09	7.203465e+00	7.853433e+02
2.060000e-06	1.397018e-09	6.383111e-09	7.526142e+00	8.172874e+02
2.070000e-06	1.456805e-09	6.624801e-09	7.848232e+00	8.486353e+02
2.080000e-06	1.516483e-09	6.862363e-09	8.169736e+00	8.794025e+02
2.090000e-06	1.576054e-09	7.096247e-09	8.490666e+00	9.096051e+02
2.100000e-06	1.635526e-09	7.325997e-09	8.811061e+00	9.392587e+02
2.110000e-06	1.694898e-09	7.551081e-09	9.130918e+00	9.683782e+02
2.120000e-06	1.754175e-09	7.771294e-09	9.450262e+00	9.969772e+02
2.130000e-06	1.813354e-09	7.987120e-09	9.769079e+00	1.025068e+03
2.140000e-06	1.872424e-09	8.199835e-09	1.008731e+01	1.052661e+03
2.150000e-06	1.931377e-09	8.410005e-09	1.040491e+01	1.079766e+03
2.160000e-06	1.990206e-09	8.617673e-09	1.072184e+01	1.106391e+03
2.170000e-06	2.048903e-09	8.822437e-09	1.103806e+01	1.132543e+03
2.180000e-06	2.107457e-09	9.023011e-09	1.135351e+01	1.158231e+03
2.190000e-06	2.165855e-09	9.218760e-09	1.166812e+01	1.183459e+03
2.200000e-06	2.224091e-09	9.409799e-09	1.198186e+01	1.208237e+03
2.210000e-06	2.282163e-09	9.596465e-09	1.229471e+01	1.232571e+03
2.220000e-06	2.340040e-09	9.779513e-09	1.260651e+01	1.256471e+03
2.230000e-06	2.397710e-09	9.959687e-09	1.291720e+01	1.279948e+03
2.240000e-06	2.455185e-09	1.013744e-08	1.322684e+01	1.303013e+03
2.250000e-06	2.512465e-09	1.031274e-08	1.353542e+01	1.325678e+03
2.260000e-06	2.569561e-09	1.048495e-08	1.384302e+01	1.347958e+03
2.270000e-06	2.626475e-09	1.065380e-08	1.414963e+01	1.369867e+03
2.280000e-06	2.683192e-09	1.082017e-08	1.445518e+01	1.391421e+03
2.290000e-06	2.739716e-09	1.098480e-08	1.475970e+01	1.412634e+03
2.300000e-06	2.796051e-09	1.114710e-08	1.506319e+01	1.433522e+03
2.310000e-06	2.852187e-09	1.130653e-08	1.536562e+01	1.454097e+03
2.320000e-06	2.908094e-09	1.146324e-08	1.566681e+01	1.474373e+03
2.330000e-06	2.963742e-09	1.161687e-08	1.596660e+01	1.494360e+03
2.340000e-06	3.019114e-09	1.176753e-08	1.626491e+01	1.514067e+03
2.350000e-06	3.074216e-09	1.191617e-08	1.656176e+01	1.533500e+03
2.360000e-06	3.129055e-09	1.206281e-08	1.685720e+01	1.552665e+03
2.370000e-06	3.183630e-09	1.220699e-08	1.715121e+01	1.571562e+03
2.380000e-06	3.237954e-09	1.234970e-08	1.744387e+01	1.590194e+03
2.390000e-06	3.292053e-09	1.249126e-08	1.773532e+01	1.608559e+03
2.400000e-06	3.345924e-09	1.263096e-08	1.802554e+01	1.626657e+03
2.410000e-06	3.399569e-09	1.276909e-08	1.831454e+01	1.644484e+03
2.420000e-06	3.452990e-09	1.290569e-08	1.860234e+01	1.662040e+03
2.430000e-06	3.506190e-09	1.304054e-08	1.888895e+01	1.679324e+03
2.440000e-06	3.559175e-09	1.317384e-08	1.917440e+01	1.696336e+03
2.450000e-06	3.611921e-09	1.330538e-08	1.945856e+01	1.713077e+03
2.460000e-06	3.664388e-09	1.343410e-08	1.974121e+01	1.729550e+03
2.470000e-06	3.716551e-09	1.355956e-08	2.002223e+01	1.745761e+03
2.480000e-06	3.768398e-09	1.368258e-08	2.030155e+01	1.761717e+03
2.490000e-06	3.819938e-09	1.380363e-08	2.057921e+01	1.777426e+03
2.500000e-06	3.871182e-09	1.392260e-08	2.085528e+01	1.792899e+03
2.510000e-06	3.922158e-09	1.404017e-08	2.112990e+01	1.808145e+03
2.520000e-06	3.972885e-09	1.415639e-08	2.140319e+01	1.823175e+03
2.530000e-06	4.023348e-09	1.427039e-08	2.167505e+01	1.838001e+03
2.540000e-06	4.073532e-09	1.438254e-08	2.194541e+01	1.852631e+03
2.550000e-06	4.123465e-09	1.449358e-08	2.221441e+01	1.867076e+03
2.560000e-06	4.173156e-09	1.460298e-08	2.248212e+01	1.881341e+03
2.570000e-06	4.222576e-09	1.471057e-08	2.274836e+01	1.895431e+03
2.580000e-06	4.271677e-09	1.481703e-08	2.301288e+01	1.909350e+03
2.590000e-06	4.320419e-09	1.492244e-08	2.327547e+01	1.923098e+03
2.600000e-06	4.368782e-09	1.502644e-08	2.353602e+01	1.936673e+03
2.610000e-06	4.416791e-09	1.512941e-08	2.379466e+01	1.950074e+03
2.620000e-06	4.464490e-09	1.523158e-08	2.405163e+01	1.963295e+03
2.630000e-06	4.511884e-09	1.533264e-08	2.430696e+01	1.976334e+03
2.640000e-06	4.558967e-09	1.543283e-08	2.456061e+01	1.989184e+03
2.650000e-06	4.605735e-09	1.553161e-08	2.481256e+01	2.001842e+03
2.660000e-06	4.652154e-09	1.562827e-08	2.506264e+01	2.014305e+03
2.670000e-06	4.698194e-09	1.572306e-08	2.531067e+01	2.026571e+03
2.680000e-06	4.743817e-09	1.581625e-08	2.555646e+01	2.038641e+03
2.690000e-06	4.789017e-09	1.590791e-08	2.579996e+01	2.050517e+03
2.700000e-06	4.833846e-09	1.599803e-08	2.604147e+01	2.062203e+03
2.710000e-06	4.878354e-09	1.608669e-08	2.628125e+01	2.073706e+03
2.720000e-06	4.922551e-09	1.617403e-08	2.651936e+01	2.085034e+03
2.730000e-06	4.966418e-09	1.625990e-08	2.675568e+01	2.096196e+03
2.740000e-06	5.009952e-09	1.634459e-08	2.699021e+01	2.107202e+03
2.750000e-06	5.053163e-09	1.642829e-08	2.722301e+01	2.118062e+03
2.760000e-06	5.096028e-09	1.651052e-08	2.745393e+01	2.128786e+03
2.770000e-06	5.138480e-09	1.659109e-08	2.768264e+01	2.139380e+03
2.780000e-06	5.180475e-09	1.667099e-08	2.790888e+01	2.149854e+03
2.790000e-06	5.222050e-09	1.675074e-08	2.813285e+01	2.160210e+03
2.800000e-06	5.263264e-09	1.682990e-08	2.835489e+01	2.170453e+03
2.810000e-06	5.304133e-09	1.690808e-08	2.857507e+01	2.180581e+03
2.820000e-06	5.344642e-09	1.698503e-08	2.879330e+01	2.190594e+03
2.830000e-06	5.384791e-09	1.706103e-08	2.900960e+01	2.200486e+03
2.840000e-06	5.424574e-09	1.713644e-08	2.922392e+01	2.210252e+03
2.850000e-06	5.463944e-09	1.721127e-08	2.943602e+01	2.219884e+03
2.860000e-06	5.502832e-09	1.728509e-08	2.964552e+01	2.229374e+03
2.870000e-06	5.541247e-09	1.735701e-08	2.985248e+01	2.238714e+03
2.880000e-06	5.579254e-09	1.742730e-08	3.005724e+01	2.247895e+03
2.890000e-06	5.616868e-09	1.749672e-08	3.025987e+01	2.256910e+03
2.900000e-06	5.654107e-09	1.756572e-08	3.046049e+01	2.265754e+03
2.910000e-06	5.691002e-09	1.763387e-08	3.065926e+01	2.274421e+03
2.920000e-06	5.727540e-09	1.770053e-08	3.085610e+01	2.282908e+03
2.930000e-06	5.763639e-09	1.776582e-08	3.105058e+01	2.291216e+03
2.940000e-06	5.799251e-09	1.782971e-08	3.124243e+01	2.299345e+03
2.950000e-06	5.834421e-09	1.789188e-08	3.143190e+01	2.307298e+03
2.960000e-06	5.869204e-09	1.795225e-08	3.161930e+01	2.315080e+03
2.970000e-06	5.903608e-09	1.801067e-08	3.180464e+01	2.322698e+03
2.980000e-06	5.937622e-09	1.806766e-08	3.198788e+01	2.330158e+03
2.990000e-06	5.971267e-09	1.812437e-08	3.216914e+01	2.337468e+03
3.000000e-06	6.004538e-09	1.818098e-08	3.234838e+01	2.344636e+03
3.010000e-06	6.037374e-09	1.823668e-08	3.252528e+01	2.351670e+03
3.020000e-06	6.069731e-09	1.829105e-08	3.269960e+01	2.358578e+03
3.030000e-06	6.101617e-09	1.834412e-08	3.287138e+01	2.365367e+03
3.040000e-06	6.133047e-09	1.839568e-08	3.304071e+01	2.372043e+03
3.050000e-06	6.164024e-09	1.844597e-08	3.320759e+01	2.378613e+03
3.060000e-06	6.194564e-09	1.849563e-08	3.337212e+01	2.385080e+03
3.070000e-06	6.224644e-09	1.854454e-08	3.353417e+01	2.391449e+03
3.080000e-06	6.254196e-09	1.859326e-08	3.369338e+01	2.397722e+03
3.090000e-06	6.283221e-09	1.864172e-08	3.384974e+01	2.403900e+03
3.100000e-06	6.311793e-09	1.868870e-08	3.400367e+01	2.409985e+03
3.110000e-06	6.339935e-09	1.873467e-08	3.415528e+01	2.415977e+03
3.120000e-06	6.367631e-09	1.877992e-08	3.430449e+01	2.421874e+03
3.130000e-06	6.394908e-09	1.882384e-08	3.445144e+01	2.427674e+03
3.140000e-06	6.421761e-09	1.886658e-08	3.459611e+01	2.433377e+03
3.150000e-06	6.448092e-09	1.890904e-08	3.473796e+01	2.438978e+03
3.160000e-06	6.473872e-09	1.895125e-08	3.487685e+01	2.444474e+03
3.170000e-06	6.499190e-09	1.899262e-08	3.501325e+01	2.449862e+03
3.180000e-06	6.524087e-09	1.903344e-08	3.514737e+01	2.455138e+03
3.190000e-06	6.548566e-09	1.907345e-08	3.527925e+01	2.460297e+03
3.200000e-06	6.572652e-09	1.911219e-08	3.540901e+01	2.465334e+03
3.210000e-06	6.596311e-09	1.915018e-08	3.553647e+01	2.470247e+03
3.220000e-06	6.619437e-09	1.918788e-08	3.566105e+01	2.475031e+03
3.230000e-06	6.642008e-09	1.922485e-08	3.578266e+01	2.479683e+03
3.240000e-06	6.664110e-09	1.926046e-08	3.590172e+01	2.484200e+03
3.250000e-06	6.685770e-09	1.929464e-08	3.601841e+01	2.488581e+03
3.260000e-06	6.706951e-09	1.932755e-08	3.613252e+01	2.492825e+03
3.270000e-06	6.727585e-09	1.935945e-08	3.624369e+01	2.496933e+03
3.280000e-06	6.747603e-09	1.939038e-08	3.635153e+01	2.500905e+03
3.290000e-06	6.767020e-09	1.942045e-08	3.645614e+01	2.504744e+03
3.300000e-06	6.785932e-09	1.944958e-08	3.655802e+01	2.508453e+03
3.310000e-06	6.804384e-09	1.947674e-08	3.665743e+01	2.512036e+03
3.320000e-06	6.822387e-09	1.950240e-08	3.675442e+01	2.515498e+03
3.330000e-06	6.839965e-09	1.952761e-08	3.684912e+01	2.518844e+03
3.340000e-06	6.857067e-09	1.955212e-08	3.694125e+01	2.522079e+03
3.350000e-06	6.873609e-09	1.957571e-08	3.703037e+01	2.525208e+03
3.360000e-06	6.889628e-09	1.959896e-08	3.711667e+01	2.528237e+03
3.370000e-06	6.905189e-09	1.962220e-08	3.720050e+01	2.531168e+03
3.380000e-06	6.920294e-09	1.964421e-08	3.728188e+01	2.534007e+03
3.390000e-06	6.934946e-09	1.966444e-08	3.736081e+01	2.536758e+03
3.400000e-06	6.949141e-09	1.968355e-08	3.743729e+01	2.539421e+03
3.410000e-06	6.962806e-09	1.970202e-08	3.751091e+01	2.542001e+03
3.420000e-06	6.975889e-09	1.972007e-08	3.758139e+01	2.544497e+03
3.430000e-06	6.988467e-09	1.973744e-08	3.764915e+01	2.546911e+03
3.440000e-06	7.000579e-09	1.975392e-08	3.771440e+01	2.549244e+03
3.450000e-06	7.012218e-09	1.977007e-08	3.777710e+01	2.551495e+03
3.460000e-06	7.023413e-09	1.978606e-08	3.783742e+01	2.553664e+03
3.470000e-06	7.034116e-09	1.980130e-08	3.789508e+01	2.555751e+03
3.480000e-06	7.044236e-09	1.981519e-08	3.794960e+01	2.557756e+03
3.490000e-06	7.053792e-09	1.982825e-08	3.800108e+01	2.559677e+03
3.500000e-06	7.062844e-09	1.984126e-08	3.804985e+01	2.561514e+03
3.510000e-06	7.071421e-09	1.985407e-08	3.809606e+01	2.563266e+03
3.520000e-06	7.079562e-09	1.986660e-08	3.813991e+01	2.564932e+03
3.530000e-06	7.087269e-09	1.987877e-08	3.818143e+01	2.566509e+03
3.540000e-06	7.094484e-09	1.989013e-08	3.822030e+01	2.567996e+03
3.550000e-06	7.101157e-09	1.990027e-08	3.825626e+01	2.569390e+03
3.560000e-06	7.107266e-09	1.990978e-08	3.828916e+01	2.570688e+03
3.570000e-06	7.112820e-09	1.991894e-08	3.831909e+01	2.571887e+03
3.580000e-06	7.117852e-09	1.992717e-08	3.834620e+01	2.572983e+03
3.590000e-06	7.122325e-09	1.993459e-08	3.837029e+01	2.573972e+03
3.600000e-06	7.126171e-09	1.994137e-08	3.839102e+01	2.574851e+03
3.610000e-06	7.129449e-09	1.994758e-08	3.840868e+01	2.575616e+03
3.620000e-06	7.132250e-09	1.995347e-08	3.842376e+01	2.576263e+03
3.630000e-06	7.134569e-09	1.995847e-08	3.843626e+01	2.576789e+03
3.640000e-06	7.136425e-09	1.996160e-08	3.844626e+01	2.577192e+03
3.650000e-06	7.137830e-09	1.996310e-08	3.845383e+01	2.577470e+03
3.660000e-06	7.138691e-09	1.996439e-08	3.845847e+01	2.577623e+03
3.670000e-06	7.138960e-09	1.996579e-08	3.845992e+01	2.577650e+03
3.680000e-06	7.138715e-09	1.996608e-08	3.845859e+01	2.577553e+03
3.690000e-06	7.138002e-09	1.996455e-08	3.845475e+01	2.577334e+03
3.700000e-06	7.136832e-09	1.996151e-08	3.844845e+01	2.576994e+03
3.710000e-06	7.135226e-09	1.995764e-08	3.843980e+01	2.576537e+03
3.720000e-06	7.133137e-09	1.995323e-08	3.842855e+01	2.575966e+03
3.730000e-06	7.130491e-09	1.994786e-08	3.841429e+01	2.575285e+03
3.740000e-06	7.127341e-09	1.994150e-08	3.839732e+01	2.574497e+03
3.750000e-06	7.123730e-09	1.993533e-08	3.837787e+01	2.573606e+03
3.760000e-06	7.119457e-09	1.993247e-08	3.835485e+01	2.572616e+03
3.770000e-06	7.114140e-09	1.992904e-08	3.832621e+01	2.571528e+03
3.780000e-06	7.107834e-09	1.991218e-08	3.829223e+01	2.570347e+03
3.790000e-06	7.101212e-09	1.989139e-08	3.825656e+01	2.569074e+03
3.800000e-06	7.094668e-09	1.988888e-08	3.822131e+01	2.567713e+03
3.810000e-06	7.087827e-09	1.989125e-08	3.818445e+01	2.566266e+03
3.820000e-06	7.080197e-09	1.987169e-08	3.814335e+01	2.564736e+03
3.830000e-06	7.072001e-09	1.984548e-08	3.809919e+01	2.563125e+03
3.840000e-06	7.063710e-09	1.984619e-08	3.805453e+01	2.561436e+03
3.850000e-06	7.055059e-09	1.985202e-08	3.800792e+01	2.559672e+03
3.860000e-06	7.045471e-09	1.982189e-08	3.795627e+01	2.557836e+03
3.870000e-06	7.035171e-09	1.978372e-08	3.790078e+01	2.555931e+03
3.880000e-06	7.024674e-09	1.978197e-08	3.784423e+01	2.553959e+03
3.890000e-06	7.013800e-09	1.978789e-08	3.778565e+01	2.551923e+03
3.900000e-06	7.002157e-09	1.976386e-08	3.772292e+01	2.549824e+03
3.910000e-06	6.989962e-09	1.974097e-08	3.765723e+01	2.547662e+03
3.920000e-06	6.977458e-09	1.974565e-08	3.758986e+01	2.545436e+03
3.930000e-06	6.964335e-09	1.974073e-08	3.751917e+01	2.543144e+03
3.940000e-06	6.950492e-09	1.970825e-08	3.744459e+01	2.540783e+03
3.950000e-06	6.936303e-09	1.969046e-08	3.736815e+01	2.538347e+03
3.960000e-06	6.921819e-09	1.969053e-08	3.729012e+01	2.535830e+03
3.970000e-06	6.906635e-09	1.966562e-08	3.720832e+01	2.533224e+03
3.980000e-06	6.890771e-09	1.962978e-08	3.712286e+01	2.530519e+03
3.990000e-06	6.874579e-09	1.962097e-08	3.703562e+01	2.527708e+03
4.000000e-06	6.858009e-09	1.961287e-08	3.694636e+01	2.524779e+03
4.010000e-06	6.840861e-09	1.957868e-08	3.685397e+01	2.521725e+03
4.020000e-06	6.823255e-09	1.955303e-08	3.675913e+01	2.518535e+03
4.030000e-06	6.805283e-09	1.954725e-08	3.666231e+01	2.515202e+03
4.040000e-06	6.786795e-09	1.952502e-08	3.656270e+01	2.511720e+03
4.050000e-06	6.767774e-09	1.949131e-08	3.646023e+01	2.508085e+03
4.060000e-06	6.748298e-09	1.947520e-08	3.635531e+01	2.504293e+03
4.070000e-06	6.728232e-09	1.945373e-08	3.624720e+01	2.500343e+03
4.080000e-06	6.707510e-09	1.940951e-08	3.613557e+01	2.496237e+03
4.090000e-06	6.686210e-09	1.937450e-08	3.602082e+01	2.491976e+03
4.100000e-06	6.664386e-09	1.934965e-08	3.590325e+01	2.487563e+03
4.110000e-06	6.642081e-09	1.930927e-08	3.578308e+01	2.483004e+03
4.120000e-06	6.619316e-09	1.926748e-08	3.566044e+01	2.478304e+03
4.130000e-06	6.596055e-09	1.923668e-08	3.553513e+01	2.473467e+03
4.140000e-06	6.572344e-09	1.919903e-08	3.540739e+01	2.468499e+03
4.150000e-06	6.548261e-09	1.915624e-08	3.527765e+01	2.463404e+03
4.160000e-06	6.523676e-09	1.911972e-08	3.514520e+01	2.458186e+03
4.170000e-06	6.498484e-09	1.907940e-08	3.500949e+01	2.452849e+03
4.180000e-06	6.472803e-09	1.903469e-08	3.487113e+01	2.447394e+03
4.190000e-06	6.446694e-09	1.899478e-08	3.473047e+01	2.441822e+03
4.200000e-06	6.420110e-09	1.895311e-08	3.458726e+01	2.436133e+03
4.210000e-06	6.393085e-09	1.890699e-08	3.444167e+01	2.430328e+03
4.220000e-06	6.365578e-09	1.886248e-08	3.429348e+01	2.424405e+03
4.230000e-06	6.337492e-09	1.881525e-08	3.414217e+01	2.418362e+03
4.240000e-06	6.308906e-09	1.876487e-08	3.398817e+01	2.412199e+03
4.250000e-06	6.279930e-09	1.871800e-08	3.383206e+01	2.405913e+03
4.260000e-06	6.250534e-09	1.866974e-08	3.367370e+01	2.399505e+03
4.270000e-06	6.220700e-09	1.861722e-08	3.351297e+01	2.392972e+03
4.280000e-06	6.190394e-09	1.856727e-08	3.334970e+01	2.386314e+03
4.290000e-06	6.159539e-09	1.851697e-08	3.318348e+01	2.379530e+03
4.300000e-06	6.128137e-09	1.846211e-08	3.301431e+01	2.372620e+03
4.310000e-06	6.096252e-09	1.840794e-08	3.284253e+01	2.365583e+03
4.320000e-06	6.063915e-09	1.835295e-08	3.266833e+01	2.358418e+03
4.330000e-06	6.031164e-09	1.829443e-08	3.249188e+01	2.351124e+03
4.340000e-06	5.998030e-09	1.823769e-08	3.231338e+01	2.343699e+03
4.350000e-06	5.964499e-09	1.818214e-08	3.213274e+01	2.336142e+03
4.360000e-06	5.930517e-09	1.812291e-08	3.194967e+01	2.328451e+03
4.370000e-06	5.896034e-09	1.806185e-08	3.176390e+01	2.320622e+03
4.380000e-06	5.861079e-09	1.800054e-08	3.157558e+01	2.312652e+03
4.390000e-06	5.825736e-09	1.793753e-08	3.138518e+01	2.304540e+03
4.400000e-06	5.790033e-09	1.787364e-08	3.119283e+01	2.296283e+03
4.410000e-06	5.753934e-09	1.780937e-08	3.099836e+01	2.287877e+03
4.420000e-06	5.717452e-09	1.774326e-08	3.080182e+01	2.279322e+03
4.430000e-06	5.680616e-09	1.767527e-08	3.060337e+01	2.270616e+03
4.440000e-06	5.643373e-09	1.760657e-08	3.040273e+01	2.261760e+03
4.450000e-06	5.605656e-09	1.753800e-08	3.019953e+01	2.252754e+03
4.460000e-06	5.567486e-09	1.746851e-08	2.999390e+01	2.243599e+03
4.470000e-06	5.528903e-09	1.739635e-08	2.978605e+01	2.234297e+03
4.480000e-06	5.489936e-09	1.732272e-08	2.957611e+01	2.224851e+03
4.490000e-06	5.450598e-09	1.724922e-08	2.936419e+01	2.215263e+03
4.500000e-06	5.410899e-09	1.717459e-08	2.915032e+01	2.205535e+03
4.510000e-06	5.370841e-09	1.709866e-08	2.893451e+01	2.195669e+03
4.520000e-06	5.330393e-09	1.702241e-08	2.871661e+01	2.185665e+03
4.530000e-06	5.289518e-09	1.694448e-08	2.849640e+01	2.175524e+03
4.540000e-06	5.248220e-09	1.686434e-08	2.827391e+01	2.165244e+03
4.550000e-06	5.206537e-09	1.678354e-08	2.804935e+01	2.154824e+03
4.560000e-06	5.164473e-09	1.670136e-08	2.782274e+01	2.144258e+03
4.570000e-06	5.122027e-09	1.661648e-08	2.759407e+01	2.133544e+03
4.580000e-06	5.079236e-09	1.653081e-08	2.736354e+01	2.122675e+03
4.590000e-06	5.036128e-09	1.644525e-08	2.713131e+01	2.111647e+03
4.600000e-06	4.992702e-09	1.635853e-08	2.689736e+01	2.100452e+03
4.610000e-06	4.948911e-09	1.626978e-08	2.666144e+01	2.089087e+03
4.620000e-06	4.904721e-09	1.617913e-08	2.642338e+01	2.077545e+03
4.630000e-06	4.860148e-09	1.608740e-08	2.618325e+01	2.065824e+03
4.640000e-06	4.815200e-09	1.599495e-08	2.594110e+01	2.053921e+03
4.650000e-06	4.769879e-09	1.590199e-08	2.569694e+01	2.041835e+03
4.660000e-06	4.724192e-09	1.580809e-08	2.545081e+01	2.029566e+03
4.670000e-06	4.678156e-09	1.571269e-08	2.520280e+01	2.017115e+03
4.680000e-06	4.631784e-09	1.561582e-08	2.495298e+01	2.004485e+03
4.690000e-06	4.585057e-09	1.551706e-08	2.470124e+01	1.991679e+03
4.700000e-06	4.537926e-09	1.541598e-08	2.444733e+01	1.978701e+03
4.710000e-06	4.490370e-09	1.531294e-08	2.419114e+01	1.965554e+03
4.720000e-06	4.442426e-09	1.520868e-08	2.393285e+01	1.952240e+03
4.730000e-06	4.394159e-09	1.510363e-08	2.367281e+01	1.938763e+03
4.740000e-06	4.345600e-09	1.499833e-08	2.341121e+01	1.925121e+03
4.750000e-06	4.296749e-09	1.489194e-08	2.314803e+01	1.911316e+03
4.760000e-06	4.247600e-09	1.478279e-08	2.288325e+01	1.897343e+03
4.770000e-06	4.198161e-09	1.467130e-08	2.261691e+01	1.883200e+03
4.780000e-06	4.148442e-09	1.455909e-08	2.234906e+01	1.868880e+03
4.790000e-06	4.098442e-09	1.444688e-08	2.207969e+01	1.854377e+03
4.800000e-06	4.048131e-09	1.433339e-08	2.180865e+01	1.839682e+03
4.810000e-06	3.997489e-09	1.421745e-08	2.153583e+01	1.824788e+03
4.820000e-06	3.946527e-09	1.409951e-08	2.126128e+01	1.809686e+03
4.830000e-06	3.895282e-09	1.398083e-08	2.098520e+01	1.794367e+03
4.840000e-06	3.843786e-09	1.386188e-08	2.070778e+01	1.778823e+03
4.850000e-06	3.792035e-09	1.374119e-08	2.042898e+01	1.763049e+03
4.860000e-06	3.740008e-09	1.361722e-08	2.014869e+01	1.747039e+03
4.870000e-06	3.687707e-09	1.349083e-08	1.986693e+01	1.730788e+03
4.880000e-06	3.635156e-09	1.336280e-08	1.958382e+01	1.714294e+03
4.890000e-06	3.582375e-09	1.323248e-08	1.929947e+01	1.697555e+03
4.900000e-06	3.529351e-09	1.310015e-08	1.901381e+01	1.680571e+03
4.910000e-06	3.476059e-09	1.296676e-08	1.872671e+01	1.663341e+03
4.920000e-06	3.422490e-09	1.283181e-08	1.843812e+01	1.645868e+03
4.930000e-06	3.368643e-09	1.269476e-08	1.814803e+01	1.628152e+03
4.940000e-06	3.314529e-09	1.255592e-08	1.785650e+01	1.610193e+03
4.950000e-06	3.260176e-09	1.241430e-08	1.756368e+01	1.591992e+03
4.960000e-06	3.205615e-09	1.226933e-08	1.726974e+01	1.573549e+03
4.970000e-06	3.150862e-09	1.212230e-08	1.697477e+01	1.554862e+03
4.980000e-06	3.095906e-09	1.197425e-08	1.667871e+01	1.535928e+03
4.990000e-06	3.040734e-09	1.182537e-08	1.638148e+01	1.516744e+03
5.000000e-06	2.985326e-09	1.167583e-08	1.608297e+01	1.497305e+03
5.010000e-06	2.929666e-09	1.152477e-08	1.578312e+01	1.477607e+03
5.020000e-06	2.873771e-09	1.137089e-08	1.548199e+01	1.457643e+03
5.030000e-06	2.817649e-09	1.121367e-08	1.517964e+01	1.437406e+03
5.040000e-06	2.761307e-09	1.105309e-08	1.487611e+01	1.416890e+03
5.050000e-06	2.704744e-09	1.088938e-08	1.457139e+01	1.396088e+03
5.060000e-06	2.647957e-09	1.072300e-08	1.426546e+01	1.374993e+03
5.070000e-06	2.590951e-09	1.055471e-08	1.395835e+01	1.353598e+03
5.080000e-06	2.533727e-09	1.038493e-08	1.365007e+01	1.331897e+03
5.090000e-06	2.476301e-09	1.021390e-08	1.334069e+01	1.309884e+03
5.100000e-06	2.418690e-09	1.004062e-08	1.303032e+01	1.287552e+03
5.110000e-06	2.360913e-09	9.863671e-09	1.271906e+01	1.264896e+03
5.120000e-06	2.302991e-09	9.683988e-09	1.240702e+01	1.241909e+03
5.130000e-06	2.244924e-09	9.502928e-09	1.209419e+01	1.218586e+03
5.140000e-06	2.186704e-09	9.320233e-09	1.178054e+01	1.194920e+03
5.150000e-06	2.128322e-09	9.135312e-09	1.146602e+01	1.170905e+03
5.160000e-06	2.069789e-09	8.947923e-09	1.115068e+01	1.146532e+03
5.170000e-06	2.011117e-09	8.757429e-09	1.083460e+01	1.121796e+03
5.180000e-06	1.952321e-09	8.563032e-09	1.051784e+01	1.096687e+03
5.190000e-06	1.893421e-09	8.365070e-09	1.020053e+01	1.071198e+03
5.200000e-06	1.834417e-09	8.163639e-09	9.882653e+00	1.045321e+03
5.210000e-06	1.775299e-09	7.958728e-09	9.564166e+00	1.019048e+03
5.220000e-06	1.716062e-09	7.751190e-09	9.245040e+00	9.923698e+02
5.230000e-06	1.656709e-09	7.541287e-09	8.925286e+00	9.652800e+02
5.240000e-06	1.597239e-09	7.329174e-09	8.604899e+00	9.377711e+02
5.250000e-06	1.537648e-09	7.114585e-09	8.283864e+00	9.098363e+02
5.260000e-06	1.477931e-09	6.896380e-09	7.962152e+00	8.814694e+02
5.270000e-06	1.418089e-09	6.673072e-09	7.639759e+00	8.526648e+02
5.280000e-06	1.358122e-09	6.444527e-09	7.316699e+00	8.234170e+02
5.290000e-06	1.298043e-09	6.211675e-09	6.993033e+00	7.937209e+02
5.300000e-06	1.237850e-09	5.975154e-09	6.668756e+00	7.635713e+02
5.310000e-06	1.177547e-09	5.736019e-09	6.343885e+00	7.329630e+02
5.320000e-06	1.117154e-09	5.495339e-09	6.018526e+00	7.018902e+02
5.330000e-06	1.056678e-09	5.253268e-09	5.692726e+00	6.703468e+02
5.340000e-06	9.961396e-10	5.007811e-09	5.366583e+00	6.383261e+02
5.350000e-06	9.355376e-10	4.757401e-09	5.040101e+00	6.058208e+02
5.360000e-06	8.748583e-10	4.501979e-09	4.713201e+00	5.728231e+02
5.370000e-06	8.141069e-10	4.241397e-09	4.385914e+00	5.393253e+02
5.380000e-06	7.533009e-10	3.976432e-09	4.058332e+00	5.053198e+02
5.390000e-06	6.924438e-10	3.707403e-09	3.730475e+00	4.707995e+02
5.400000e-06	6.315254e-10	3.434371e-09	3.402287e+00	4.357592e+02
5.410000e-06	5.705588e-10	3.158581e-09	3.073840e+00	4.001954e+02
5.420000e-06	5.095649e-10	2.879913e-09	2.745246e+00	3.641078e+02
5.430000e-06	4.485416e-10	2.596746e-09	2.416493e+00	3.274998e+02
5.440000e-06	3.874803e-10	2.308682e-09	2.087536e+00	2.903793e+02
5.450000e-06	3.263928e-10	2.016352e-09	1.758437e+00	2.527597e+02
5.460000e-06	2.652931e-10	1.719634e-09	1.429273e+00	2.146602e+02
5.470000e-06	2.041923e-10	1.419134e-09	1.100103e+00	1.761066e+02
5.480000e-06	1.431033e-10	1.116917e-09	7.709963e-01	1.371316e+02
5.490000e-06	8.201496e-11	8.129494e-10	4.418934e-01	9.777479e+01
5.500000e-06	2.091841e-11	5.062959e-10	1.127461e-01	5.808258e+01
5.510000e-06	-4.017568e-11	1.973168e-10	-2.163879e-01	1.810792e+01
5.520000e-06	-1.012665e-10	-1.140412e-10	-5.455046e-01	-2.209031e+01
5.530000e-06	-1.623592e-10	-4.277581e-10	-8.746308e-01	-6.244811e+01
5.540000e-06	-2.234472e-10	-7.424489e-10	-1.203732e+00	-1.028974e+02
5.550000e-06	-2.845264e-10	-1.056652e-09	-1.532786e+00	-1.433669e+02
5.560000e-06	-3.455865e-10	-1.370315e-09	-1.861737e+00	-1.837840e+02
5.570000e-06	-4.066248e-10	-1.683316e-09	-2.190571e+00	-2.240755e+02
5.580000e-06	-4.676346e-10	-1.994829e-09	-2.519250e+00	-2.641693e+02
5.590000e-06	-5.286030e-10	-2.304701e-09	-2.847707e+00	-3.039957e+02
5.600000e-06	-5.895285e-10	-2.612705e-09	-3.175933e+00	-3.434886e+02
5.610000e-06	-6.504023e-10	-2.917756e-09	-3.503880e+00	-3.825868e+02
5.620000e-06	-7.112122e-10	-3.219220e-09	-3.831484e+00	-4.212348e+02
5.630000e-06	-7.719564e-10	-3.516981e-09	-4.158732e+00	-4.593838e+02
5.640000e-06	-8.326349e-10	-3.810099e-09	-4.485628e+00	-4.969920e+02
5.650000e-06	-8.932568e-10	-4.097775e-09	-4.812218e+00	-5.340253e+02
5.660000e-06	-9.538241e-10	-4.380819e-09	-5.138514e+00	-5.704568e+02
5.670000e-06	-1.014324e-09	-4.659873e-09	-5.464447e+00	-6.062674e+02
5.680000e-06	-1.074746e-09	-4.935082e-09	-5.789957e+00	-6.414448e+02
5.690000e-06	-1.135076e-09	-5.206396e-09	-6.114978e+00	-6.759834e+02
5.700000e-06	-1.195313e-09	-5.472582e-09	-6.439495e+00	-7.098830e+02
5.710000e-06	-1.255449e-09	-5.732439e-09	-6.763463e+00	-7.431489e+02
5.720000e-06	-1.315466e-09	-5.986371e-09	-7.086796e+00	-7.757900e+02
5.730000e-06	-1.375373e-09	-6.235525e-09	-7.409535e+00	-8.078184e+02
5.740000e-06	-1.435169e-09	-6.480523e-09	-7.731677e+00	-8.392484e+02
5.750000e-06	-1.494846e-09	-6.721490e-09	-8.053176e+00	-8.700957e+02
5.760000e-06	-1.554397e-09	-6.958990e-09	-8.373995e+00	-9.003760e+02
5.770000e-06	-1.613809e-09	-7.192756e-09	-8.694066e+00	-9.301053e+02
5.780000e-06	-1.673089e-09	-7.421643e-09	-9.013427e+00	-9.592984e+02
5.790000e-06	-1.732250e-09	-7.645423e-09	-9.332149e+00	-9.879692e+02
5.800000e-06	-1.791303e-09	-7.864482e-09	-9.650284e+00	-1.016130e+03
5.810000e-06	-1.850251e-09	-8.079794e-09	-9.967858e+00	-1.043792e+03
5.820000e-06	-1.909090e-09	-8.292225e-09	-1.028484e+01	-1.070964e+03
5.830000e-06	-1.967804e-09	-8.501650e-09	-1.060116e+01	-1.097656e+03
5.840000e-06	-2.026391e-09	-8.707521e-09	-1.091678e+01	-1.123874e+03
5.850000e-06	-2.084842e-09	-8.909412e-09	-1.123168e+01	-1.149625e+03
5.860000e-06	-2.143139e-09	-9.106270e-09	-1.154574e+01	-1.174917e+03
5.870000e-06	-2.201283e-09	-9.298255e-09	-1.185899e+01	-1.199757e+03
5.880000e-06	-2.259285e-09	-9.486951e-09	-1.217146e+01	-1.224153e+03
5.890000e-06	-2.317145e-09	-9.672694e-09	-1.248317e+01	-1.248113e+03
5.900000e-06	-2.374845e-09	-9.855502e-09	-1.279402e+01	-1.271648e+03
5.910000e-06	-2.432358e-09	-1.003594e-08	-1.310386e+01	-1.294770e+03
5.920000e-06	-2.489656e-09	-1.021454e-08	-1.341255e+01	-1.317490e+03
5.930000e-06	-2.546740e-09	-1.039134e-08	-1.372008e+01	-1.339823e+03
5.940000e-06	-2.603620e-09	-1.056547e-08	-1.402651e+01	-1.361783e+03
5.950000e-06	-2.660288e-09	-1.073634e-08	-1.433180e+01	-1.383386e+03
5.960000e-06	-2.716730e-09	-1.090375e-08	-1.463587e+01	-1.404646e+03
5.970000e-06	-2.772928e-09	-1.106782e-08	-1.493863e+01	-1.425578e+03
5.980000e-06	-2.828890e-09	-1.122948e-08	-1.524011e+01	-1.446196e+03
5.990000e-06	-2.884634e-09	-1.138853e-08	-1.554042e+01	-1.466513e+03
6.000000e-06	-2.940156e-09	-1.154439e-08	-1.583954e+01	-1.486540e+03
6.010000e-06	-2.995457e-09	-1.169808e-08	-1.613746e+01	-1.506286e+03
6.020000e-06	-3.050536e-09	-1.184982e-08	-1.643419e+01	-1.525757e+03
6.030000e-06	-3.105397e-09	-1.199945e-08	-1.672975e+01	-1.544958e+03
6.040000e-06	-3.160064e-09	-1.214777e-08	-1.702426e+01	-1.563893e+03
6.050000e-06	-3.214527e-09	-1.229426e-08	-1.731767e+01	-1.582562e+03
6.060000e-06	-3.268762e-09	-1.243883e-08	-1.760985e+01	-1.600964e+03
6.070000e-06	-3.322758e-09	-1.258184e-08	-1.790074e+01	-1.619099e+03
6.080000e-06	-3.376495e-09	-1.272302e-08	-1.819024e+01	-1.636964e+03
6.090000e-06	-3.429960e-09	-1.286200e-08	-1.847827e+01	-1.654558e+03
6.100000e-06	-3.483156e-09	-1.299791e-08	-1.876486e+01	-1.671880e+03
6.110000e-06	-3.536087e-09	-1.313016e-08	-1.905001e+01	-1.688929e+03
6.120000e-06	-3.588765e-09	-1.325920e-08	-1.933381e+01	-1.705708e+03
6.130000e-06	-3.641208e-09	-1.338618e-08	-1.961633e+01	-1.722218e+03
6.140000e-06	-3.693398e-09	-1.351184e-08	-1.989750e+01	-1.738466e+03
6.150000e-06	-3.745325e-09	-1.363653e-08	-2.017725e+01	-1.754457e+03
6.160000e-06	-3.797004e-09	-1.375978e-08	-2.045566e+01	-1.770200e+03
6.170000e-06	-3.848448e-09	-1.388117e-08	-2.073281e+01	-1.785705e+03
6.180000e-06	-3.899655e-09	-1.400059e-08	-2.100868e+01	-1.800982e+03
6.190000e-06	-3.950604e-09	-1.411785e-08	-2.128316e+01	-1.816042e+03
6.200000e-06	-4.001255e-09	-1.423316e-08	-2.155603e+01	-1.830895e+03
6.210000e-06	-4.051587e-09	-1.434661e-08	-2.182719e+01	-1.845553e+03
6.220000e-06	-4.101590e-09	-1.445904e-08	-2.209657e+01	-1.860023e+03
6.230000e-06	-4.151264e-09	-1.457173e-08	-2.236418e+01	-1.874313e+03
6.240000e-06	-4.200632e-09	-1.468464e-08	-2.263014e+01	-1.888427e+03
6.250000e-06	-4.249699e-09	-1.479637e-08	-2.289448e+01	-1.902370e+03
6.260000e-06	-4.298450e-09	-1.490585e-08	-2.315712e+01	-1.916141e+03
6.270000e-06	-4.346888e-09	-1.501323e-08	-2.341807e+01	-1.929741e+03
6.280000e-06	-4.395030e-09	-1.511877e-08	-2.367743e+01	-1.943166e+03
6.290000e-06	-4.442857e-09	-1.522218e-08	-2.393509e+01	-1.956413e+03
6.300000e-06	-4.490325e-09	-1.532348e-08	-2.419081e+01	-1.969477e+03
6.310000e-06	-4.537399e-09	-1.542313e-08	-2.444442e+01	-1.982353e+03
6.320000e-06	-4.584078e-09	-1.552169e-08	-2.469589e+01	-1.995038e+03
6.330000e-06	-4.630387e-09	-1.561916e-08	-2.494538e+01	-2.007528e+03
6.340000e-06	-4.676360e-09	-1.571512e-08	-2.519305e+01	-2.019822e+03
6.350000e-06	-4.721966e-09	-1.580931e-08	-2.543874e+01	-2.031919e+03
6.360000e-06	-4.767172e-09	-1.590175e-08	-2.568228e+01	-2.043822e+03
6.370000e-06	-4.811963e-09	-1.599280e-08	-2.592358e+01	-2.055534e+03
6.380000e-06	-4.856342e-09	-1.608279e-08	-2.616267e+01	-2.067063e+03
6.390000e-06	-4.900361e-09	-1.617190e-08	-2.639981e+01	-2.078415e+03
6.400000e-06	-4.944057e-09	-1.625995e-08	-2.663522e+01	-2.089600e+03
6.410000e-06	-4.987431e-09	-1.634695e-08	-2.686889e+01	-2.100627e+03
6.420000e-06	-5.030493e-09	-1.643346e-08	-2.710088e+01	-2.111507e+03
6.430000e-06	-5.073243e-09	-1.651935e-08	-2.733118e+01	-2.122249e+03
6.440000e-06	-5.115645e-09	-1.660387e-08	-2.755962e+01	-2.132861e+03
6.450000e-06	-5.157692e-09	-1.668667e-08	-2.778614e+01	-2.143351e+03
6.460000e-06	-5.199381e-09	-1.676802e-08	-2.801073e+01	-2.153724e+03
6.470000e-06	-5.240675e-09	-1.684856e-08	-2.823320e+01	-2.163982e+03
6.480000e-06	-5.281536e-09	-1.692802e-08	-2.845333e+01	-2.174127e+03
6.490000e-06	-5.321953e-09	-1.700598e-08	-2.867107e+01	-2.184156e+03
6.500000e-06	-5.361974e-09	-1.708359e-08	-2.888668e+01	-2.194065e+03
6.510000e-06	-5.401646e-09	-1.716135e-08	-2.910041e+01	-2.203848e+03
6.520000e-06	-5.440964e-09	-1.723792e-08	-2.931222e+01	-2.213500e+03
6.530000e-06	-5.479921e-09	-1.731277e-08	-2.952210e+01	-2.223010e+03
6.540000e-06	-5.518525e-09	-1.738632e-08	-2.973007e+01	-2.232371e+03
6.550000e-06	-5.556771e-09	-1.745825e-08	-2.993611e+01	-2.241575e+03
6.560000e-06	-5.594609e-09	-1.752810e-08	-3.013996e+01	-2.250614e+03
6.570000e-06	-5.631986e-09	-1.759634e-08	-3.034132e+01	-2.259481e+03
6.580000e-06	-5.668906e-09	-1.766351e-08	-3.054022e+01	-2.268173e+03
6.590000e-06	-5.705415e-09	-1.772936e-08	-3.073691e+01	-2.276685e+03
6.600000e-06	-5.741524e-09	-1.779423e-08	-3.093144e+01	-2.285018e+03
6.610000e-06	-5.777238e-09	-1.785820e-08	-3.112384e+01	-2.293172e+03
6.620000e-06	-5.812582e-09	-1.792050e-08	-3.131425e+01	-2.301149e+03
6.630000e-06	-5.847556e-09	-1.798114e-08	-3.150267e+01	-2.308955e+03
6.640000e-06	-5.882091e-09	-1.804043e-08	-3.168872e+01	-2.316596e+03
6.650000e-06	-5.916129e-09	-1.809808e-08	-3.187210e+01	-2.324077e+03
6.660000e-06	-5.949724e-09	-1.815379e-08	-3.205309e+01	-2.331407e+03
6.670000e-06	-5.982927e-09	-1.820851e-08	-3.223196e+01	-2.338595e+03
6.680000e-06	-6.015720e-09	-1.826328e-08	-3.240862e+01	-2.345647e+03
6.690000e-06	-6.048107e-09	-1.831804e-08	-3.258311e+01	-2.352572e+03
6.700000e-06	-6.080098e-09	-1.837216e-08	-3.275545e+01	-2.359378e+03
6.710000e-06	-6.111643e-09	-1.842496e-08	-3.292540e+01	-2.366070e+03
6.720000e-06	-6.142662e-09	-1.847648e-08	-3.309251e+01	-2.372654e+03
6.730000e-06	-6.173152e-09	-1.852684e-08	-3.325676e+01	-2.379136e+03
6.740000e-06	-6.203163e-09	-1.857591e-08	-3.341845e+01	-2.385518e+03
6.750000e-06	-6.232727e-09	-1.862416e-08	-3.357772e+01	-2.391804e+03
6.760000e-06	-6.261885e-09	-1.867219e-08	-3.373480e+01	-2.397996e+03
6.770000e-06	-6.290651e-09	-1.872023e-08	-3.388977e+01	-2.404094e+03
6.780000e-06	-6.318963e-09	-1.876833e-08	-3.404230e+01	-2.410098e+03
6.790000e-06	-6.346742e-09	-1.881553e-08	-3.419196e+01	-2.416008e+03
6.800000e-06	-6.374026e-09	-1.886132e-08	-3.433894e+01	-2.421823e+03
6.810000e-06	-6.400889e-09	-1.890599e-08	-3.448366e+01	-2.427539e+03
6.820000e-06	-6.427325e-09	-1.894948e-08	-3.462608e+01	-2.433154e+03
6.830000e-06	-6.453329e-09	-1.899170e-08	-3.476617e+01	-2.438665e+03
6.840000e-06	-6.478908e-09	-1.903254e-08	-3.490398e+01	-2.444069e+03
6.850000e-06	-6.504003e-09	-1.907288e-08	-3.503917e+01	-2.449360e+03
6.860000e-06	-6.528541e-09	-1.911336e-08	-3.517137e+01	-2.454536e+03
6.870000e-06	-6.552593e-09	-1.915375e-08	-3.530095e+01	-2.459590e+03
6.880000e-06	-6.576236e-09	-1.919358e-08	-3.542832e+01	-2.464521e+03
6.890000e-06	-6.599438e-09	-1.923179e-08	-3.555331e+01	-2.469323e+03
6.900000e-06	-6.622187e-09	-1.926730e-08	-3.567587e+01	-2.473993e+03
6.910000e-06	-6.644487e-09	-1.930080e-08	-3.579601e+01	-2.478529e+03
6.920000e-06	-6.666248e-09	-1.933401e-08	-3.591324e+01	-2.482930e+03
6.930000e-06	-6.687398e-09	-1.936681e-08	-3.602719e+01	-2.487193e+03
6.940000e-06	-6.707996e-09	-1.939869e-08	-3.613815e+01	-2.491319e+03
6.950000e-06	-6.728064e-09	-1.942960e-08	-3.624627e+01	-2.495310e+03
6.960000e-06	-6.747517e-09	-1.945945e-08	-3.635107e+01	-2.499167e+03
6.970000e-06	-6.766373e-09	-1.948871e-08	-3.645265e+01	-2.502894e+03
6.980000e-06	-6.784770e-09	-1.951731e-08	-3.655176e+01	-2.506495e+03
6.990000e-06	-6.802753e-09	-1.954401e-08	-3.664864e+01	-2.509974e+03
7.000000e-06	-6.820347e-09	-1.956929e-08	-3.674343e+01	-2.513336e+03
7.010000e-06	-6.837561e-09	-1.959515e-08	-3.683616e+01	-2.516586e+03
7.020000e-06	-6.854331e-09	-1.962145e-08	-3.692651e+01	-2.519730e+03
7.030000e-06	-6.870642e-09	-1.964665e-08	-3.701439e+01	-2.522772e+03
7.040000e-06	-6.886514e-09	-1.967045e-08	-3.709989e+01	-2.525717e+03
7.050000e-06	-6.901871e-09	-1.969371e-08	-3.718263e+01	-2.528569e+03
7.060000e-06	-6.916648e-09	-1.971644e-08	-3.726224e+01	-2.531331e+03
7.070000e-06	-6.930930e-09	-1.973851e-08	-3.733918e+01	-2.534007e+03
7.080000e-06	-6.944748e-09	-1.976032e-08	-3.741362e+01	-2.536598e+03
7.090000e-06	-6.958073e-09	-1.978146e-08	-3.748541e+01	-2.539106e+03
7.100000e-06	-6.970916e-09	-1.980173e-08	-3.755460e+01	-2.541531e+03
7.110000e-06	-6.983228e-09	-1.982200e-08	-3.762093e+01	-2.543875e+03
7.120000e-06	-6.994947e-09	-1.984186e-08	-3.768406e+01	-2.546138e+03
7.130000e-06	-7.006153e-09	-1.985960e-08	-3.774443e+01	-2.548318e+03
7.140000e-06	-7.016901e-09	-1.987586e-08	-3.780233e+01	-2.550417e+03
7.150000e-06	-7.027155e-09	-1.989215e-08	-3.785757e+01	-2.552433e+03
7.160000e-06	-7.036940e-09	-1.990828e-08	-3.791029e+01	-2.554366e+03
7.170000e-06	-7.046272e-09	-1.992381e-08	-3.796057e+01	-2.556215e+03
7.180000e-06	-7.055049e-09	-1.993912e-08	-3.800785e+01	-2.557979e+03
7.190000e-06	-7.063253e-09	-1.995361e-08	-3.805205e+01	-2.559657e+03
7.200000e-06	-7.070976e-09	-1.996661e-08	-3.809366e+01	-2.561246e+03
7.210000e-06	-7.078234e-09	-1.997895e-08	-3.813276e+01	-2.562746e+03
7.220000e-06	-7.085019e-09	-1.999104e-08	-3.816931e+01	-2.564153e+03
7.230000e-06	-7.091326e-09	-2.000205e-08	-3.820329e+01	-2.565465e+03
7.240000e-06	-7.097056e-09	-2.001199e-08	-3.823416e+01	-2.566678e+03
7.250000e-06	-7.102140e-09	-2.002133e-08	-3.826155e+01	-2.567788e+03
7.260000e-06	-7.106657e-09	-2.002981e-08	-3.828589e+01	-2.568793e+03
7.270000e-06	-7.110675e-09	-2.003768e-08	-3.830753e+01	-2.569688e+03
7.280000e-06	-7.114222e-09	-2.004439e-08	-3.832664e+01	-2.570468e+03
7.290000e-06	-7.117313e-09	-2.004893e-08	-3.834329e+01	-2.571132e+03
7.300000e-06	-7.119863e-09	-2.005200e-08	-3.835703e+01	-2.571675e+03
7.310000e-06	-7.121831e-09	-2.005470e-08	-3.836764e+01	-2.572095e+03
7.320000e-06	-7.123308e-09	-2.005654e-08	-3.837559e+01	-2.572391e+03
7.330000e-06	-7.124328e-09	-2.005707e-08	-3.838108e+01	-2.572561e+03
7.340000e-06	-7.124861e-09	-2.005671e-08	-3.838396e+01	-2.572606e+03
