# Concentracion g/m^3_=_53300.0
# C_Vs_to_Am_M_A/Vsm_=_128687336408.14134
# pendiente_HvsI_1/m_=_3716.3
# ordenada_HvsI_A/m_=_1297.0
# frecuencia_Hz_=_136319.84624906754
# Promedio de 22 ciclos

Tiempo_(s)	Campo_(V.s)	Magnetizacion_(V.s)	Campo_(kA/m)	Magnetizacion_(A/m)
0.000000e+00	-7.837672e-09	-1.463091e-08	-4.213533e+01	-2.515223e+03
1.000000e-08	-7.837608e-09	-1.463012e-08	-4.213499e+01	-2.515127e+03
2.000000e-08	-7.836963e-09	-1.462807e-08	-4.213154e+01	-2.514913e+03
3.000000e-08	-7.835684e-09	-1.462508e-08	-4.212472e+01	-2.514581e+03
4.000000e-08	-7.833880e-09	-1.462195e-08	-4.211508e+01	-2.514136e+03
5.000000e-08	-7.831594e-09	-1.461936e-08	-4.210285e+01	-2.513582e+03
6.000000e-08	-7.828800e-09	-1.461697e-08	-4.208786e+01	-2.512924e+03
7.000000e-08	-7.825525e-09	-1.461425e-08	-4.207029e+01	-2.512167e+03
8.000000e-08	-7.821666e-09	-1.461166e-08	-4.204960e+01	-2.511316e+03
9.000000e-08	-7.817035e-09	-1.460704e-08	-4.202477e+01	-2.510378e+03
1.000000e-07	-7.811417e-09	-1.459599e-08	-4.199459e+01	-2.509358e+03
1.100000e-07	-7.804664e-09	-1.458532e-08	-4.195821e+01	-2.508262e+03
1.200000e-07	-7.797172e-09	-1.458669e-08	-4.191792e+01	-2.507095e+03
1.300000e-07	-7.789623e-09	-1.458511e-08	-4.187745e+01	-2.505861e+03
1.400000e-07	-7.782012e-09	-1.456327e-08	-4.183663e+01	-2.504565e+03
1.500000e-07	-7.773757e-09	-1.454680e-08	-4.179226e+01	-2.503211e+03
1.600000e-07	-7.764725e-09	-1.455869e-08	-4.174364e+01	-2.501799e+03
1.700000e-07	-7.755369e-09	-1.455962e-08	-4.169339e+01	-2.500333e+03
1.800000e-07	-7.745728e-09	-1.452132e-08	-4.164158e+01	-2.498812e+03
1.900000e-07	-7.735267e-09	-1.450192e-08	-4.158529e+01	-2.497238e+03
2.000000e-07	-7.724052e-09	-1.452225e-08	-4.152498e+01	-2.495610e+03
2.100000e-07	-7.712542e-09	-1.451383e-08	-4.146320e+01	-2.493927e+03
2.200000e-07	-7.700638e-09	-1.446729e-08	-4.139928e+01	-2.492188e+03
2.300000e-07	-7.687970e-09	-1.446268e-08	-4.133122e+01	-2.490392e+03
2.400000e-07	-7.674731e-09	-1.448410e-08	-4.126015e+01	-2.488537e+03
2.500000e-07	-7.661066e-09	-1.445571e-08	-4.118676e+01	-2.486620e+03
2.600000e-07	-7.646701e-09	-1.441507e-08	-4.110956e+01	-2.484640e+03
2.700000e-07	-7.631597e-09	-1.442158e-08	-4.102836e+01	-2.482592e+03
2.800000e-07	-7.616074e-09	-1.441805e-08	-4.094495e+01	-2.480474e+03
2.900000e-07	-7.600087e-09	-1.437348e-08	-4.085896e+01	-2.478282e+03
3.000000e-07	-7.583353e-09	-1.436038e-08	-4.076897e+01	-2.476009e+03
3.100000e-07	-7.566051e-09	-1.436919e-08	-4.067601e+01	-2.473651e+03
3.200000e-07	-7.548346e-09	-1.433340e-08	-4.058091e+01	-2.471200e+03
3.300000e-07	-7.530038e-09	-1.429659e-08	-4.048250e+01	-2.468649e+03
3.400000e-07	-7.511133e-09	-1.430671e-08	-4.038092e+01	-2.465988e+03
3.500000e-07	-7.491811e-09	-1.428960e-08	-4.027715e+01	-2.463209e+03
3.600000e-07	-7.471874e-09	-1.423659e-08	-4.017009e+01	-2.460301e+03
3.700000e-07	-7.451157e-09	-1.422772e-08	-4.005879e+01	-2.457256e+03
3.800000e-07	-7.429836e-09	-1.423208e-08	-3.994419e+01	-2.454062e+03
3.900000e-07	-7.407999e-09	-1.418644e-08	-3.982680e+01	-2.450712e+03
4.000000e-07	-7.385554e-09	-1.415204e-08	-3.970619e+01	-2.447198e+03
4.100000e-07	-7.362537e-09	-1.415372e-08	-3.958255e+01	-2.443514e+03
4.200000e-07	-7.338935e-09	-1.412376e-08	-3.945571e+01	-2.439657e+03
4.300000e-07	-7.314738e-09	-1.408027e-08	-3.932565e+01	-2.435625e+03
4.400000e-07	-7.290054e-09	-1.407245e-08	-3.919303e+01	-2.431418e+03
4.500000e-07	-7.264978e-09	-1.405087e-08	-3.905831e+01	-2.427040e+03
4.600000e-07	-7.239421e-09	-1.400368e-08	-3.892102e+01	-2.422496e+03
4.700000e-07	-7.213301e-09	-1.398501e-08	-3.878071e+01	-2.417793e+03
4.800000e-07	-7.186596e-09	-1.396899e-08	-3.863721e+01	-2.412940e+03
4.900000e-07	-7.159326e-09	-1.392217e-08	-3.849061e+01	-2.407946e+03
5.000000e-07	-7.131559e-09	-1.389048e-08	-3.834139e+01	-2.402820e+03
5.100000e-07	-7.103367e-09	-1.387642e-08	-3.818991e+01	-2.397573e+03
5.200000e-07	-7.074693e-09	-1.383869e-08	-3.803582e+01	-2.392212e+03
5.300000e-07	-7.045421e-09	-1.380095e-08	-3.787854e+01	-2.386745e+03
5.400000e-07	-7.015487e-09	-1.378063e-08	-3.771769e+01	-2.381177e+03
5.500000e-07	-6.984911e-09	-1.374539e-08	-3.755336e+01	-2.375512e+03
5.600000e-07	-6.953751e-09	-1.370250e-08	-3.738585e+01	-2.369750e+03
5.700000e-07	-6.922050e-09	-1.367465e-08	-3.721544e+01	-2.363891e+03
5.800000e-07	-6.889818e-09	-1.364116e-08	-3.704215e+01	-2.357932e+03
5.900000e-07	-6.857086e-09	-1.359909e-08	-3.686619e+01	-2.351869e+03
6.000000e-07	-6.823939e-09	-1.356682e-08	-3.668802e+01	-2.345697e+03
6.100000e-07	-6.790371e-09	-1.353438e-08	-3.650762e+01	-2.339410e+03
6.200000e-07	-6.756369e-09	-1.349328e-08	-3.632486e+01	-2.333003e+03
6.300000e-07	-6.721931e-09	-1.345588e-08	-3.613975e+01	-2.326471e+03
6.400000e-07	-6.687035e-09	-1.341905e-08	-3.595221e+01	-2.319808e+03
6.500000e-07	-6.651668e-09	-1.337548e-08	-3.576217e+01	-2.313012e+03
6.600000e-07	-6.615804e-09	-1.333288e-08	-3.556947e+01	-2.306082e+03
6.700000e-07	-6.579378e-09	-1.329346e-08	-3.537374e+01	-2.299015e+03
6.800000e-07	-6.542416e-09	-1.325168e-08	-3.517513e+01	-2.291812e+03
6.900000e-07	-6.504987e-09	-1.320968e-08	-3.497405e+01	-2.284474e+03
7.000000e-07	-6.467114e-09	-1.316788e-08	-3.477056e+01	-2.277004e+03
7.100000e-07	-6.428788e-09	-1.312324e-08	-3.456463e+01	-2.269401e+03
7.200000e-07	-6.390010e-09	-1.307708e-08	-3.435631e+01	-2.261669e+03
7.300000e-07	-6.350765e-09	-1.303090e-08	-3.414546e+01	-2.253807e+03
7.400000e-07	-6.311041e-09	-1.298327e-08	-3.393198e+01	-2.245816e+03
7.500000e-07	-6.270868e-09	-1.293476e-08	-3.371607e+01	-2.237695e+03
7.600000e-07	-6.230278e-09	-1.288675e-08	-3.349792e+01	-2.229443e+03
7.700000e-07	-6.189253e-09	-1.283867e-08	-3.327741e+01	-2.221057e+03
7.800000e-07	-6.147769e-09	-1.278998e-08	-3.305444e+01	-2.212534e+03
7.900000e-07	-6.105800e-09	-1.274010e-08	-3.282897e+01	-2.203871e+03
8.000000e-07	-6.063335e-09	-1.268844e-08	-3.260084e+01	-2.195064e+03
8.100000e-07	-6.020391e-09	-1.263538e-08	-3.237002e+01	-2.186111e+03
8.200000e-07	-5.976988e-09	-1.258162e-08	-3.213674e+01	-2.177008e+03
8.300000e-07	-5.933155e-09	-1.252694e-08	-3.190119e+01	-2.167755e+03
8.400000e-07	-5.888927e-09	-1.247193e-08	-3.166345e+01	-2.158350e+03
8.500000e-07	-5.844315e-09	-1.241625e-08	-3.142362e+01	-2.148793e+03
8.600000e-07	-5.799291e-09	-1.236050e-08	-3.118169e+01	-2.139087e+03
8.700000e-07	-5.753836e-09	-1.230485e-08	-3.093747e+01	-2.129232e+03
8.800000e-07	-5.707910e-09	-1.224793e-08	-3.069067e+01	-2.119230e+03
8.900000e-07	-5.661500e-09	-1.218918e-08	-3.044127e+01	-2.109083e+03
9.000000e-07	-5.614645e-09	-1.212895e-08	-3.018948e+01	-2.098793e+03
9.100000e-07	-5.567382e-09	-1.206805e-08	-2.993548e+01	-2.088359e+03
9.200000e-07	-5.519713e-09	-1.200739e-08	-2.967927e+01	-2.077782e+03
9.300000e-07	-5.471627e-09	-1.194564e-08	-2.942087e+01	-2.067058e+03
9.400000e-07	-5.423107e-09	-1.188260e-08	-2.916019e+01	-2.056186e+03
9.500000e-07	-5.374157e-09	-1.181912e-08	-2.889722e+01	-2.045160e+03
9.600000e-07	-5.324780e-09	-1.175516e-08	-2.863191e+01	-2.033975e+03
9.700000e-07	-5.275010e-09	-1.168999e-08	-2.836445e+01	-2.022624e+03
9.800000e-07	-5.224885e-09	-1.162293e-08	-2.809505e+01	-2.011102e+03
9.900000e-07	-5.174416e-09	-1.155400e-08	-2.782382e+01	-1.999402e+03
1.000000e-06	-5.123622e-09	-1.148414e-08	-2.755086e+01	-1.987519e+03
1.010000e-06	-5.072513e-09	-1.141408e-08	-2.727616e+01	-1.975448e+03
1.020000e-06	-5.021043e-09	-1.134359e-08	-2.699956e+01	-1.963188e+03
1.030000e-06	-4.969191e-09	-1.127225e-08	-2.672098e+01	-1.950738e+03
1.040000e-06	-4.916963e-09	-1.120014e-08	-2.644033e+01	-1.938097e+03
1.050000e-06	-4.864344e-09	-1.112709e-08	-2.615750e+01	-1.925269e+03
1.060000e-06	-4.811338e-09	-1.105240e-08	-2.587259e+01	-1.912257e+03
1.070000e-06	-4.757978e-09	-1.097585e-08	-2.558581e+01	-1.899065e+03
1.080000e-06	-4.704285e-09	-1.089730e-08	-2.529720e+01	-1.885698e+03
1.090000e-06	-4.650252e-09	-1.081749e-08	-2.500672e+01	-1.872159e+03
1.100000e-06	-4.595878e-09	-1.073771e-08	-2.471442e+01	-1.858451e+03
1.110000e-06	-4.541148e-09	-1.065785e-08	-2.442030e+01	-1.844576e+03
1.120000e-06	-4.486071e-09	-1.057699e-08	-2.412433e+01	-1.830532e+03
1.130000e-06	-4.430649e-09	-1.049491e-08	-2.382647e+01	-1.816316e+03
1.140000e-06	-4.374866e-09	-1.041167e-08	-2.352673e+01	-1.801924e+03
1.150000e-06	-4.318743e-09	-1.032731e-08	-2.322512e+01	-1.787348e+03
1.160000e-06	-4.262296e-09	-1.024164e-08	-2.292171e+01	-1.772578e+03
1.170000e-06	-4.205517e-09	-1.015443e-08	-2.261653e+01	-1.757606e+03
1.180000e-06	-4.148379e-09	-1.006510e-08	-2.230950e+01	-1.742419e+03
1.190000e-06	-4.090886e-09	-9.973975e-09	-2.200055e+01	-1.727008e+03
1.200000e-06	-4.033051e-09	-9.882233e-09	-2.168963e+01	-1.711361e+03
1.210000e-06	-3.974870e-09	-9.790002e-09	-2.137686e+01	-1.695470e+03
1.220000e-06	-3.916393e-09	-9.696178e-09	-2.106257e+01	-1.679328e+03
1.230000e-06	-3.857665e-09	-9.600221e-09	-2.074694e+01	-1.662929e+03
1.240000e-06	-3.798700e-09	-9.502903e-09	-2.043001e+01	-1.646272e+03
1.250000e-06	-3.739505e-09	-9.405221e-09	-2.011184e+01	-1.629354e+03
1.260000e-06	-3.680083e-09	-9.306377e-09	-1.979248e+01	-1.612176e+03
1.270000e-06	-3.620440e-09	-9.204936e-09	-1.947192e+01	-1.594740e+03
1.280000e-06	-3.560567e-09	-9.101710e-09	-1.915020e+01	-1.577050e+03
1.290000e-06	-3.500465e-09	-8.998031e-09	-1.882724e+01	-1.559107e+03
1.300000e-06	-3.440135e-09	-8.893468e-09	-1.850297e+01	-1.540915e+03
1.310000e-06	-3.379548e-09	-8.787429e-09	-1.817733e+01	-1.522474e+03
1.320000e-06	-3.318687e-09	-8.679708e-09	-1.785025e+01	-1.503784e+03
1.330000e-06	-3.257533e-09	-8.570214e-09	-1.752164e+01	-1.484842e+03
1.340000e-06	-3.196087e-09	-8.459388e-09	-1.719141e+01	-1.465645e+03
1.350000e-06	-3.134367e-09	-8.347264e-09	-1.685966e+01	-1.446187e+03
1.360000e-06	-3.072384e-09	-8.233021e-09	-1.652653e+01	-1.426459e+03
1.370000e-06	-3.010154e-09	-8.116561e-09	-1.619207e+01	-1.406453e+03
1.380000e-06	-2.947696e-09	-7.998422e-09	-1.585637e+01	-1.386159e+03
1.390000e-06	-2.885048e-09	-7.878931e-09	-1.551960e+01	-1.365567e+03
1.400000e-06	-2.822230e-09	-7.758163e-09	-1.518187e+01	-1.344667e+03
1.410000e-06	-2.759245e-09	-7.635905e-09	-1.484328e+01	-1.323448e+03
1.420000e-06	-2.696097e-09	-7.511626e-09	-1.450385e+01	-1.301903e+03
1.430000e-06	-2.632778e-09	-7.384959e-09	-1.416347e+01	-1.280024e+03
1.440000e-06	-2.569286e-09	-7.256196e-09	-1.382211e+01	-1.257803e+03
1.450000e-06	-2.505626e-09	-7.125082e-09	-1.347981e+01	-1.235235e+03
1.460000e-06	-2.441784e-09	-6.991665e-09	-1.313658e+01	-1.212315e+03
1.470000e-06	-2.377733e-09	-6.856251e-09	-1.279229e+01	-1.189037e+03
1.480000e-06	-2.313466e-09	-6.718998e-09	-1.244687e+01	-1.165396e+03
1.490000e-06	-2.249006e-09	-6.580127e-09	-1.210037e+01	-1.141386e+03
1.500000e-06	-2.184367e-09	-6.439216e-09	-1.175291e+01	-1.117001e+03
1.510000e-06	-2.119566e-09	-6.295365e-09	-1.140459e+01	-1.092232e+03
1.520000e-06	-2.054636e-09	-6.148328e-09	-1.105557e+01	-1.067071e+03
1.530000e-06	-1.989582e-09	-5.998628e-09	-1.070587e+01	-1.041506e+03
1.540000e-06	-1.924398e-09	-5.847032e-09	-1.035545e+01	-1.015528e+03
1.550000e-06	-1.859093e-09	-5.693694e-09	-1.000434e+01	-9.891233e+02
1.560000e-06	-1.793657e-09	-5.538088e-09	-9.652487e+00	-9.622799e+02
1.570000e-06	-1.728070e-09	-5.380007e-09	-9.299895e+00	-9.349857e+02
1.580000e-06	-1.662340e-09	-5.219980e-09	-8.946568e+00	-9.072290e+02
1.590000e-06	-1.596488e-09	-5.057426e-09	-8.592541e+00	-8.789992e+02
1.600000e-06	-1.530523e-09	-4.891705e-09	-8.237894e+00	-8.502870e+02
1.610000e-06	-1.464450e-09	-4.722774e-09	-7.882648e+00	-8.210844e+02
1.620000e-06	-1.398264e-09	-4.550121e-09	-7.526827e+00	-7.913848e+02
1.630000e-06	-1.331970e-09	-4.374148e-09	-7.170427e+00	-7.611826e+02
1.640000e-06	-1.265585e-09	-4.196225e-09	-6.813520e+00	-7.304729e+02
1.650000e-06	-1.199122e-09	-4.016150e-09	-6.456219e+00	-6.992512e+02
1.660000e-06	-1.132591e-09	-3.832662e-09	-6.098612e+00	-6.675124e+02
1.670000e-06	-1.066007e-09	-3.645726e-09	-5.740730e+00	-6.352510e+02
1.680000e-06	-9.993751e-10	-3.455389e-09	-5.382549e+00	-6.024596e+02
1.690000e-06	-9.326943e-10	-3.261865e-09	-5.024083e+00	-5.691297e+02
1.700000e-06	-8.659586e-10	-3.065217e-09	-4.665320e+00	-5.352510e+02
1.710000e-06	-7.991605e-10	-2.865517e-09	-4.306202e+00	-5.008118e+02
1.720000e-06	-7.322844e-10	-2.663292e-09	-3.946633e+00	-4.657997e+02
1.730000e-06	-6.653350e-10	-2.458255e-09	-3.586666e+00	-4.302024e+02
1.740000e-06	-5.983293e-10	-2.249195e-09	-3.226396e+00	-3.940089e+02
1.750000e-06	-5.312771e-10	-2.035541e-09	-2.865901e+00	-3.572109e+02
1.760000e-06	-4.641832e-10	-1.817731e-09	-2.505226e+00	-3.198043e+02
1.770000e-06	-3.970419e-10	-1.595860e-09	-2.144321e+00	-2.817910e+02
1.780000e-06	-3.298697e-10	-1.370801e-09	-1.783221e+00	-2.431806e+02
1.790000e-06	-2.626850e-10	-1.144195e-09	-1.422017e+00	-2.039914e+02
1.800000e-06	-1.954959e-10	-9.157763e-10	-1.060806e+00	-1.642519e+02
1.810000e-06	-1.283101e-10	-6.845373e-10	-6.996488e-01	-1.240016e+02
1.820000e-06	-6.113592e-11	-4.502170e-10	-3.385755e-01	-8.329105e+01
1.830000e-06	6.023319e-12	-2.131697e-10	2.241472e-02	-4.218182e+01
1.840000e-06	7.317917e-11	2.622646e-11	3.834140e-01	-7.458484e-01
1.850000e-06	1.403337e-10	2.671732e-10	7.444500e-01	4.093587e+01
1.860000e-06	2.074849e-10	5.089658e-10	1.105491e+00	8.277488e+01
1.870000e-06	2.746347e-10	7.514393e-10	1.466526e+00	1.246773e+02
1.880000e-06	3.417809e-10	9.935670e-10	1.827530e+00	1.665461e+02
1.890000e-06	4.089132e-10	1.234449e-09	2.188455e+00	2.082837e+02
1.900000e-06	4.760170e-10	1.473744e-09	2.549257e+00	2.497941e+02
1.910000e-06	5.430881e-10	1.710873e-09	2.909864e+00	2.909857e+02
1.920000e-06	6.101190e-10	1.945353e-09	3.270223e+00	3.317730e+02
1.930000e-06	6.770842e-10	2.176739e-09	3.630272e+00	3.720787e+02
1.940000e-06	7.439712e-10	2.404985e-09	3.989895e+00	4.118351e+02
1.950000e-06	8.107850e-10	2.630457e-09	4.349100e+00	4.509852e+02
1.960000e-06	8.775333e-10	2.852240e-09	4.707963e+00	4.894827e+02
1.970000e-06	9.442148e-10	3.069829e-09	5.066441e+00	5.272928e+02
1.980000e-06	1.010824e-09	3.283494e-09	5.424511e+00	5.643911e+02
1.990000e-06	1.077372e-09	3.492344e-09	5.782223e+00	6.007634e+02
2.000000e-06	1.143863e-09	3.696925e-09	6.139617e+00	6.364044e+02
2.010000e-06	1.210286e-09	3.898819e-09	6.496697e+00	6.713161e+02
2.020000e-06	1.276637e-09	4.097588e-09	6.853412e+00	7.055072e+02
2.030000e-06	1.342912e-09	4.291678e-09	7.209702e+00	7.389907e+02
2.040000e-06	1.409091e-09	4.480193e-09	7.565477e+00	7.717832e+02
2.050000e-06	1.475169e-09	4.664210e-09	7.920695e+00	8.039033e+02
2.060000e-06	1.541148e-09	4.845352e-09	8.275348e+00	8.353703e+02
2.070000e-06	1.607013e-09	5.023771e-09	8.629374e+00	8.662036e+02
2.080000e-06	1.672748e-09	5.199126e-09	8.982707e+00	8.964217e+02
2.090000e-06	1.738343e-09	5.370460e-09	9.335361e+00	9.260420e+02
2.100000e-06	1.803791e-09	5.537263e-09	9.687306e+00	9.550803e+02
2.110000e-06	1.869091e-09	5.700663e-09	1.003842e+01	9.835508e+02
2.120000e-06	1.934252e-09	5.861531e-09	1.038877e+01	1.011467e+03
2.130000e-06	1.999285e-09	6.019978e-09	1.073844e+01	1.038839e+03
2.140000e-06	2.064193e-09	6.175948e-09	1.108744e+01	1.065680e+03
2.150000e-06	2.128970e-09	6.328857e-09	1.143568e+01	1.091998e+03
2.160000e-06	2.193601e-09	6.478340e-09	1.178307e+01	1.117806e+03
2.170000e-06	2.258071e-09	6.625170e-09	1.212953e+01	1.143114e+03
2.180000e-06	2.322347e-09	6.769400e-09	1.247504e+01	1.167933e+03
2.190000e-06	2.386422e-09	6.909998e-09	1.281955e+01	1.192277e+03
2.200000e-06	2.450319e-09	7.047378e-09	1.316302e+01	1.216160e+03
2.210000e-06	2.514028e-09	7.183086e-09	1.350544e+01	1.239595e+03
2.220000e-06	2.577544e-09	7.317294e-09	1.384685e+01	1.262600e+03
2.230000e-06	2.640870e-09	7.448907e-09	1.418727e+01	1.285192e+03
2.240000e-06	2.704009e-09	7.577127e-09	1.452668e+01	1.307386e+03
2.250000e-06	2.766973e-09	7.702351e-09	1.486516e+01	1.329201e+03
2.260000e-06	2.829760e-09	7.826197e-09	1.520273e+01	1.350654e+03
2.270000e-06	2.892373e-09	7.949249e-09	1.553936e+01	1.371761e+03
2.280000e-06	2.954802e-09	8.069968e-09	1.587500e+01	1.392536e+03
2.290000e-06	3.017026e-09	8.187806e-09	1.620955e+01	1.412993e+03
2.300000e-06	3.079022e-09	8.303409e-09	1.654289e+01	1.433143e+03
2.310000e-06	3.140774e-09	8.417243e-09	1.687494e+01	1.452996e+03
2.320000e-06	3.202272e-09	8.529837e-09	1.720559e+01	1.472557e+03
2.330000e-06	3.263487e-09	8.640836e-09	1.753470e+01	1.491832e+03
2.340000e-06	3.324408e-09	8.749447e-09	1.786220e+01	1.510822e+03
2.350000e-06	3.385047e-09	8.855889e-09	1.818818e+01	1.529529e+03
2.360000e-06	3.445416e-09	8.961420e-09	1.851270e+01	1.547953e+03
2.370000e-06	3.505517e-09	9.066322e-09	1.883579e+01	1.566091e+03
2.380000e-06	3.565374e-09	9.168877e-09	1.915756e+01	1.583943e+03
2.390000e-06	3.625010e-09	9.268724e-09	1.947811e+01	1.601507e+03
2.400000e-06	3.684417e-09	9.367390e-09	1.979740e+01	1.618783e+03
2.410000e-06	3.743584e-09	9.465607e-09	2.011543e+01	1.635773e+03
2.420000e-06	3.802508e-09	9.563135e-09	2.043222e+01	1.652480e+03
2.430000e-06	3.861185e-09	9.659304e-09	2.074770e+01	1.668909e+03
2.440000e-06	3.919587e-09	9.753387e-09	2.106171e+01	1.685068e+03
2.450000e-06	3.977698e-09	9.845220e-09	2.137411e+01	1.700965e+03
2.460000e-06	4.035514e-09	9.935785e-09	2.168483e+01	1.716612e+03
2.470000e-06	4.092999e-09	1.002577e-08	2.199385e+01	1.732021e+03
2.480000e-06	4.150154e-09	1.011425e-08	2.230112e+01	1.747203e+03
2.490000e-06	4.206991e-09	1.020069e-08	2.260664e+01	1.762173e+03
2.500000e-06	4.263512e-09	1.028559e-08	2.291044e+01	1.776940e+03
2.510000e-06	4.319711e-09	1.036908e-08	2.321256e+01	1.791517e+03
2.520000e-06	4.375560e-09	1.045147e-08	2.351284e+01	1.805911e+03
2.530000e-06	4.431055e-09	1.053281e-08	2.381121e+01	1.820127e+03
2.540000e-06	4.486207e-09	1.061242e-08	2.410768e+01	1.834171e+03
2.550000e-06	4.541012e-09	1.069058e-08	2.440225e+01	1.848042e+03
2.560000e-06	4.595473e-09	1.076835e-08	2.469499e+01	1.861738e+03
2.570000e-06	4.649596e-09	1.084579e-08	2.498595e+01	1.875257e+03
2.580000e-06	4.703386e-09	1.092246e-08	2.527514e+01	1.888592e+03
2.590000e-06	4.756849e-09	1.099791e-08	2.556256e+01	1.901737e+03
2.600000e-06	4.809979e-09	1.107277e-08	2.584822e+01	1.914686e+03
2.610000e-06	4.862766e-09	1.114714e-08	2.613203e+01	1.927432e+03
2.620000e-06	4.915186e-09	1.121994e-08	2.641384e+01	1.939972e+03
2.630000e-06	4.967215e-09	1.129080e-08	2.669354e+01	1.952302e+03
2.640000e-06	5.018848e-09	1.135968e-08	2.697109e+01	1.964422e+03
2.650000e-06	5.070093e-09	1.142747e-08	2.724657e+01	1.976336e+03
2.660000e-06	5.120989e-09	1.149505e-08	2.752019e+01	1.988046e+03
2.670000e-06	5.171551e-09	1.156237e-08	2.779203e+01	1.999562e+03
2.680000e-06	5.221780e-09	1.162945e-08	2.806206e+01	2.010894e+03
2.690000e-06	5.271688e-09	1.169591e-08	2.833034e+01	2.022051e+03
2.700000e-06	5.321251e-09	1.176072e-08	2.859682e+01	2.033047e+03
2.710000e-06	5.370430e-09	1.182333e-08	2.886127e+01	2.043893e+03
2.720000e-06	5.419188e-09	1.188417e-08	2.912339e+01	2.054602e+03
2.730000e-06	5.467500e-09	1.194391e-08	2.938309e+01	2.065184e+03
2.740000e-06	5.515388e-09	1.200284e-08	2.964051e+01	2.075648e+03
2.750000e-06	5.562872e-09	1.206191e-08	2.989579e+01	2.085998e+03
2.760000e-06	5.609956e-09	1.212159e-08	3.014893e+01	2.096240e+03
2.770000e-06	5.656632e-09	1.218047e-08	3.039984e+01	2.106372e+03
2.780000e-06	5.702856e-09	1.223729e-08	3.064833e+01	2.116393e+03
2.790000e-06	5.748586e-09	1.229274e-08	3.089416e+01	2.126298e+03
2.800000e-06	5.793829e-09	1.234760e-08	3.113735e+01	2.136081e+03
2.810000e-06	5.838623e-09	1.240166e-08	3.137815e+01	2.145734e+03
2.820000e-06	5.883017e-09	1.245506e-08	3.161683e+01	2.155248e+03
2.830000e-06	5.927031e-09	1.250791e-08	3.185346e+01	2.164615e+03
2.840000e-06	5.970671e-09	1.256068e-08	3.208810e+01	2.173826e+03
2.850000e-06	6.013934e-09	1.261402e-08	3.232071e+01	2.182874e+03
2.860000e-06	6.056765e-09	1.266703e-08	3.255103e+01	2.191755e+03
2.870000e-06	6.099109e-09	1.271797e-08	3.277872e+01	2.200463e+03
2.880000e-06	6.140945e-09	1.276668e-08	3.300366e+01	2.208996e+03
2.890000e-06	6.182302e-09	1.281420e-08	3.322602e+01	2.217356e+03
2.900000e-06	6.223217e-09	1.286136e-08	3.344595e+01	2.225542e+03
2.910000e-06	6.263705e-09	1.290820e-08	3.366359e+01	2.233559e+03
2.920000e-06	6.303770e-09	1.295412e-08	3.387897e+01	2.241411e+03
2.930000e-06	6.343371e-09	1.299937e-08	3.409191e+01	2.249104e+03
2.940000e-06	6.382466e-09	1.304451e-08	3.430210e+01	2.256642e+03
2.950000e-06	6.421051e-09	1.308919e-08	3.450951e+01	2.264033e+03
2.960000e-06	6.459164e-09	1.313259e-08	3.471444e+01	2.271284e+03
2.970000e-06	6.496843e-09	1.317409e-08	3.491703e+01	2.278400e+03
2.980000e-06	6.534103e-09	1.321415e-08	3.511733e+01	2.285388e+03
2.990000e-06	6.570954e-09	1.325350e-08	3.531542e+01	2.292253e+03
3.000000e-06	6.607345e-09	1.329248e-08	3.551100e+01	2.299001e+03
3.010000e-06	6.643193e-09	1.333097e-08	3.570363e+01	2.305637e+03
3.020000e-06	6.678491e-09	1.336847e-08	3.589331e+01	2.312166e+03
3.030000e-06	6.713297e-09	1.340517e-08	3.608039e+01	2.318592e+03
3.040000e-06	6.747643e-09	1.344173e-08	3.626502e+01	2.324920e+03
3.050000e-06	6.781555e-09	1.347812e-08	3.644731e+01	2.331153e+03
3.060000e-06	6.815054e-09	1.351362e-08	3.662738e+01	2.337293e+03
3.070000e-06	6.848087e-09	1.354806e-08	3.680494e+01	2.343344e+03
3.080000e-06	6.880599e-09	1.358153e-08	3.697972e+01	2.349307e+03
3.090000e-06	6.912608e-09	1.361451e-08	3.715180e+01	2.355183e+03
3.100000e-06	6.944123e-09	1.364762e-08	3.732120e+01	2.360971e+03
3.110000e-06	6.975144e-09	1.368051e-08	3.748794e+01	2.366671e+03
3.120000e-06	7.005665e-09	1.371235e-08	3.765199e+01	2.372279e+03
3.130000e-06	7.035632e-09	1.374314e-08	3.781310e+01	2.377792e+03
3.140000e-06	7.064990e-09	1.377349e-08	3.797090e+01	2.383205e+03
3.150000e-06	7.093776e-09	1.380394e-08	3.812563e+01	2.388513e+03
3.160000e-06	7.122053e-09	1.383419e-08	3.827762e+01	2.393709e+03
3.170000e-06	7.149826e-09	1.386318e-08	3.842690e+01	2.398788e+03
3.180000e-06	7.177122e-09	1.389093e-08	3.857365e+01	2.403742e+03
3.190000e-06	7.203915e-09	1.391845e-08	3.871773e+01	2.408568e+03
3.200000e-06	7.230128e-09	1.394609e-08	3.885867e+01	2.413258e+03
3.210000e-06	7.255792e-09	1.397297e-08	3.899665e+01	2.417810e+03
3.220000e-06	7.280979e-09	1.399887e-08	3.913206e+01	2.422222e+03
3.230000e-06	7.305691e-09	1.402421e-08	3.926494e+01	2.426492e+03
3.240000e-06	7.329949e-09	1.404894e-08	3.939540e+01	2.430622e+03
3.250000e-06	7.353758e-09	1.407313e-08	3.952343e+01	2.434613e+03
3.260000e-06	7.376992e-09	1.409641e-08	3.964835e+01	2.438470e+03
3.270000e-06	7.399598e-09	1.411823e-08	3.976991e+01	2.442198e+03
3.280000e-06	7.421662e-09	1.413890e-08	3.988857e+01	2.445803e+03
3.290000e-06	7.443206e-09	1.415910e-08	4.000442e+01	2.449291e+03
3.300000e-06	7.464176e-09	1.417879e-08	4.011722e+01	2.452670e+03
3.310000e-06	7.484496e-09	1.419798e-08	4.022654e+01	2.455946e+03
3.320000e-06	7.504138e-09	1.421653e-08	4.033222e+01	2.459125e+03
3.330000e-06	7.523191e-09	1.423417e-08	4.043481e+01	2.462213e+03
3.340000e-06	7.541734e-09	1.425103e-08	4.053468e+01	2.465215e+03
3.350000e-06	7.559785e-09	1.426727e-08	4.063188e+01	2.468135e+03
3.360000e-06	7.577371e-09	1.428277e-08	4.072656e+01	2.470974e+03
3.370000e-06	7.594416e-09	1.429716e-08	4.081832e+01	2.473736e+03
3.380000e-06	7.610836e-09	1.431119e-08	4.090673e+01	2.476421e+03
3.390000e-06	7.626699e-09	1.432575e-08	4.099215e+01	2.479028e+03
3.400000e-06	7.642053e-09	1.434048e-08	4.107476e+01	2.481559e+03
3.410000e-06	7.656881e-09	1.435434e-08	4.115455e+01	2.484011e+03
3.420000e-06	7.671206e-09	1.436684e-08	4.123166e+01	2.486385e+03
3.430000e-06	7.684947e-09	1.437888e-08	4.130571e+01	2.488679e+03
3.440000e-06	7.698054e-09	1.439093e-08	4.137641e+01	2.490893e+03
3.450000e-06	7.710626e-09	1.440304e-08	4.144417e+01	2.493026e+03
3.460000e-06	7.722689e-09	1.441516e-08	4.150916e+01	2.495079e+03
3.470000e-06	7.734244e-09	1.442657e-08	4.157139e+01	2.497049e+03
3.480000e-06	7.745300e-09	1.443674e-08	4.163098e+01	2.498939e+03
3.490000e-06	7.755753e-09	1.444617e-08	4.168728e+01	2.500747e+03
3.500000e-06	7.765563e-09	1.445527e-08	4.174009e+01	2.502474e+03
3.510000e-06	7.774815e-09	1.446391e-08	4.178991e+01	2.504119e+03
3.520000e-06	7.783532e-09	1.447204e-08	4.183685e+01	2.505682e+03
3.530000e-06	7.791752e-09	1.448017e-08	4.188113e+01	2.507160e+03
3.540000e-06	7.799485e-09	1.448857e-08	4.192282e+01	2.508553e+03
3.550000e-06	7.806644e-09	1.449663e-08	4.196146e+01	2.509859e+03
3.560000e-06	7.813200e-09	1.450371e-08	4.199682e+01	2.511074e+03
3.570000e-06	7.819159e-09	1.451013e-08	4.202897e+01	2.512195e+03
3.580000e-06	7.824525e-09	1.451637e-08	4.205792e+01	2.513220e+03
3.590000e-06	7.829299e-09	1.452224e-08	4.208369e+01	2.514144e+03
3.600000e-06	7.833415e-09	1.452707e-08	4.210590e+01	2.514963e+03
3.610000e-06	7.836880e-09	1.453052e-08	4.212463e+01	2.515674e+03
3.620000e-06	7.839799e-09	1.453316e-08	4.214045e+01	2.516273e+03
3.630000e-06	7.842197e-09	1.453539e-08	4.215342e+01	2.516757e+03
3.640000e-06	7.844077e-09	1.453711e-08	4.216361e+01	2.517123e+03
3.650000e-06	7.845451e-09	1.453788e-08	4.217115e+01	2.517370e+03
3.660000e-06	7.846218e-09	1.453823e-08	4.217542e+01	2.517496e+03
3.670000e-06	7.846362e-09	1.453836e-08	4.217630e+01	2.517500e+03
3.680000e-06	7.845966e-09	1.453762e-08	4.217428e+01	2.517385e+03
3.690000e-06	7.845046e-09	1.453631e-08	4.216944e+01	2.517150e+03
3.700000e-06	7.843639e-09	1.453450e-08	4.216197e+01	2.516800e+03
3.710000e-06	7.841723e-09	1.453182e-08	4.215181e+01	2.516336e+03
3.720000e-06	7.839187e-09	1.452842e-08	4.213830e+01	2.515765e+03
3.730000e-06	7.836077e-09	1.452451e-08	4.212170e+01	2.515089e+03
3.740000e-06	7.832507e-09	1.451891e-08	4.210262e+01	2.514316e+03
3.750000e-06	7.828440e-09	1.451290e-08	4.208094e+01	2.513450e+03
3.760000e-06	7.823614e-09	1.451323e-08	4.205526e+01	2.512498e+03
3.770000e-06	7.817599e-09	1.451229e-08	4.202312e+01	2.511465e+03
3.780000e-06	7.810453e-09	1.449096e-08	4.198471e+01	2.510357e+03
3.790000e-06	7.802983e-09	1.447475e-08	4.194452e+01	2.509178e+03
3.800000e-06	7.795723e-09	1.448710e-08	4.190559e+01	2.507934e+03
3.810000e-06	7.788201e-09	1.449183e-08	4.186540e+01	2.506629e+03
3.820000e-06	7.779655e-09	1.446165e-08	4.181964e+01	2.505264e+03
3.830000e-06	7.770253e-09	1.443834e-08	4.176915e+01	2.503843e+03
3.840000e-06	7.760674e-09	1.445993e-08	4.171776e+01	2.502368e+03
3.850000e-06	7.750793e-09	1.446752e-08	4.166484e+01	2.500838e+03
3.860000e-06	7.739976e-09	1.442319e-08	4.160677e+01	2.499255e+03
3.870000e-06	7.728503e-09	1.440308e-08	4.154509e+01	2.497618e+03
3.880000e-06	7.716956e-09	1.443948e-08	4.148313e+01	2.495926e+03
3.890000e-06	7.704957e-09	1.443874e-08	4.141879e+01	2.494178e+03
3.900000e-06	7.691994e-09	1.438114e-08	4.134917e+01	2.492372e+03
3.910000e-06	7.678452e-09	1.437408e-08	4.127648e+01	2.490507e+03
3.920000e-06	7.664658e-09	1.441343e-08	4.120255e+01	2.488579e+03
3.930000e-06	7.650139e-09	1.439014e-08	4.112464e+01	2.486588e+03
3.940000e-06	7.634717e-09	1.433685e-08	4.104178e+01	2.484529e+03
3.950000e-06	7.618859e-09	1.435115e-08	4.095669e+01	2.482399e+03
3.960000e-06	7.602665e-09	1.436807e-08	4.086984e+01	2.480193e+03
3.970000e-06	7.585762e-09	1.432144e-08	4.077906e+01	2.477907e+03
3.980000e-06	7.568303e-09	1.430604e-08	4.068522e+01	2.475534e+03
3.990000e-06	7.550561e-09	1.434394e-08	4.058996e+01	2.473067e+03
4.000000e-06	7.532299e-09	1.432213e-08	4.049192e+01	2.470498e+03
4.010000e-06	7.513341e-09	1.426682e-08	4.039007e+01	2.467819e+03
4.020000e-06	7.493863e-09	1.427809e-08	4.028549e+01	2.465019e+03
4.030000e-06	7.473840e-09	1.428548e-08	4.017800e+01	2.462089e+03
4.040000e-06	7.453196e-09	1.423111e-08	4.006713e+01	2.459019e+03
4.050000e-06	7.431952e-09	1.421536e-08	3.995304e+01	2.455800e+03
4.060000e-06	7.410069e-09	1.424386e-08	3.983559e+01	2.452423e+03
4.070000e-06	7.387499e-09	1.421383e-08	3.971439e+01	2.448881e+03
4.080000e-06	7.364340e-09	1.417079e-08	3.959000e+01	2.445168e+03
4.090000e-06	7.340697e-09	1.417726e-08	3.946302e+01	2.441282e+03
4.100000e-06	7.316592e-09	1.415363e-08	3.933356e+01	2.437221e+03
4.110000e-06	7.291990e-09	1.410132e-08	3.920140e+01	2.432985e+03
4.120000e-06	7.266791e-09	1.409330e-08	3.906600e+01	2.428579e+03
4.130000e-06	7.240990e-09	1.407845e-08	3.892737e+01	2.424008e+03
4.140000e-06	7.214741e-09	1.402728e-08	3.878632e+01	2.419280e+03
4.150000e-06	7.188081e-09	1.400515e-08	3.864310e+01	2.414402e+03
4.160000e-06	7.160874e-09	1.399352e-08	3.849695e+01	2.409385e+03
4.170000e-06	7.133050e-09	1.394909e-08	3.834751e+01	2.404239e+03
4.180000e-06	7.104633e-09	1.391802e-08	3.819492e+01	2.398972e+03
4.190000e-06	7.075681e-09	1.390131e-08	3.803946e+01	2.393593e+03
4.200000e-06	7.046243e-09	1.385931e-08	3.788137e+01	2.388109e+03
4.210000e-06	7.016297e-09	1.382278e-08	3.772053e+01	2.382525e+03
4.220000e-06	6.985698e-09	1.380257e-08	3.755618e+01	2.376843e+03
4.230000e-06	6.954445e-09	1.376315e-08	3.738832e+01	2.371065e+03
4.240000e-06	6.922664e-09	1.372239e-08	3.721760e+01	2.365190e+03
4.250000e-06	6.890420e-09	1.369625e-08	3.704438e+01	2.359214e+03
4.260000e-06	6.857740e-09	1.365925e-08	3.686881e+01	2.353133e+03
4.270000e-06	6.824638e-09	1.361897e-08	3.669099e+01	2.346942e+03
4.280000e-06	6.791068e-09	1.358821e-08	3.651066e+01	2.340636e+03
4.290000e-06	6.757017e-09	1.354912e-08	3.632777e+01	2.334208e+03
4.300000e-06	6.722462e-09	1.350673e-08	3.614217e+01	2.327654e+03
4.310000e-06	6.687347e-09	1.347265e-08	3.595344e+01	2.320970e+03
4.320000e-06	6.651699e-09	1.343378e-08	3.576186e+01	2.314152e+03
4.330000e-06	6.615606e-09	1.339035e-08	3.556798e+01	2.307198e+03
4.340000e-06	6.579083e-09	1.335137e-08	3.537174e+01	2.300109e+03
4.350000e-06	6.542093e-09	1.331036e-08	3.517301e+01	2.292883e+03
4.360000e-06	6.504586e-09	1.326734e-08	3.497154e+01	2.285524e+03
4.370000e-06	6.466529e-09	1.322707e-08	3.476711e+01	2.278031e+03
4.380000e-06	6.427991e-09	1.318354e-08	3.456005e+01	2.270406e+03
4.390000e-06	6.389069e-09	1.313690e-08	3.435091e+01	2.262652e+03
4.400000e-06	6.349751e-09	1.309171e-08	3.413965e+01	2.254769e+03
4.410000e-06	6.310017e-09	1.304559e-08	3.392615e+01	2.246756e+03
4.420000e-06	6.269848e-09	1.299810e-08	3.371033e+01	2.238614e+03
4.430000e-06	6.229187e-09	1.295075e-08	3.349191e+01	2.230340e+03
4.440000e-06	6.188007e-09	1.290205e-08	3.327073e+01	2.221931e+03
4.450000e-06	6.146330e-09	1.285304e-08	3.304689e+01	2.213385e+03
4.460000e-06	6.104187e-09	1.280361e-08	3.282050e+01	2.204699e+03
4.470000e-06	6.061607e-09	1.275195e-08	3.259173e+01	2.195868e+03
4.480000e-06	6.018630e-09	1.269944e-08	3.236083e+01	2.186889e+03
4.490000e-06	5.975245e-09	1.264696e-08	3.212777e+01	2.177762e+03
4.500000e-06	5.931438e-09	1.259289e-08	3.189240e+01	2.168483e+03
4.510000e-06	5.887181e-09	1.253835e-08	3.165455e+01	2.159053e+03
4.520000e-06	5.842466e-09	1.248410e-08	3.141424e+01	2.149471e+03
4.530000e-06	5.797332e-09	1.242782e-08	3.117166e+01	2.139740e+03
4.540000e-06	5.751807e-09	1.236983e-08	3.092699e+01	2.129860e+03
4.550000e-06	5.705861e-09	1.231264e-08	3.068014e+01	2.119834e+03
4.560000e-06	5.659450e-09	1.225466e-08	3.043079e+01	2.109663e+03
4.570000e-06	5.612540e-09	1.219393e-08	3.017868e+01	2.099349e+03
4.580000e-06	5.565137e-09	1.213217e-08	2.992392e+01	2.088891e+03
4.590000e-06	5.517264e-09	1.207064e-08	2.966674e+01	2.078290e+03
4.600000e-06	5.468977e-09	1.200848e-08	2.940735e+01	2.067542e+03
4.610000e-06	5.420305e-09	1.194526e-08	2.914582e+01	2.056644e+03
4.620000e-06	5.371259e-09	1.188121e-08	2.888222e+01	2.045592e+03
4.630000e-06	5.321851e-09	1.181599e-08	2.861665e+01	2.034380e+03
4.640000e-06	5.272063e-09	1.174996e-08	2.834910e+01	2.023001e+03
4.650000e-06	5.221878e-09	1.168335e-08	2.807949e+01	2.011450e+03
4.660000e-06	5.171303e-09	1.161554e-08	2.780774e+01	1.999719e+03
4.670000e-06	5.120340e-09	1.154588e-08	2.753382e+01	1.987805e+03
4.680000e-06	5.069011e-09	1.147518e-08	2.725796e+01	1.975703e+03
4.690000e-06	5.017357e-09	1.140485e-08	2.698041e+01	1.963412e+03
4.700000e-06	4.965375e-09	1.133414e-08	2.670114e+01	1.950929e+03
4.710000e-06	4.913049e-09	1.126104e-08	2.641999e+01	1.938257e+03
4.720000e-06	4.860362e-09	1.118617e-08	2.613676e+01	1.925398e+03
4.730000e-06	4.807301e-09	1.111118e-08	2.585150e+01	1.912356e+03
4.740000e-06	4.753867e-09	1.103576e-08	2.556432e+01	1.899135e+03
4.750000e-06	4.700066e-09	1.095887e-08	2.527519e+01	1.885739e+03
4.760000e-06	4.645904e-09	1.088027e-08	2.498406e+01	1.872171e+03
4.770000e-06	4.591390e-09	1.080004e-08	2.469103e+01	1.858436e+03
4.780000e-06	4.536560e-09	1.071932e-08	2.439636e+01	1.844532e+03
4.790000e-06	4.481438e-09	1.063875e-08	2.410021e+01	1.830460e+03
4.800000e-06	4.426015e-09	1.055694e-08	2.380241e+01	1.816215e+03
4.810000e-06	4.370275e-09	1.047260e-08	2.350283e+01	1.801793e+03
4.820000e-06	4.314205e-09	1.038676e-08	2.320148e+01	1.787185e+03
4.830000e-06	4.257793e-09	1.030065e-08	2.289832e+01	1.772383e+03
4.840000e-06	4.201035e-09	1.021402e-08	2.259334e+01	1.757375e+03
4.850000e-06	4.143923e-09	1.012603e-08	2.228649e+01	1.742152e+03
4.860000e-06	4.086449e-09	1.003590e-08	2.197763e+01	1.726702e+03
4.870000e-06	4.028637e-09	9.943891e-09	2.166694e+01	1.711015e+03
4.880000e-06	3.970530e-09	9.851230e-09	2.135473e+01	1.695083e+03
4.890000e-06	3.912170e-09	9.757731e-09	2.104119e+01	1.678898e+03
4.900000e-06	3.853567e-09	9.662068e-09	2.072628e+01	1.662457e+03
4.910000e-06	3.794714e-09	9.564380e-09	2.040997e+01	1.645755e+03
4.920000e-06	3.735603e-09	9.465529e-09	2.009231e+01	1.628794e+03
4.930000e-06	3.676231e-09	9.366109e-09	1.977327e+01	1.611573e+03
4.940000e-06	3.616597e-09	9.265742e-09	1.945286e+01	1.594095e+03
4.950000e-06	3.556713e-09	9.163001e-09	1.913107e+01	1.576362e+03
4.960000e-06	3.496582e-09	9.057655e-09	1.880790e+01	1.558378e+03
4.970000e-06	3.436183e-09	8.951464e-09	1.848331e+01	1.540144e+03
4.980000e-06	3.375505e-09	8.844844e-09	1.815724e+01	1.521662e+03
4.990000e-06	3.314554e-09	8.736682e-09	1.782974e+01	1.502930e+03
5.000000e-06	3.253355e-09	8.626106e-09	1.750087e+01	1.483946e+03
5.010000e-06	3.191919e-09	8.513323e-09	1.717072e+01	1.464706e+03
5.020000e-06	3.130256e-09	8.399679e-09	1.683933e+01	1.445203e+03
5.030000e-06	3.068384e-09	8.285702e-09	1.650680e+01	1.425430e+03
5.040000e-06	3.006313e-09	8.169682e-09	1.617322e+01	1.405376e+03
5.050000e-06	2.944043e-09	8.050676e-09	1.583859e+01	1.385034e+03
5.060000e-06	2.881565e-09	7.930131e-09	1.550282e+01	1.364391e+03
5.070000e-06	2.818874e-09	7.808599e-09	1.516587e+01	1.343438e+03
5.080000e-06	2.755962e-09	7.685013e-09	1.482779e+01	1.322166e+03
5.090000e-06	2.692846e-09	7.559239e-09	1.448862e+01	1.300566e+03
5.100000e-06	2.629535e-09	7.431870e-09	1.414838e+01	1.278630e+03
5.110000e-06	2.566018e-09	7.302965e-09	1.380698e+01	1.256352e+03
5.120000e-06	2.502278e-09	7.172539e-09	1.346434e+01	1.233725e+03
5.130000e-06	2.438314e-09	7.040243e-09	1.312052e+01	1.210746e+03
5.140000e-06	2.374143e-09	6.905280e-09	1.277563e+01	1.187407e+03
5.150000e-06	2.309782e-09	6.767149e-09	1.242970e+01	1.163705e+03
5.160000e-06	2.245246e-09	6.626973e-09	1.208279e+01	1.139633e+03
5.170000e-06	2.180552e-09	6.485722e-09	1.173502e+01	1.115185e+03
5.180000e-06	2.115720e-09	6.342529e-09	1.138653e+01	1.090351e+03
5.190000e-06	2.050767e-09	6.197080e-09	1.103737e+01	1.065124e+03
5.200000e-06	1.985701e-09	6.048590e-09	1.068757e+01	1.039491e+03
5.210000e-06	1.920522e-09	5.896879e-09	1.033719e+01	1.013443e+03
5.220000e-06	1.855217e-09	5.743267e-09	9.986155e+00	9.869656e+02
5.230000e-06	1.789777e-09	5.587583e-09	9.634410e+00	9.600479e+02
5.240000e-06	1.724206e-09	5.428664e-09	9.281967e+00	9.326774e+02
5.250000e-06	1.658504e-09	5.266997e-09	8.928818e+00	9.048426e+02
5.260000e-06	1.592665e-09	5.103656e-09	8.574950e+00	8.765330e+02
5.270000e-06	1.526690e-09	4.938204e-09	8.220323e+00	8.477396e+02
5.280000e-06	1.460587e-09	4.770032e-09	7.864969e+00	8.184546e+02
5.290000e-06	1.394369e-09	4.598549e-09	7.509015e+00	7.886716e+02
5.300000e-06	1.328045e-09	4.423501e-09	7.152506e+00	7.583851e+02
5.310000e-06	1.261631e-09	4.245454e-09	6.795476e+00	7.275904e+02
5.320000e-06	1.195143e-09	4.064897e-09	6.438040e+00	6.962829e+02
5.330000e-06	1.128592e-09	3.881643e-09	6.080287e+00	6.644575e+02
5.340000e-06	1.061978e-09	3.695181e-09	5.722206e+00	6.321082e+02
5.350000e-06	9.952994e-10	3.505744e-09	5.363753e+00	5.992278e+02
5.360000e-06	9.285510e-10	3.313094e-09	5.004918e+00	5.658071e+02
5.370000e-06	8.617356e-10	3.116514e-09	4.645767e+00	5.318358e+02
5.380000e-06	7.948555e-10	2.916163e-09	4.286306e+00	4.973021e+02
5.390000e-06	7.279016e-10	2.712257e-09	3.926474e+00	4.621933e+02
5.400000e-06	6.608792e-10	2.505293e-09	3.566226e+00	4.264974e+02
5.410000e-06	5.937918e-10	2.296052e-09	3.205575e+00	3.902036e+02
5.420000e-06	5.266313e-10	2.084519e-09	2.844587e+00	3.533043e+02
5.430000e-06	4.594221e-10	1.869036e-09	2.483328e+00	3.157962e+02
5.440000e-06	3.921905e-10	1.648219e-09	2.121878e+00	2.776826e+02
5.450000e-06	3.249354e-10	1.423175e-09	1.760290e+00	2.389741e+02
5.460000e-06	2.576666e-10	1.195536e-09	1.398620e+00	1.996909e+02
5.470000e-06	1.904003e-10	9.656547e-10	1.036958e+00	1.598633e+02
5.480000e-06	1.231468e-10	7.338257e-10	6.753600e-01	1.195325e+02
5.490000e-06	5.589465e-11	5.001439e-10	3.138079e-01	7.875091e+01
5.500000e-06	-1.136071e-11	2.645461e-10	-4.773709e-02	3.758197e+01
5.510000e-06	-7.861159e-11	2.676522e-11	-4.092931e-01	-3.900806e+00
5.520000e-06	-1.458659e-10	-2.136180e-10	-7.708829e-01	-4.561505e+01
5.530000e-06	-2.131235e-10	-4.559996e-10	-1.132484e+00	-8.747125e+01
5.540000e-06	-2.803746e-10	-6.988416e-10	-1.494028e+00	-1.293749e+02
5.550000e-06	-3.476090e-10	-9.407888e-10	-1.855474e+00	-1.712286e+02
5.560000e-06	-4.148195e-10	-1.181222e-09	-2.216820e+00	-2.129349e+02
5.570000e-06	-4.819994e-10	-1.419827e-09	-2.578000e+00	-2.543984e+02
5.580000e-06	-5.491413e-10	-1.657239e-09	-2.938941e+00	-2.955283e+02
5.590000e-06	-6.162251e-10	-1.893141e-09	-3.299592e+00	-3.362404e+02
5.600000e-06	-6.832388e-10	-2.125795e-09	-3.659915e+00	-3.764590e+02
5.610000e-06	-7.501853e-10	-2.355194e-09	-4.019850e+00	-4.161181e+02
5.620000e-06	-8.170551e-10	-2.582553e-09	-4.379316e+00	-4.551623e+02
5.630000e-06	-8.838438e-10	-2.807148e-09	-4.738348e+00	-4.935473e+02
5.640000e-06	-9.505577e-10	-3.026762e-09	-5.097034e+00	-5.312402e+02
5.650000e-06	-1.017203e-09	-3.240847e-09	-5.455370e+00	-5.682182e+02
5.660000e-06	-1.083785e-09	-3.450597e-09	-5.813351e+00	-6.044688e+02
5.670000e-06	-1.150310e-09	-3.657141e-09	-6.170993e+00	-6.399879e+02
5.680000e-06	-1.216768e-09	-3.860764e-09	-6.528248e+00	-6.747788e+02
5.690000e-06	-1.283140e-09	-4.060195e-09	-6.885077e+00	-7.088509e+02
5.700000e-06	-1.349421e-09	-4.254093e-09	-7.241421e+00	-7.422180e+02
5.710000e-06	-1.415588e-09	-4.443475e-09	-7.597188e+00	-7.748971e+02
5.720000e-06	-1.481637e-09	-4.629770e-09	-7.952309e+00	-8.069070e+02
5.730000e-06	-1.547562e-09	-4.812788e-09	-8.306680e+00	-8.382670e+02
5.740000e-06	-1.613348e-09	-4.992192e-09	-8.660318e+00	-8.689965e+02
5.750000e-06	-1.678998e-09	-5.167908e-09	-9.013270e+00	-8.991138e+02
5.760000e-06	-1.744512e-09	-5.340020e-09	-9.365441e+00	-9.286361e+02
5.770000e-06	-1.809879e-09	-5.508742e-09	-9.716846e+00	-9.575788e+02
5.780000e-06	-1.875115e-09	-5.674246e-09	-1.006758e+01	-9.859560e+02
5.790000e-06	-1.940234e-09	-5.836389e-09	-1.041767e+01	-1.013780e+03
5.800000e-06	-2.005230e-09	-5.995009e-09	-1.076713e+01	-1.041064e+03
5.810000e-06	-2.070102e-09	-6.150748e-09	-1.111594e+01	-1.067816e+03
5.820000e-06	-2.134846e-09	-6.304091e-09	-1.146403e+01	-1.094049e+03
5.830000e-06	-2.199445e-09	-6.454810e-09	-1.181133e+01	-1.119773e+03
5.840000e-06	-2.263885e-09	-6.602530e-09	-1.215782e+01	-1.144998e+03
5.850000e-06	-2.328153e-09	-6.746666e-09	-1.250340e+01	-1.169738e+03
5.860000e-06	-2.392219e-09	-6.887283e-09	-1.284791e+01	-1.194004e+03
5.870000e-06	-2.456075e-09	-7.025528e-09	-1.319129e+01	-1.217811e+03
5.880000e-06	-2.519720e-09	-7.161890e-09	-1.353356e+01	-1.241173e+03
5.890000e-06	-2.583150e-09	-7.296143e-09	-1.387466e+01	-1.264108e+03
5.900000e-06	-2.646374e-09	-7.428166e-09	-1.421459e+01	-1.286632e+03
5.910000e-06	-2.709389e-09	-7.557944e-09	-1.455334e+01	-1.308762e+03
5.920000e-06	-2.772181e-09	-7.685496e-09	-1.489087e+01	-1.330516e+03
5.930000e-06	-2.834759e-09	-7.810826e-09	-1.522723e+01	-1.351910e+03
5.940000e-06	-2.897134e-09	-7.934174e-09	-1.556248e+01	-1.372960e+03
5.950000e-06	-2.959309e-09	-8.055515e-09	-1.589665e+01	-1.393681e+03
5.960000e-06	-3.021271e-09	-8.174561e-09	-1.622973e+01	-1.414087e+03
5.970000e-06	-3.083015e-09	-8.291754e-09	-1.656168e+01	-1.434187e+03
5.980000e-06	-3.144551e-09	-8.407446e-09	-1.689249e+01	-1.453990e+03
5.990000e-06	-3.205870e-09	-8.521477e-09	-1.722214e+01	-1.473503e+03
6.000000e-06	-3.266961e-09	-8.633986e-09	-1.755059e+01	-1.492731e+03
6.010000e-06	-3.327814e-09	-8.744514e-09	-1.787778e+01	-1.511674e+03
6.020000e-06	-3.388407e-09	-8.852881e-09	-1.820355e+01	-1.530334e+03
6.030000e-06	-3.448732e-09	-8.959934e-09	-1.852784e+01	-1.548710e+03
6.040000e-06	-3.508791e-09	-9.066040e-09	-1.885069e+01	-1.566801e+03
6.050000e-06	-3.568585e-09	-9.170735e-09	-1.917213e+01	-1.584604e+03
6.060000e-06	-3.628116e-09	-9.273290e-09	-1.949217e+01	-1.602120e+03
6.070000e-06	-3.687382e-09	-9.373649e-09	-1.981079e+01	-1.619349e+03
6.080000e-06	-3.746398e-09	-9.472672e-09	-2.012807e+01	-1.636292e+03
6.090000e-06	-3.805172e-09	-9.570974e-09	-2.044403e+01	-1.652952e+03
6.100000e-06	-3.863694e-09	-9.668070e-09	-2.075861e+01	-1.669335e+03
6.110000e-06	-3.921954e-09	-9.762953e-09	-2.107183e+01	-1.685450e+03
6.120000e-06	-3.979957e-09	-9.855748e-09	-2.138369e+01	-1.701304e+03
6.130000e-06	-4.037674e-09	-9.947045e-09	-2.169407e+01	-1.716911e+03
6.140000e-06	-4.095069e-09	-1.003662e-08	-2.200271e+01	-1.732281e+03
6.150000e-06	-4.152130e-09	-1.012443e-08	-2.230951e+01	-1.747427e+03
6.160000e-06	-4.208847e-09	-1.021104e-08	-2.261443e+01	-1.762362e+03
6.170000e-06	-4.265204e-09	-1.029713e-08	-2.291737e+01	-1.777097e+03
6.180000e-06	-4.321196e-09	-1.038275e-08	-2.321839e+01	-1.791643e+03
6.190000e-06	-4.376847e-09	-1.046790e-08	-2.351762e+01	-1.806006e+03
6.200000e-06	-4.432175e-09	-1.055228e-08	-2.381513e+01	-1.820194e+03
6.210000e-06	-4.487198e-09	-1.063492e-08	-2.411096e+01	-1.834209e+03
6.220000e-06	-4.541930e-09	-1.071540e-08	-2.440525e+01	-1.848051e+03
6.230000e-06	-4.596362e-09	-1.079440e-08	-2.469795e+01	-1.861718e+03
6.240000e-06	-4.650467e-09	-1.087260e-08	-2.498889e+01	-1.875206e+03
6.250000e-06	-4.704217e-09	-1.095024e-08	-2.527789e+01	-1.888510e+03
6.260000e-06	-4.757595e-09	-1.102747e-08	-2.556487e+01	-1.901623e+03
6.270000e-06	-4.810591e-09	-1.110358e-08	-2.584983e+01	-1.914538e+03
6.280000e-06	-4.863226e-09	-1.117795e-08	-2.613286e+01	-1.927251e+03
6.290000e-06	-4.915523e-09	-1.125093e-08	-2.641406e+01	-1.939756e+03
6.300000e-06	-4.967492e-09	-1.132318e-08	-2.669349e+01	-1.952051e+03
6.310000e-06	-5.019138e-09	-1.139425e-08	-2.697122e+01	-1.964136e+03
6.320000e-06	-5.070460e-09	-1.146338e-08	-2.724724e+01	-1.976015e+03
6.330000e-06	-5.121443e-09	-1.153192e-08	-2.752141e+01	-1.987693e+03
6.340000e-06	-5.172057e-09	-1.160044e-08	-2.779359e+01	-1.999178e+03
6.350000e-06	-5.222277e-09	-1.166775e-08	-2.806366e+01	-2.010479e+03
6.360000e-06	-5.272097e-09	-1.173325e-08	-2.833155e+01	-2.021609e+03
6.370000e-06	-5.321526e-09	-1.179725e-08	-2.859730e+01	-2.032579e+03
6.380000e-06	-5.370563e-09	-1.185987e-08	-2.886096e+01	-2.043401e+03
6.390000e-06	-5.419214e-09	-1.192177e-08	-2.912252e+01	-2.054089e+03
6.400000e-06	-5.467481e-09	-1.198392e-08	-2.938202e+01	-2.064650e+03
6.410000e-06	-5.515346e-09	-1.204594e-08	-2.963939e+01	-2.075095e+03
6.420000e-06	-5.562764e-09	-1.210691e-08	-2.989435e+01	-2.085427e+03
6.430000e-06	-5.609701e-09	-1.216627e-08	-3.014673e+01	-2.095650e+03
6.440000e-06	-5.656164e-09	-1.222468e-08	-3.039656e+01	-2.105764e+03
6.450000e-06	-5.702184e-09	-1.228285e-08	-3.064405e+01	-2.115766e+03
6.460000e-06	-5.747752e-09	-1.234031e-08	-3.088913e+01	-2.125651e+03
6.470000e-06	-5.792835e-09	-1.239639e-08	-3.113160e+01	-2.135413e+03
6.480000e-06	-5.837446e-09	-1.245143e-08	-3.137144e+01	-2.145043e+03
6.490000e-06	-5.881619e-09	-1.250654e-08	-3.160885e+01	-2.154534e+03
6.500000e-06	-5.925383e-09	-1.256199e-08	-3.184409e+01	-2.163875e+03
6.510000e-06	-5.968767e-09	-1.261683e-08	-3.207733e+01	-2.173059e+03
6.520000e-06	-6.011774e-09	-1.266963e-08	-3.230858e+01	-2.182080e+03
6.530000e-06	-6.054380e-09	-1.272039e-08	-3.253775e+01	-2.190932e+03
6.540000e-06	-6.096562e-09	-1.277066e-08	-3.276462e+01	-2.199611e+03
6.550000e-06	-6.138305e-09	-1.282106e-08	-3.298911e+01	-2.208116e+03
6.560000e-06	-6.179563e-09	-1.287097e-08	-3.321105e+01	-2.216446e+03
6.570000e-06	-6.220305e-09	-1.291908e-08	-3.343018e+01	-2.224604e+03
6.580000e-06	-6.260560e-09	-1.296542e-08	-3.364664e+01	-2.232593e+03
6.590000e-06	-6.300379e-09	-1.301161e-08	-3.386077e+01	-2.240418e+03
6.600000e-06	-6.339784e-09	-1.305774e-08	-3.407268e+01	-2.248085e+03
6.610000e-06	-6.378784e-09	-1.310281e-08	-3.428233e+01	-2.255598e+03
6.620000e-06	-6.417384e-09	-1.314634e-08	-3.448983e+01	-2.262965e+03
6.630000e-06	-6.455559e-09	-1.318869e-08	-3.469510e+01	-2.270193e+03
6.640000e-06	-6.493255e-09	-1.323044e-08	-3.489782e+01	-2.277287e+03
6.650000e-06	-6.530441e-09	-1.327123e-08	-3.509778e+01	-2.284254e+03
6.660000e-06	-6.567134e-09	-1.331078e-08	-3.529506e+01	-2.291099e+03
6.670000e-06	-6.603342e-09	-1.334951e-08	-3.548976e+01	-2.297828e+03
6.680000e-06	-6.639072e-09	-1.338748e-08	-3.568189e+01	-2.304447e+03
6.690000e-06	-6.674356e-09	-1.342476e-08	-3.587160e+01	-2.310958e+03
6.700000e-06	-6.709173e-09	-1.346190e-08	-3.605882e+01	-2.317368e+03
6.710000e-06	-6.743456e-09	-1.349891e-08	-3.624316e+01	-2.323679e+03
6.720000e-06	-6.777223e-09	-1.353502e-08	-3.642469e+01	-2.329896e+03
6.730000e-06	-6.810532e-09	-1.357035e-08	-3.660377e+01	-2.336022e+03
6.740000e-06	-6.843399e-09	-1.360579e-08	-3.678048e+01	-2.342058e+03
6.750000e-06	-6.875822e-09	-1.364117e-08	-3.695480e+01	-2.348006e+03
6.760000e-06	-6.907790e-09	-1.367557e-08	-3.712672e+01	-2.353868e+03
6.770000e-06	-6.939237e-09	-1.370865e-08	-3.729585e+01	-2.359641e+03
6.780000e-06	-6.970090e-09	-1.374122e-08	-3.746178e+01	-2.365326e+03
6.790000e-06	-7.000366e-09	-1.377375e-08	-3.762458e+01	-2.370918e+03
6.800000e-06	-7.030108e-09	-1.380618e-08	-3.778453e+01	-2.376415e+03
6.810000e-06	-7.059356e-09	-1.383825e-08	-3.794185e+01	-2.381811e+03
6.820000e-06	-7.088134e-09	-1.386912e-08	-3.809670e+01	-2.387101e+03
6.830000e-06	-7.116387e-09	-1.389898e-08	-3.824876e+01	-2.392278e+03
6.840000e-06	-7.144053e-09	-1.392881e-08	-3.839767e+01	-2.397336e+03
6.850000e-06	-7.171186e-09	-1.395834e-08	-3.854368e+01	-2.402270e+03
6.860000e-06	-7.197844e-09	-1.398662e-08	-3.868717e+01	-2.407073e+03
6.870000e-06	-7.224026e-09	-1.401356e-08	-3.882810e+01	-2.411740e+03
6.880000e-06	-7.249746e-09	-1.403983e-08	-3.896649e+01	-2.416269e+03
6.890000e-06	-7.274970e-09	-1.406539e-08	-3.910224e+01	-2.420657e+03
6.900000e-06	-7.299605e-09	-1.409058e-08	-3.923484e+01	-2.424904e+03
6.910000e-06	-7.323675e-09	-1.411571e-08	-3.936440e+01	-2.429010e+03
6.920000e-06	-7.347259e-09	-1.413954e-08	-3.949137e+01	-2.432979e+03
6.930000e-06	-7.370343e-09	-1.416171e-08	-3.961564e+01	-2.436814e+03
6.940000e-06	-7.392911e-09	-1.418339e-08	-3.973714e+01	-2.440521e+03
6.950000e-06	-7.414917e-09	-1.420498e-08	-3.985567e+01	-2.444106e+03
6.960000e-06	-7.436273e-09	-1.422597e-08	-3.997071e+01	-2.447576e+03
6.970000e-06	-7.456994e-09	-1.424586e-08	-4.008235e+01	-2.450937e+03
6.980000e-06	-7.477134e-09	-1.426498e-08	-4.019088e+01	-2.454196e+03
6.990000e-06	-7.496641e-09	-1.428392e-08	-4.029599e+01	-2.457360e+03
7.000000e-06	-7.515514e-09	-1.430260e-08	-4.039761e+01	-2.460433e+03
7.010000e-06	-7.533864e-09	-1.432072e-08	-4.049643e+01	-2.463421e+03
7.020000e-06	-7.551750e-09	-1.433827e-08	-4.059280e+01	-2.466327e+03
7.030000e-06	-7.569199e-09	-1.435520e-08	-4.068682e+01	-2.469154e+03
7.040000e-06	-7.586195e-09	-1.437180e-08	-4.077836e+01	-2.471903e+03
7.050000e-06	-7.602680e-09	-1.438809e-08	-4.086713e+01	-2.474574e+03
7.060000e-06	-7.618663e-09	-1.440328e-08	-4.095325e+01	-2.477169e+03
7.070000e-06	-7.634090e-09	-1.441794e-08	-4.103642e+01	-2.479687e+03
7.080000e-06	-7.648884e-09	-1.443290e-08	-4.111614e+01	-2.482126e+03
7.090000e-06	-7.663115e-09	-1.444796e-08	-4.119279e+01	-2.484487e+03
7.100000e-06	-7.676823e-09	-1.446233e-08	-4.126663e+01	-2.486768e+03
7.110000e-06	-7.689996e-09	-1.447572e-08	-4.133762e+01	-2.488968e+03
7.120000e-06	-7.702637e-09	-1.448810e-08	-4.140576e+01	-2.491088e+03
7.130000e-06	-7.714667e-09	-1.449980e-08	-4.147062e+01	-2.493126e+03
7.140000e-06	-7.726085e-09	-1.451178e-08	-4.153215e+01	-2.495084e+03
7.150000e-06	-7.736986e-09	-1.452326e-08	-4.159093e+01	-2.496960e+03
7.160000e-06	-7.747366e-09	-1.453361e-08	-4.164689e+01	-2.498755e+03
7.170000e-06	-7.757216e-09	-1.454333e-08	-4.170000e+01	-2.500468e+03
7.180000e-06	-7.766554e-09	-1.455288e-08	-4.175040e+01	-2.502099e+03
7.190000e-06	-7.775286e-09	-1.456219e-08	-4.179750e+01	-2.503648e+03
7.200000e-06	-7.783400e-09	-1.457110e-08	-4.184126e+01	-2.505112e+03
7.210000e-06	-7.790988e-09	-1.457933e-08	-4.188223e+01	-2.506491e+03
7.220000e-06	-7.798055e-09	-1.458654e-08	-4.192035e+01	-2.507781e+03
7.230000e-06	-7.804597e-09	-1.459371e-08	-4.195566e+01	-2.508981e+03
7.240000e-06	-7.810545e-09	-1.460114e-08	-4.198783e+01	-2.510087e+03
7.250000e-06	-7.815801e-09	-1.460772e-08	-4.201629e+01	-2.511095e+03
7.260000e-06	-7.820412e-09	-1.461275e-08	-4.204127e+01	-2.512002e+03
7.270000e-06	-7.824464e-09	-1.461660e-08	-4.206325e+01	-2.512803e+03
7.280000e-06	-7.828000e-09	-1.462034e-08	-4.208244e+01	-2.513496e+03
7.290000e-06	-7.831031e-09	-1.462410e-08	-4.209891e+01	-2.514076e+03
7.300000e-06	-7.833457e-09	-1.462738e-08	-4.211215e+01	-2.514540e+03
7.310000e-06	-7.835262e-09	-1.462935e-08	-4.212202e+01	-2.514886e+03
7.320000e-06	-7.836549e-09	-1.463014e-08	-4.212909e+01	-2.515113e+03
7.330000e-06	-7.837327e-09	-1.463077e-08	-4.213340e+01	-2.515218e+03
