# Concentracion g/m^3_=_53300.0
# C_Vs_to_Am_M_A/Vsm_=_128687336408.14134
# pendiente_HvsI_1/m_=_3716.3
# ordenada_HvsI_A/m_=_1297.0
# frecuencia_Hz_=_136503.67014130036
# Promedio de 30 ciclos

Tiempo_(s)	Campo_(V.s)	Magnetizacion_(V.s)	Campo_(kA/m)	Magnetizacion_(A/m)
0.000000e+00	-9.933744e-09	-2.140147e-08	-5.326874e+01	-3.051111e+03
1.000000e-08	-9.933594e-09	-2.140092e-08	-5.326782e+01	-3.051031e+03
2.000000e-08	-9.932680e-09	-2.139955e-08	-5.326280e+01	-3.050810e+03
3.000000e-08	-9.931031e-09	-2.139715e-08	-5.325385e+01	-3.050452e+03
4.000000e-08	-9.928736e-09	-2.139422e-08	-5.324145e+01	-3.049959e+03
5.000000e-08	-9.925824e-09	-2.139108e-08	-5.322577e+01	-3.049338e+03
6.000000e-08	-9.922236e-09	-2.138711e-08	-5.320643e+01	-3.048597e+03
7.000000e-08	-9.917873e-09	-2.138192e-08	-5.318291e+01	-3.047743e+03
8.000000e-08	-9.912798e-09	-2.137605e-08	-5.315557e+01	-3.046788e+03
9.000000e-08	-9.906933e-09	-2.137075e-08	-5.312398e+01	-3.045741e+03
1.000000e-07	-9.900047e-09	-2.136087e-08	-5.308689e+01	-3.044613e+03
1.100000e-07	-9.891984e-09	-2.134290e-08	-5.304346e+01	-3.043415e+03
1.200000e-07	-9.882811e-09	-2.132990e-08	-5.299411e+01	-3.042160e+03
1.300000e-07	-9.873031e-09	-2.133320e-08	-5.294165e+01	-3.040859e+03
1.400000e-07	-9.863221e-09	-2.133646e-08	-5.288907e+01	-3.039523e+03
1.500000e-07	-9.853055e-09	-2.131057e-08	-5.283443e+01	-3.038165e+03
1.600000e-07	-9.841784e-09	-2.127466e-08	-5.277377e+01	-3.036796e+03
1.700000e-07	-9.829617e-09	-2.128652e-08	-5.270843e+01	-3.035428e+03
1.800000e-07	-9.817202e-09	-2.130469e-08	-5.264181e+01	-3.034070e+03
1.900000e-07	-9.804163e-09	-2.125256e-08	-5.257173e+01	-3.032733e+03
2.000000e-07	-9.790085e-09	-2.121561e-08	-5.249606e+01	-3.031425e+03
2.100000e-07	-9.775457e-09	-2.125697e-08	-5.241757e+01	-3.030150e+03
2.200000e-07	-9.760485e-09	-2.126017e-08	-5.233721e+01	-3.028913e+03
2.300000e-07	-9.744573e-09	-2.120094e-08	-5.225170e+01	-3.027712e+03
2.400000e-07	-9.727674e-09	-2.120657e-08	-5.216094e+01	-3.026545e+03
2.500000e-07	-9.710285e-09	-2.123857e-08	-5.206764e+01	-3.025402e+03
2.600000e-07	-9.692141e-09	-2.118403e-08	-5.197020e+01	-3.024270e+03
2.700000e-07	-9.672956e-09	-2.114565e-08	-5.186719e+01	-3.023133e+03
2.800000e-07	-9.653084e-09	-2.118179e-08	-5.176060e+01	-3.021967e+03
2.900000e-07	-9.632561e-09	-2.115861e-08	-5.165047e+01	-3.020747e+03
3.000000e-07	-9.611024e-09	-2.109983e-08	-5.153484e+01	-3.019444e+03
3.100000e-07	-9.588798e-09	-2.112442e-08	-5.141558e+01	-3.018025e+03
3.200000e-07	-9.566105e-09	-2.113629e-08	-5.129383e+01	-3.016458e+03
3.300000e-07	-9.542588e-09	-2.107215e-08	-5.116759e+01	-3.014711e+03
3.400000e-07	-9.518272e-09	-2.106338e-08	-5.103710e+01	-3.012751e+03
3.500000e-07	-9.493459e-09	-2.109003e-08	-5.090398e+01	-3.010550e+03
3.600000e-07	-9.467989e-09	-2.103489e-08	-5.076731e+01	-3.008084e+03
3.700000e-07	-9.441744e-09	-2.099153e-08	-5.062653e+01	-3.005333e+03
3.800000e-07	-9.414857e-09	-2.100819e-08	-5.048228e+01	-3.002284e+03
3.900000e-07	-9.387233e-09	-2.096678e-08	-5.033401e+01	-2.998930e+03
4.000000e-07	-9.358812e-09	-2.090408e-08	-5.018149e+01	-2.995269e+03
4.100000e-07	-9.329722e-09	-2.090209e-08	-5.002543e+01	-2.991308e+03
4.200000e-07	-9.299856e-09	-2.087368e-08	-4.986517e+01	-2.987058e+03
4.300000e-07	-9.269127e-09	-2.081082e-08	-4.970029e+01	-2.982536e+03
4.400000e-07	-9.237679e-09	-2.079333e-08	-4.953157e+01	-2.977761e+03
4.500000e-07	-9.205529e-09	-2.077313e-08	-4.935906e+01	-2.972756e+03
4.600000e-07	-9.172715e-09	-2.071514e-08	-4.918300e+01	-2.967545e+03
4.700000e-07	-9.139334e-09	-2.067895e-08	-4.900391e+01	-2.962151e+03
4.800000e-07	-9.105389e-09	-2.065345e-08	-4.882179e+01	-2.956597e+03
4.900000e-07	-9.070842e-09	-2.060307e-08	-4.863644e+01	-2.950902e+03
5.000000e-07	-9.035709e-09	-2.056020e-08	-4.844796e+01	-2.945083e+03
5.100000e-07	-8.999920e-09	-2.053018e-08	-4.825597e+01	-2.939151e+03
5.200000e-07	-8.963436e-09	-2.048667e-08	-4.806023e+01	-2.933114e+03
5.300000e-07	-8.926278e-09	-2.043989e-08	-4.786086e+01	-2.926977e+03
5.400000e-07	-8.888427e-09	-2.039925e-08	-4.765777e+01	-2.920739e+03
5.500000e-07	-8.849827e-09	-2.035401e-08	-4.745069e+01	-2.914398e+03
5.600000e-07	-8.810518e-09	-2.030561e-08	-4.723983e+01	-2.907947e+03
5.700000e-07	-8.770545e-09	-2.025917e-08	-4.702538e+01	-2.901378e+03
5.800000e-07	-8.729936e-09	-2.021154e-08	-4.680754e+01	-2.894684e+03
5.900000e-07	-8.688766e-09	-2.016215e-08	-4.658670e+01	-2.887855e+03
6.000000e-07	-8.647050e-09	-2.011441e-08	-4.636292e+01	-2.880884e+03
6.100000e-07	-8.604705e-09	-2.006729e-08	-4.613575e+01	-2.873763e+03
6.200000e-07	-8.561733e-09	-2.001587e-08	-4.590522e+01	-2.866488e+03
6.300000e-07	-8.518169e-09	-1.996043e-08	-4.567152e+01	-2.859056e+03
6.400000e-07	-8.473981e-09	-1.990653e-08	-4.543445e+01	-2.851463e+03
6.500000e-07	-8.429125e-09	-1.985319e-08	-4.519383e+01	-2.843712e+03
6.600000e-07	-8.383594e-09	-1.979709e-08	-4.494962e+01	-2.835803e+03
6.700000e-07	-8.337365e-09	-1.974039e-08	-4.470165e+01	-2.827739e+03
6.800000e-07	-8.290444e-09	-1.968359e-08	-4.444994e+01	-2.819522e+03
6.900000e-07	-8.242873e-09	-1.962449e-08	-4.419476e+01	-2.811156e+03
7.000000e-07	-8.194662e-09	-1.956507e-08	-4.393617e+01	-2.802643e+03
7.100000e-07	-8.145827e-09	-1.950549e-08	-4.367424e+01	-2.793985e+03
7.200000e-07	-8.096396e-09	-1.944250e-08	-4.340910e+01	-2.785182e+03
7.300000e-07	-8.046428e-09	-1.937877e-08	-4.314106e+01	-2.776233e+03
7.400000e-07	-7.995969e-09	-1.931743e-08	-4.287041e+01	-2.767136e+03
7.500000e-07	-7.944997e-09	-1.925415e-08	-4.259702e+01	-2.757889e+03
7.600000e-07	-7.893458e-09	-1.918718e-08	-4.232060e+01	-2.748487e+03
7.700000e-07	-7.841326e-09	-1.911871e-08	-4.204095e+01	-2.738926e+03
7.800000e-07	-7.788577e-09	-1.904911e-08	-4.175795e+01	-2.729201e+03
7.900000e-07	-7.735218e-09	-1.897857e-08	-4.147172e+01	-2.719308e+03
8.000000e-07	-7.681267e-09	-1.890775e-08	-4.118236e+01	-2.709242e+03
8.100000e-07	-7.626734e-09	-1.883613e-08	-4.088987e+01	-2.699000e+03
8.200000e-07	-7.571600e-09	-1.876228e-08	-4.059419e+01	-2.688580e+03
8.300000e-07	-7.515835e-09	-1.868638e-08	-4.029509e+01	-2.677980e+03
8.400000e-07	-7.459406e-09	-1.860985e-08	-3.999242e+01	-2.667201e+03
8.500000e-07	-7.402350e-09	-1.853244e-08	-3.968642e+01	-2.656242e+03
8.600000e-07	-7.344742e-09	-1.845355e-08	-3.937746e+01	-2.645105e+03
8.700000e-07	-7.286632e-09	-1.837483e-08	-3.906576e+01	-2.633791e+03
8.800000e-07	-7.228047e-09	-1.829600e-08	-3.875152e+01	-2.622303e+03
8.900000e-07	-7.169016e-09	-1.821593e-08	-3.843492e+01	-2.610642e+03
9.000000e-07	-7.109535e-09	-1.813447e-08	-3.811593e+01	-2.598809e+03
9.100000e-07	-7.049562e-09	-1.805114e-08	-3.779428e+01	-2.586804e+03
9.200000e-07	-6.989036e-09	-1.796524e-08	-3.746964e+01	-2.574627e+03
9.300000e-07	-6.927938e-09	-1.787704e-08	-3.714192e+01	-2.562276e+03
9.400000e-07	-6.866271e-09	-1.778872e-08	-3.681118e+01	-2.549748e+03
9.500000e-07	-6.804046e-09	-1.770095e-08	-3.647745e+01	-2.537041e+03
9.600000e-07	-6.741308e-09	-1.761122e-08	-3.614093e+01	-2.524148e+03
9.700000e-07	-6.678098e-09	-1.751775e-08	-3.580186e+01	-2.511066e+03
9.800000e-07	-6.614429e-09	-1.742146e-08	-3.546033e+01	-2.497788e+03
9.900000e-07	-6.550291e-09	-1.732517e-08	-3.511632e+01	-2.484310e+03
1.000000e-06	-6.485698e-09	-1.723001e-08	-3.476991e+01	-2.470625e+03
1.010000e-06	-6.420674e-09	-1.713437e-08	-3.442119e+01	-2.456728e+03
1.020000e-06	-6.355228e-09	-1.703641e-08	-3.407019e+01	-2.442616e+03
1.030000e-06	-6.289344e-09	-1.693623e-08	-3.371681e+01	-2.428284e+03
1.040000e-06	-6.223007e-09	-1.683547e-08	-3.336102e+01	-2.413728e+03
1.050000e-06	-6.156209e-09	-1.673397e-08	-3.300279e+01	-2.398946e+03
1.060000e-06	-6.088929e-09	-1.662942e-08	-3.264196e+01	-2.383936e+03
1.070000e-06	-6.021155e-09	-1.652203e-08	-3.227845e+01	-2.368695e+03
1.080000e-06	-5.952911e-09	-1.641386e-08	-3.191243e+01	-2.353220e+03
1.090000e-06	-5.884221e-09	-1.630501e-08	-3.154403e+01	-2.337509e+03
1.100000e-06	-5.815089e-09	-1.619442e-08	-3.117326e+01	-2.321558e+03
1.110000e-06	-5.745533e-09	-1.608091e-08	-3.080021e+01	-2.305365e+03
1.120000e-06	-5.675585e-09	-1.596421e-08	-3.042506e+01	-2.288924e+03
1.130000e-06	-5.605244e-09	-1.584594e-08	-3.004784e+01	-2.272230e+03
1.140000e-06	-5.534484e-09	-1.572698e-08	-2.966839e+01	-2.255278e+03
1.150000e-06	-5.463309e-09	-1.560666e-08	-2.928671e+01	-2.238061e+03
1.160000e-06	-5.391774e-09	-1.548475e-08	-2.890311e+01	-2.220575e+03
1.170000e-06	-5.319870e-09	-1.536074e-08	-2.851751e+01	-2.202811e+03
1.180000e-06	-5.247539e-09	-1.523476e-08	-2.812960e+01	-2.184765e+03
1.190000e-06	-5.174748e-09	-1.510742e-08	-2.773921e+01	-2.166432e+03
1.200000e-06	-5.101512e-09	-1.497848e-08	-2.734644e+01	-2.147807e+03
1.210000e-06	-5.027864e-09	-1.484742e-08	-2.695148e+01	-2.128886e+03
1.220000e-06	-4.953828e-09	-1.471364e-08	-2.655441e+01	-2.109666e+03
1.230000e-06	-4.879421e-09	-1.457771e-08	-2.615536e+01	-2.090147e+03
1.240000e-06	-4.804664e-09	-1.444043e-08	-2.575446e+01	-2.070325e+03
1.250000e-06	-4.729573e-09	-1.430019e-08	-2.535176e+01	-2.050200e+03
1.260000e-06	-4.654159e-09	-1.415617e-08	-2.494731e+01	-2.029771e+03
1.270000e-06	-4.578439e-09	-1.400941e-08	-2.454121e+01	-2.009036e+03
1.280000e-06	-4.502414e-09	-1.386106e-08	-2.413347e+01	-1.987991e+03
1.290000e-06	-4.426076e-09	-1.371205e-08	-2.372410e+01	-1.966632e+03
1.300000e-06	-4.349433e-09	-1.356121e-08	-2.331311e+01	-1.944954e+03
1.310000e-06	-4.272503e-09	-1.340761e-08	-2.290054e+01	-1.922949e+03
1.320000e-06	-4.195275e-09	-1.325181e-08	-2.248635e+01	-1.900607e+03
1.330000e-06	-4.117727e-09	-1.309364e-08	-2.207046e+01	-1.877919e+03
1.340000e-06	-4.039853e-09	-1.293236e-08	-2.165285e+01	-1.854871e+03
1.350000e-06	-3.961648e-09	-1.276807e-08	-2.123346e+01	-1.831450e+03
1.360000e-06	-3.883113e-09	-1.260090e-08	-2.081228e+01	-1.807643e+03
1.370000e-06	-3.804279e-09	-1.243004e-08	-2.038947e+01	-1.783436e+03
1.380000e-06	-3.725174e-09	-1.225649e-08	-1.996521e+01	-1.758816e+03
1.390000e-06	-3.645812e-09	-1.208154e-08	-1.953960e+01	-1.733770e+03
1.400000e-06	-3.566200e-09	-1.190357e-08	-1.911268e+01	-1.708289e+03
1.410000e-06	-3.486351e-09	-1.172162e-08	-1.868451e+01	-1.682362e+03
1.420000e-06	-3.406270e-09	-1.153639e-08	-1.825509e+01	-1.655983e+03
1.430000e-06	-3.325945e-09	-1.134797e-08	-1.782434e+01	-1.629144e+03
1.440000e-06	-3.245359e-09	-1.115723e-08	-1.739218e+01	-1.601842e+03
1.450000e-06	-3.164518e-09	-1.096386e-08	-1.695868e+01	-1.574070e+03
1.460000e-06	-3.083434e-09	-1.076602e-08	-1.652388e+01	-1.545824e+03
1.470000e-06	-3.002087e-09	-1.056398e-08	-1.608767e+01	-1.517098e+03
1.480000e-06	-2.920454e-09	-1.035904e-08	-1.564993e+01	-1.487887e+03
1.490000e-06	-2.838538e-09	-1.015176e-08	-1.521066e+01	-1.458180e+03
1.500000e-06	-2.756359e-09	-9.941296e-09	-1.476997e+01	-1.427966e+03
1.510000e-06	-2.673951e-09	-9.726739e-09	-1.432805e+01	-1.397231e+03
1.520000e-06	-2.591359e-09	-9.507843e-09	-1.388513e+01	-1.365959e+03
1.530000e-06	-2.508611e-09	-9.284585e-09	-1.344138e+01	-1.334131e+03
1.540000e-06	-2.425707e-09	-9.057597e-09	-1.299682e+01	-1.301726e+03
1.550000e-06	-2.342647e-09	-8.826386e-09	-1.255144e+01	-1.268721e+03
1.560000e-06	-2.259444e-09	-8.590242e-09	-1.210529e+01	-1.235092e+03
1.570000e-06	-2.176098e-09	-8.350083e-09	-1.165836e+01	-1.200818e+03
1.580000e-06	-2.092582e-09	-8.107065e-09	-1.121051e+01	-1.165874e+03
1.590000e-06	-2.008889e-09	-7.859887e-09	-1.076168e+01	-1.130241e+03
1.600000e-06	-1.925040e-09	-7.606097e-09	-1.031199e+01	-1.093898e+03
1.610000e-06	-1.841032e-09	-7.345307e-09	-9.861455e+00	-1.056828e+03
1.620000e-06	-1.756862e-09	-7.079186e-09	-9.410065e+00	-1.019015e+03
1.630000e-06	-1.672550e-09	-6.808701e-09	-8.957924e+00	-9.804444e+02
1.640000e-06	-1.588110e-09	-6.533626e-09	-8.505079e+00	-9.411023e+02
1.650000e-06	-1.503557e-09	-6.253186e-09	-8.051623e+00	-9.009748e+02
1.660000e-06	-1.418927e-09	-5.966321e-09	-7.597766e+00	-8.600471e+02
1.670000e-06	-1.334239e-09	-5.673095e-09	-7.143606e+00	-8.183030e+02
1.680000e-06	-1.249497e-09	-5.374527e-09	-6.689152e+00	-7.757239e+02
1.690000e-06	-1.164693e-09	-5.071020e-09	-6.234367e+00	-7.322887e+02
1.700000e-06	-1.079820e-09	-4.760800e-09	-5.779196e+00	-6.879742e+02
1.710000e-06	-9.948840e-10	-4.442762e-09	-5.323667e+00	-6.427557e+02
1.720000e-06	-9.098793e-10	-4.118462e-09	-4.867788e+00	-5.966080e+02
1.730000e-06	-8.248010e-10	-3.789204e-09	-4.411527e+00	-5.495075e+02
1.740000e-06	-7.396540e-10	-3.454083e-09	-3.954894e+00	-5.014343e+02
1.750000e-06	-6.544408e-10	-3.111017e-09	-3.497904e+00	-4.523750e+02
1.760000e-06	-5.691670e-10	-2.759463e-09	-3.040595e+00	-4.023255e+02
1.770000e-06	-4.838487e-10	-2.401163e-09	-2.583061e+00	-3.512941e+02
1.780000e-06	-3.984865e-10	-2.036912e-09	-2.125304e+00	-2.993043e+02
1.790000e-06	-3.130854e-10	-1.665822e-09	-1.667327e+00	-2.463969e+02
1.800000e-06	-2.276810e-10	-1.288109e-09	-1.209309e+00	-1.926324e+02
1.810000e-06	-1.422989e-10	-9.057461e-10	-7.514085e-01	-1.380916e+02
1.820000e-06	-5.694605e-11	-5.198398e-10	-2.936722e-01	-8.287552e+01
1.830000e-06	2.838761e-11	-1.302317e-10	1.639578e-01	-2.710517e+01
1.840000e-06	1.137084e-10	2.627044e-10	6.215212e-01	2.908102e+01
1.850000e-06	1.990076e-10	6.581241e-10	1.078988e+00	8.552982e+01
1.860000e-06	2.843015e-10	1.054617e-09	1.536426e+00	1.420770e+02
1.870000e-06	3.696022e-10	1.450012e-09	1.993884e+00	1.985520e+02
1.880000e-06	4.548994e-10	1.842620e-09	2.451312e+00	2.547823e+02
1.890000e-06	5.401842e-10	2.232025e-09	2.908657e+00	3.105991e+02
1.900000e-06	6.254450e-10	2.617509e-09	3.365888e+00	3.658416e+02
1.910000e-06	7.106683e-10	2.998153e-09	3.822928e+00	4.203621e+02
1.920000e-06	7.958438e-10	3.373245e-09	4.279709e+00	4.740293e+02
1.930000e-06	8.809532e-10	3.740341e-09	4.736138e+00	5.267318e+02
1.940000e-06	9.659770e-10	4.098243e-09	5.192091e+00	5.783796e+02
1.950000e-06	1.050902e-09	4.448543e-09	5.647507e+00	6.289054e+02
1.960000e-06	1.135722e-09	4.791331e-09	6.102370e+00	6.782643e+02
1.970000e-06	1.220446e-09	5.125408e-09	6.556727e+00	7.264324e+02
1.980000e-06	1.305081e-09	5.451278e-09	7.010578e+00	7.734049e+02
1.990000e-06	1.389624e-09	5.769946e-09	7.463937e+00	8.191935e+02
2.000000e-06	1.474093e-09	6.080964e-09	7.916917e+00	8.638228e+02
2.010000e-06	1.558500e-09	6.384497e-09	8.369559e+00	9.073271e+02
2.020000e-06	1.642822e-09	6.681379e-09	8.821737e+00	9.497470e+02
2.030000e-06	1.727038e-09	6.970285e-09	9.273320e+00	9.911262e+02
2.040000e-06	1.811130e-09	7.250371e-09	9.724241e+00	1.031509e+03
2.050000e-06	1.895080e-09	7.524374e-09	1.017441e+01	1.070938e+03
2.060000e-06	1.978871e-09	7.793810e-09	1.062373e+01	1.109451e+03
2.070000e-06	2.062490e-09	8.057183e-09	1.107213e+01	1.147085e+03
2.080000e-06	2.145934e-09	8.313075e-09	1.151956e+01	1.183870e+03
2.090000e-06	2.229205e-09	8.561487e-09	1.196605e+01	1.219834e+03
2.100000e-06	2.312293e-09	8.803870e-09	1.241157e+01	1.255000e+03
2.110000e-06	2.395198e-09	9.041818e-09	1.285609e+01	1.289390e+03
2.120000e-06	2.477922e-09	9.275566e-09	1.329965e+01	1.323024e+03
2.130000e-06	2.560469e-09	9.503892e-09	1.374226e+01	1.355923e+03
2.140000e-06	2.642837e-09	9.726648e-09	1.418391e+01	1.388109e+03
2.150000e-06	2.725010e-09	9.945483e-09	1.462449e+01	1.419603e+03
2.160000e-06	2.806967e-09	1.016108e-08	1.506390e+01	1.450429e+03
2.170000e-06	2.888706e-09	1.037228e-08	1.550212e+01	1.480612e+03
2.180000e-06	2.970231e-09	1.057840e-08	1.593917e+01	1.510179e+03
2.190000e-06	3.051520e-09	1.077972e-08	1.637500e+01	1.539155e+03
2.200000e-06	3.132555e-09	1.097685e-08	1.680950e+01	1.567566e+03
2.210000e-06	3.213334e-09	1.117019e-08	1.724262e+01	1.595436e+03
2.220000e-06	3.293839e-09	1.136059e-08	1.767428e+01	1.622786e+03
2.230000e-06	3.374061e-09	1.154816e-08	1.810442e+01	1.649636e+03
2.240000e-06	3.454013e-09	1.173206e-08	1.853311e+01	1.676001e+03
2.250000e-06	3.533702e-09	1.191311e-08	1.896038e+01	1.701894e+03
2.260000e-06	3.613138e-09	1.209111e-08	1.938631e+01	1.727325e+03
2.270000e-06	3.692325e-09	1.226480e-08	1.981093e+01	1.752300e+03
2.280000e-06	3.771264e-09	1.243393e-08	2.023420e+01	1.776827e+03
2.290000e-06	3.849941e-09	1.259962e-08	2.065605e+01	1.800910e+03
2.300000e-06	3.928336e-09	1.276284e-08	2.107640e+01	1.824555e+03
2.310000e-06	4.006441e-09	1.292424e-08	2.149516e+01	1.847768e+03
2.320000e-06	4.084260e-09	1.308345e-08	2.191238e+01	1.870557e+03
2.330000e-06	4.161783e-09	1.323878e-08	2.232801e+01	1.892935e+03
2.340000e-06	4.238985e-09	1.339053e-08	2.274195e+01	1.914913e+03
2.350000e-06	4.315858e-09	1.354006e-08	2.315414e+01	1.936508e+03
2.360000e-06	4.392402e-09	1.368780e-08	2.356454e+01	1.957737e+03
2.370000e-06	4.468629e-09	1.383341e-08	2.397325e+01	1.978618e+03
2.380000e-06	4.544543e-09	1.397693e-08	2.438031e+01	1.999170e+03
2.390000e-06	4.620129e-09	1.411790e-08	2.478560e+01	2.019412e+03
2.400000e-06	4.695373e-09	1.425597e-08	2.518903e+01	2.039357e+03
2.410000e-06	4.770288e-09	1.439187e-08	2.559070e+01	2.059020e+03
2.420000e-06	4.844892e-09	1.452515e-08	2.599068e+01	2.078410e+03
2.430000e-06	4.919179e-09	1.465557e-08	2.638895e+01	2.097533e+03
2.440000e-06	4.993127e-09	1.478473e-08	2.678543e+01	2.116390e+03
2.450000e-06	5.066713e-09	1.491354e-08	2.717998e+01	2.134980e+03
2.460000e-06	5.139914e-09	1.504082e-08	2.757243e+01	2.153299e+03
2.470000e-06	5.212693e-09	1.516565e-08	2.796262e+01	2.171340e+03
2.480000e-06	5.285028e-09	1.528850e-08	2.835042e+01	2.189095e+03
2.490000e-06	5.356916e-09	1.540997e-08	2.873581e+01	2.206559e+03
2.500000e-06	5.428373e-09	1.553020e-08	2.911889e+01	2.223725e+03
2.510000e-06	5.499406e-09	1.564871e-08	2.949971e+01	2.240591e+03
2.520000e-06	5.570012e-09	1.576484e-08	2.987826e+01	2.257156e+03
2.530000e-06	5.640203e-09	1.587878e-08	3.025460e+01	2.273426e+03
2.540000e-06	5.709998e-09	1.599096e-08	3.062882e+01	2.289407e+03
2.550000e-06	5.779418e-09	1.610130e-08	3.100103e+01	2.305112e+03
2.560000e-06	5.848450e-09	1.620899e-08	3.137114e+01	2.320552e+03
2.570000e-06	5.917062e-09	1.631337e-08	3.173899e+01	2.335746e+03
2.580000e-06	5.985257e-09	1.641565e-08	3.210461e+01	2.350709e+03
2.590000e-06	6.053023e-09	1.651732e-08	3.246793e+01	2.365459e+03
2.600000e-06	6.120332e-09	1.661889e-08	3.282881e+01	2.380008e+03
2.610000e-06	6.187174e-09	1.671932e-08	3.318717e+01	2.394371e+03
2.620000e-06	6.253550e-09	1.681756e-08	3.354304e+01	2.408555e+03
2.630000e-06	6.319453e-09	1.691417e-08	3.389639e+01	2.422566e+03
2.640000e-06	6.384874e-09	1.701007e-08	3.424714e+01	2.436405e+03
2.650000e-06	6.449826e-09	1.710489e-08	3.459537e+01	2.450069e+03
2.660000e-06	6.514320e-09	1.719789e-08	3.494115e+01	2.463553e+03
2.670000e-06	6.578360e-09	1.728963e-08	3.528449e+01	2.476850e+03
2.680000e-06	6.641943e-09	1.738065e-08	3.562538e+01	2.489948e+03
2.690000e-06	6.705081e-09	1.747075e-08	3.596391e+01	2.502840e+03
2.700000e-06	6.767761e-09	1.755985e-08	3.629997e+01	2.515517e+03
2.710000e-06	6.829943e-09	1.764783e-08	3.663333e+01	2.527973e+03
2.720000e-06	6.891609e-09	1.773351e-08	3.696392e+01	2.540205e+03
2.730000e-06	6.952734e-09	1.781662e-08	3.729158e+01	2.552211e+03
2.740000e-06	7.013306e-09	1.789835e-08	3.761628e+01	2.563997e+03
2.750000e-06	7.073345e-09	1.797886e-08	3.793816e+01	2.575569e+03
2.760000e-06	7.132872e-09	1.805784e-08	3.825731e+01	2.586938e+03
2.770000e-06	7.191885e-09	1.813517e-08	3.857368e+01	2.598115e+03
2.780000e-06	7.250377e-09	1.821097e-08	3.888724e+01	2.609116e+03
2.790000e-06	7.308347e-09	1.828601e-08	3.919800e+01	2.619954e+03
2.800000e-06	7.365786e-09	1.836060e-08	3.950589e+01	2.630643e+03
2.810000e-06	7.422694e-09	1.843357e-08	3.981093e+01	2.641197e+03
2.820000e-06	7.479052e-09	1.850446e-08	4.011304e+01	2.651626e+03
2.830000e-06	7.534837e-09	1.857488e-08	4.041207e+01	2.661935e+03
2.840000e-06	7.590051e-09	1.864553e-08	4.070804e+01	2.672130e+03
2.850000e-06	7.644683e-09	1.871504e-08	4.100089e+01	2.682211e+03
2.860000e-06	7.698733e-09	1.878309e-08	4.129064e+01	2.692175e+03
2.870000e-06	7.752224e-09	1.885049e-08	4.157741e+01	2.702016e+03
2.880000e-06	7.805152e-09	1.891712e-08	4.186116e+01	2.711727e+03
2.890000e-06	7.857487e-09	1.898269e-08	4.214170e+01	2.721299e+03
2.900000e-06	7.909214e-09	1.904741e-08	4.241899e+01	2.730720e+03
2.910000e-06	7.960348e-09	1.911135e-08	4.269310e+01	2.739982e+03
2.920000e-06	8.010918e-09	1.917455e-08	4.296420e+01	2.749076e+03
2.930000e-06	8.060957e-09	1.923675e-08	4.323246e+01	2.757992e+03
2.940000e-06	8.110444e-09	1.929780e-08	4.349775e+01	2.766727e+03
2.950000e-06	8.159355e-09	1.935729e-08	4.375993e+01	2.775274e+03
2.960000e-06	8.207684e-09	1.941516e-08	4.401899e+01	2.783634e+03
2.970000e-06	8.255417e-09	1.947180e-08	4.427486e+01	2.791806e+03
2.980000e-06	8.302554e-09	1.952736e-08	4.452752e+01	2.799792e+03
2.990000e-06	8.349060e-09	1.958224e-08	4.477677e+01	2.807596e+03
3.000000e-06	8.394881e-09	1.963573e-08	4.502234e+01	2.815225e+03
3.010000e-06	8.440018e-09	1.968756e-08	4.526426e+01	2.822683e+03
3.020000e-06	8.484504e-09	1.973822e-08	4.550272e+01	2.829979e+03
3.030000e-06	8.528392e-09	1.978739e-08	4.573800e+01	2.837120e+03
3.040000e-06	8.571697e-09	1.983506e-08	4.597012e+01	2.844114e+03
3.050000e-06	8.614378e-09	1.988210e-08	4.619888e+01	2.850967e+03
3.060000e-06	8.656409e-09	1.992858e-08	4.642415e+01	2.857689e+03
3.070000e-06	8.697794e-09	1.997427e-08	4.664597e+01	2.864286e+03
3.080000e-06	8.738573e-09	2.001972e-08	4.686455e+01	2.870766e+03
3.090000e-06	8.778764e-09	2.006521e-08	4.707996e+01	2.877133e+03
3.100000e-06	8.818313e-09	2.010941e-08	4.729192e+01	2.883395e+03
3.110000e-06	8.857173e-09	2.015176e-08	4.750019e+01	2.889557e+03
3.120000e-06	8.895359e-09	2.019353e-08	4.770485e+01	2.895621e+03
3.130000e-06	8.932921e-09	2.023525e-08	4.790617e+01	2.901591e+03
3.140000e-06	8.969893e-09	2.027616e-08	4.810433e+01	2.907468e+03
3.150000e-06	9.006232e-09	2.031573e-08	4.829906e+01	2.913252e+03
3.160000e-06	9.041872e-09	2.035468e-08	4.849000e+01	2.918940e+03
3.170000e-06	9.076814e-09	2.039358e-08	4.867724e+01	2.924531e+03
3.180000e-06	9.111116e-09	2.043194e-08	4.886108e+01	2.930017e+03
3.190000e-06	9.144818e-09	2.046905e-08	4.904171e+01	2.935393e+03
3.200000e-06	9.177904e-09	2.050501e-08	4.921901e+01	2.940652e+03
3.210000e-06	9.210330e-09	2.054010e-08	4.939275e+01	2.945785e+03
3.220000e-06	9.242079e-09	2.057445e-08	4.956286e+01	2.950784e+03
3.230000e-06	9.273171e-09	2.060819e-08	4.972946e+01	2.955640e+03
3.240000e-06	9.303595e-09	2.064124e-08	4.989247e+01	2.960348e+03
3.250000e-06	9.333290e-09	2.067314e-08	5.005156e+01	2.964900e+03
3.260000e-06	9.362244e-09	2.070386e-08	5.020670e+01	2.969294e+03
3.270000e-06	9.390509e-09	2.073408e-08	5.035815e+01	2.973528e+03
3.280000e-06	9.418114e-09	2.076331e-08	5.050608e+01	2.977602e+03
3.290000e-06	9.445037e-09	2.079048e-08	5.065034e+01	2.981519e+03
3.300000e-06	9.471231e-09	2.081637e-08	5.079068e+01	2.985286e+03
3.310000e-06	9.496705e-09	2.084151e-08	5.092717e+01	2.988908e+03
3.320000e-06	9.521528e-09	2.086550e-08	5.106018e+01	2.992394e+03
3.330000e-06	9.545743e-09	2.088848e-08	5.118994e+01	2.995754e+03
3.340000e-06	9.569319e-09	2.091109e-08	5.131625e+01	2.998996e+03
3.350000e-06	9.592173e-09	2.093350e-08	5.143865e+01	3.002131e+03
3.360000e-06	9.614307e-09	2.095499e-08	5.155724e+01	3.005166e+03
3.370000e-06	9.635763e-09	2.097547e-08	5.167218e+01	3.008108e+03
3.380000e-06	9.656469e-09	2.099451e-08	5.178306e+01	3.010963e+03
3.390000e-06	9.676330e-09	2.101206e-08	5.188941e+01	3.013734e+03
3.400000e-06	9.695403e-09	2.102845e-08	5.199158e+01	3.016422e+03
3.410000e-06	9.713793e-09	2.104432e-08	5.209012e+01	3.019027e+03
3.420000e-06	9.731541e-09	2.106077e-08	5.218522e+01	3.021549e+03
3.430000e-06	9.748580e-09	2.107709e-08	5.227648e+01	3.023986e+03
3.440000e-06	9.764841e-09	2.109243e-08	5.236358e+01	3.026333e+03
3.450000e-06	9.780393e-09	2.110735e-08	5.244691e+01	3.028589e+03
3.460000e-06	9.795302e-09	2.112207e-08	5.252678e+01	3.030752e+03
3.470000e-06	9.809562e-09	2.113548e-08	5.260315e+01	3.032819e+03
3.480000e-06	9.823083e-09	2.114719e-08	5.267557e+01	3.034790e+03
3.490000e-06	9.835868e-09	2.115848e-08	5.274405e+01	3.036666e+03
3.500000e-06	9.847999e-09	2.117014e-08	5.280905e+01	3.038446e+03
3.510000e-06	9.859502e-09	2.118154e-08	5.287067e+01	3.040133e+03
3.520000e-06	9.870324e-09	2.119218e-08	5.292860e+01	3.041728e+03
3.530000e-06	9.880341e-09	2.120251e-08	5.298219e+01	3.043234e+03
3.540000e-06	9.889582e-09	2.121257e-08	5.303166e+01	3.044651e+03
3.550000e-06	9.898155e-09	2.122184e-08	5.307755e+01	3.045981e+03
3.560000e-06	9.906076e-09	2.123011e-08	5.311995e+01	3.047223e+03
3.570000e-06	9.913285e-09	2.123704e-08	5.315850e+01	3.048374e+03
3.580000e-06	9.919722e-09	2.124314e-08	5.319292e+01	3.049433e+03
3.590000e-06	9.925416e-09	2.124927e-08	5.322336e+01	3.050395e+03
3.600000e-06	9.930383e-09	2.125483e-08	5.324986e+01	3.051253e+03
3.610000e-06	9.934548e-09	2.125966e-08	5.327207e+01	3.052002e+03
3.620000e-06	9.937911e-09	2.126422e-08	5.329003e+01	3.052634e+03
3.630000e-06	9.940575e-09	2.126783e-08	5.330425e+01	3.053144e+03
3.640000e-06	9.942592e-09	2.127009e-08	5.331500e+01	3.053524e+03
3.650000e-06	9.943940e-09	2.127131e-08	5.332215e+01	3.053769e+03
3.660000e-06	9.944526e-09	2.127142e-08	5.332520e+01	3.053877e+03
3.670000e-06	9.944369e-09	2.127057e-08	5.332426e+01	3.053844e+03
3.680000e-06	9.943550e-09	2.126903e-08	5.331978e+01	3.053670e+03
3.690000e-06	9.942101e-09	2.126613e-08	5.331193e+01	3.053356e+03
3.700000e-06	9.939966e-09	2.126226e-08	5.330037e+01	3.052908e+03
3.710000e-06	9.937079e-09	2.125774e-08	5.328478e+01	3.052329e+03
3.720000e-06	9.933526e-09	2.125210e-08	5.326564e+01	3.051627e+03
3.730000e-06	9.929360e-09	2.124614e-08	5.324323e+01	3.050810e+03
3.740000e-06	9.924523e-09	2.123864e-08	5.321719e+01	3.049887e+03
3.750000e-06	9.918908e-09	2.122891e-08	5.318696e+01	3.048870e+03
3.760000e-06	9.912337e-09	2.122796e-08	5.315159e+01	3.047767e+03
3.770000e-06	9.904441e-09	2.123343e-08	5.310906e+01	3.046592e+03
3.780000e-06	9.895063e-09	2.121769e-08	5.305858e+01	3.045354e+03
3.790000e-06	9.885005e-09	2.117847e-08	5.300459e+01	3.044067e+03
3.800000e-06	9.875178e-09	2.116705e-08	5.295192e+01	3.042742e+03
3.810000e-06	9.865252e-09	2.119871e-08	5.289863e+01	3.041390e+03
3.820000e-06	9.854149e-09	2.119565e-08	5.283893e+01	3.040023e+03
3.830000e-06	9.841944e-09	2.113353e-08	5.277342e+01	3.038654e+03
3.840000e-06	9.829561e-09	2.112354e-08	5.270706e+01	3.037292e+03
3.850000e-06	9.816785e-09	2.117453e-08	5.263847e+01	3.035947e+03
3.860000e-06	9.802754e-09	2.115461e-08	5.256304e+01	3.034628e+03
3.870000e-06	9.787906e-09	2.109704e-08	5.248333e+01	3.033342e+03
3.880000e-06	9.772929e-09	2.113365e-08	5.240300e+01	3.032092e+03
3.890000e-06	9.757241e-09	2.118128e-08	5.231875e+01	3.030879e+03
3.900000e-06	9.740472e-09	2.112091e-08	5.222870e+01	3.029702e+03
3.910000e-06	9.723214e-09	2.107745e-08	5.213609e+01	3.028552e+03
3.920000e-06	9.705486e-09	2.112343e-08	5.204094e+01	3.027418e+03
3.930000e-06	9.686606e-09	2.111767e-08	5.193956e+01	3.026285e+03
3.940000e-06	9.666773e-09	2.106109e-08	5.183312e+01	3.025131e+03
3.950000e-06	9.646515e-09	2.109510e-08	5.172446e+01	3.023932e+03
3.960000e-06	9.625550e-09	2.113464e-08	5.161192e+01	3.022660e+03
3.970000e-06	9.603606e-09	2.107542e-08	5.149413e+01	3.021284e+03
3.980000e-06	9.580965e-09	2.105617e-08	5.137265e+01	3.019770e+03
3.990000e-06	9.557711e-09	2.109786e-08	5.124787e+01	3.018087e+03
4.000000e-06	9.533821e-09	2.105646e-08	5.111969e+01	3.016201e+03
4.010000e-06	9.509295e-09	2.100525e-08	5.098810e+01	3.014083e+03
4.020000e-06	9.483975e-09	2.104735e-08	5.085220e+01	3.011708e+03
4.030000e-06	9.457876e-09	2.104395e-08	5.071215e+01	3.009054e+03
4.040000e-06	9.431211e-09	2.098201e-08	5.056910e+01	3.006106e+03
4.050000e-06	9.403872e-09	2.100253e-08	5.042244e+01	3.002853e+03
4.060000e-06	9.375741e-09	2.101150e-08	5.027151e+01	2.999294e+03
4.070000e-06	9.346888e-09	2.093778e-08	5.011668e+01	2.995432e+03
4.080000e-06	9.317202e-09	2.092437e-08	4.995739e+01	2.991277e+03
4.090000e-06	9.286651e-09	2.092692e-08	4.979350e+01	2.986844e+03
4.100000e-06	9.255476e-09	2.085293e-08	4.962628e+01	2.982150e+03
4.110000e-06	9.223682e-09	2.081464e-08	4.945570e+01	2.977220e+03
4.120000e-06	9.191159e-09	2.081100e-08	4.928120e+01	2.972075e+03
4.130000e-06	9.158055e-09	2.075740e-08	4.910362e+01	2.966740e+03
4.140000e-06	9.124372e-09	2.071446e-08	4.892293e+01	2.961237e+03
4.150000e-06	9.089977e-09	2.069510e-08	4.873841e+01	2.955587e+03
4.160000e-06	9.054893e-09	2.064358e-08	4.855019e+01	2.949807e+03
4.170000e-06	9.019143e-09	2.059406e-08	4.835839e+01	2.943912e+03
4.180000e-06	8.982721e-09	2.056348e-08	4.816298e+01	2.937909e+03
4.190000e-06	8.945710e-09	2.052037e-08	4.796445e+01	2.931806e+03
4.200000e-06	8.908038e-09	2.047520e-08	4.776235e+01	2.925602e+03
4.210000e-06	8.869629e-09	2.043471e-08	4.755627e+01	2.919295e+03
4.220000e-06	8.830546e-09	2.038973e-08	4.734658e+01	2.912882e+03
4.230000e-06	8.790811e-09	2.034613e-08	4.713344e+01	2.906353e+03
4.240000e-06	8.750422e-09	2.029892e-08	4.691682e+01	2.899702e+03
4.250000e-06	8.709444e-09	2.024602e-08	4.669706e+01	2.892919e+03
4.260000e-06	8.667852e-09	2.019633e-08	4.647396e+01	2.885996e+03
4.270000e-06	8.625631e-09	2.014757e-08	4.624747e+01	2.878926e+03
4.280000e-06	8.582835e-09	2.009916e-08	4.601791e+01	2.871703e+03
4.290000e-06	8.539480e-09	2.005252e-08	4.578538e+01	2.864323e+03
4.300000e-06	8.495515e-09	2.000035e-08	4.554955e+01	2.856784e+03
4.310000e-06	8.450891e-09	1.994373e-08	4.531017e+01	2.849086e+03
4.320000e-06	8.405570e-09	1.988861e-08	4.506706e+01	2.841229e+03
4.330000e-06	8.359539e-09	1.983292e-08	4.482015e+01	2.833216e+03
4.340000e-06	8.312827e-09	1.977509e-08	4.456960e+01	2.825050e+03
4.350000e-06	8.265439e-09	1.971681e-08	4.431539e+01	2.816734e+03
4.360000e-06	8.217362e-09	1.965794e-08	4.405747e+01	2.808270e+03
4.370000e-06	8.168661e-09	1.959982e-08	4.379621e+01	2.799660e+03
4.380000e-06	8.119406e-09	1.954214e-08	4.353200e+01	2.790905e+03
4.390000e-06	8.069610e-09	1.948005e-08	4.326493e+01	2.782005e+03
4.400000e-06	8.019293e-09	1.941370e-08	4.299509e+01	2.772957e+03
4.410000e-06	7.968413e-09	1.934885e-08	4.272222e+01	2.763761e+03
4.420000e-06	7.916922e-09	1.928528e-08	4.244602e+01	2.754411e+03
4.430000e-06	7.864855e-09	1.922018e-08	4.216673e+01	2.744904e+03
4.440000e-06	7.812256e-09	1.915462e-08	4.188462e+01	2.735234e+03
4.450000e-06	7.759090e-09	1.908697e-08	4.159947e+01	2.725397e+03
4.460000e-06	7.705308e-09	1.901538e-08	4.131103e+01	2.715389e+03
4.470000e-06	7.650909e-09	1.894349e-08	4.101922e+01	2.705206e+03
4.480000e-06	7.595910e-09	1.887271e-08	4.072422e+01	2.694846e+03
4.490000e-06	7.540329e-09	1.879953e-08	4.042613e+01	2.684306e+03
4.500000e-06	7.484171e-09	1.872409e-08	4.012495e+01	2.673587e+03
4.510000e-06	7.427420e-09	1.864952e-08	3.982063e+01	2.662688e+03
4.520000e-06	7.370093e-09	1.857456e-08	3.951318e+01	2.651610e+03
4.530000e-06	7.312240e-09	1.849670e-08	3.920287e+01	2.640355e+03
4.540000e-06	7.253927e-09	1.841700e-08	3.889010e+01	2.628925e+03
4.550000e-06	7.195161e-09	1.833598e-08	3.857493e+01	2.617321e+03
4.560000e-06	7.135879e-09	1.825318e-08	3.825700e+01	2.605545e+03
4.570000e-06	7.076044e-09	1.816940e-08	3.793608e+01	2.593598e+03
4.580000e-06	7.015662e-09	1.808615e-08	3.761222e+01	2.581478e+03
4.590000e-06	6.954743e-09	1.800214e-08	3.728545e+01	2.569186e+03
4.600000e-06	6.893303e-09	1.791525e-08	3.695591e+01	2.556717e+03
4.610000e-06	6.831350e-09	1.782614e-08	3.662365e+01	2.544070e+03
4.620000e-06	6.768858e-09	1.773656e-08	3.628852e+01	2.531240e+03
4.630000e-06	6.705832e-09	1.764595e-08	3.595054e+01	2.518222e+03
4.640000e-06	6.642308e-09	1.755392e-08	3.560988e+01	2.505010e+03
4.650000e-06	6.578291e-09	1.746054e-08	3.526657e+01	2.491599e+03
4.660000e-06	6.513792e-09	1.736511e-08	3.492065e+01	2.477983e+03
4.670000e-06	6.448853e-09	1.726858e-08	3.457236e+01	2.464158e+03
4.680000e-06	6.383485e-09	1.717090e-08	3.422178e+01	2.450118e+03
4.690000e-06	6.317686e-09	1.707163e-08	3.386892e+01	2.435859e+03
4.700000e-06	6.251440e-09	1.697051e-08	3.351368e+01	2.421378e+03
4.710000e-06	6.184719e-09	1.686714e-08	3.315588e+01	2.406672e+03
4.720000e-06	6.117501e-09	1.676223e-08	3.279536e+01	2.391739e+03
4.730000e-06	6.049805e-09	1.665678e-08	3.243222e+01	2.376575e+03
4.740000e-06	5.981682e-09	1.655094e-08	3.206682e+01	2.361178e+03
4.750000e-06	5.913150e-09	1.644335e-08	3.169926e+01	2.345546e+03
4.760000e-06	5.844194e-09	1.633307e-08	3.132944e+01	2.329676e+03
4.770000e-06	5.774822e-09	1.622114e-08	3.095738e+01	2.313564e+03
4.780000e-06	5.705051e-09	1.610723e-08	3.058321e+01	2.297206e+03
4.790000e-06	5.634888e-09	1.598988e-08	3.020695e+01	2.280597e+03
4.800000e-06	5.564314e-09	1.586971e-08	2.982847e+01	2.263731e+03
4.810000e-06	5.493335e-09	1.574868e-08	2.944783e+01	2.246604e+03
4.820000e-06	5.421949e-09	1.562705e-08	2.906498e+01	2.229208e+03
4.830000e-06	5.350144e-09	1.550382e-08	2.867991e+01	2.211537e+03
4.840000e-06	5.277930e-09	1.537844e-08	2.829266e+01	2.193586e+03
4.850000e-06	5.205284e-09	1.525076e-08	2.790311e+01	2.175349e+03
4.860000e-06	5.132184e-09	1.512061e-08	2.751111e+01	2.156822e+03
4.870000e-06	5.058635e-09	1.498861e-08	2.711666e+01	2.138000e+03
4.880000e-06	4.984670e-09	1.485518e-08	2.671996e+01	2.118880e+03
4.890000e-06	4.910341e-09	1.471966e-08	2.632134e+01	2.099461e+03
4.900000e-06	4.835673e-09	1.458218e-08	2.592090e+01	2.079740e+03
4.910000e-06	4.760663e-09	1.444273e-08	2.551863e+01	2.059717e+03
4.920000e-06	4.685315e-09	1.430162e-08	2.511456e+01	2.039389e+03
4.930000e-06	4.609649e-09	1.415867e-08	2.470876e+01	2.018756e+03
4.940000e-06	4.533674e-09	1.401254e-08	2.430133e+01	1.997815e+03
4.950000e-06	4.457392e-09	1.386318e-08	2.389228e+01	1.976561e+03
4.960000e-06	4.380807e-09	1.371146e-08	2.348160e+01	1.954990e+03
4.970000e-06	4.303909e-09	1.355718e-08	2.306919e+01	1.933095e+03
4.980000e-06	4.226698e-09	1.340045e-08	2.265506e+01	1.910867e+03
4.990000e-06	4.149175e-09	1.324210e-08	2.223927e+01	1.888295e+03
5.000000e-06	4.071327e-09	1.308209e-08	2.182178e+01	1.865369e+03
5.010000e-06	3.993141e-09	1.292004e-08	2.140249e+01	1.842074e+03
5.020000e-06	3.914637e-09	1.275624e-08	2.098149e+01	1.818397e+03
5.030000e-06	3.835861e-09	1.258983e-08	2.055902e+01	1.794325e+03
5.040000e-06	3.756843e-09	1.241909e-08	2.013525e+01	1.769844e+03
5.050000e-06	3.677575e-09	1.224457e-08	1.971016e+01	1.744941e+03
5.060000e-06	3.598062e-09	1.206728e-08	1.928376e+01	1.719606e+03
5.070000e-06	3.518323e-09	1.188727e-08	1.885614e+01	1.693829e+03
5.080000e-06	3.438346e-09	1.170502e-08	1.842725e+01	1.667602e+03
5.090000e-06	3.358115e-09	1.152036e-08	1.799701e+01	1.640917e+03
5.100000e-06	3.277626e-09	1.133233e-08	1.756537e+01	1.613769e+03
5.110000e-06	3.196882e-09	1.114086e-08	1.713235e+01	1.586154e+03
5.120000e-06	3.115880e-09	1.094613e-08	1.669796e+01	1.558067e+03
5.130000e-06	3.034622e-09	1.074750e-08	1.626221e+01	1.529502e+03
5.140000e-06	2.953117e-09	1.054417e-08	1.582515e+01	1.500454e+03
5.150000e-06	2.871367e-09	1.033603e-08	1.538676e+01	1.470913e+03
5.160000e-06	2.789384e-09	1.012385e-08	1.494710e+01	1.440869e+03
5.170000e-06	2.707185e-09	9.909318e-09	1.450628e+01	1.410310e+03
5.180000e-06	2.624795e-09	9.692979e-09	1.406446e+01	1.379219e+03
5.190000e-06	2.542240e-09	9.473255e-09	1.362175e+01	1.347579e+03
5.200000e-06	2.459523e-09	9.249253e-09	1.317819e+01	1.315369e+03
5.210000e-06	2.376646e-09	9.020694e-09	1.273376e+01	1.282566e+03
5.220000e-06	2.293606e-09	8.787169e-09	1.228843e+01	1.249148e+03
5.230000e-06	2.210402e-09	8.548681e-09	1.184225e+01	1.215091e+03
5.240000e-06	2.127033e-09	8.305608e-09	1.139520e+01	1.180373e+03
5.250000e-06	2.043499e-09	8.058659e-09	1.094725e+01	1.144972e+03
5.260000e-06	1.959799e-09	7.807701e-09	1.049839e+01	1.108868e+03
5.270000e-06	1.875935e-09	7.551797e-09	1.004862e+01	1.072042e+03
5.280000e-06	1.791913e-09	7.290694e-09	9.598021e+00	1.034478e+03
5.290000e-06	1.707739e-09	7.024529e-09	9.146626e+00	9.961619e+02
5.300000e-06	1.623423e-09	6.752575e-09	8.694476e+00	9.570785e+02
5.310000e-06	1.538989e-09	6.474687e-09	8.241702e+00	9.172144e+02
5.320000e-06	1.454466e-09	6.191089e-09	7.788458e+00	8.765552e+02
5.330000e-06	1.369880e-09	5.901314e-09	7.334889e+00	8.350853e+02
5.340000e-06	1.285235e-09	5.605211e-09	6.881020e+00	7.927867e+02
5.350000e-06	1.200520e-09	5.303162e-09	6.426771e+00	7.496393e+02
5.360000e-06	1.115729e-09	4.995541e-09	5.972101e+00	7.056207e+02
5.370000e-06	1.030858e-09	4.682629e-09	5.516987e+00	6.607064e+02
5.380000e-06	9.459054e-10	4.363645e-09	5.061424e+00	6.148712e+02
5.390000e-06	8.608783e-10	4.037593e-09	4.605454e+00	5.680908e+02
5.400000e-06	7.757815e-10	3.704083e-09	4.149107e+00	5.203437e+02
5.410000e-06	6.906116e-10	3.363708e-09	3.692365e+00	4.716141e+02
5.420000e-06	6.053734e-10	3.017272e-09	3.235256e+00	4.218945e+02
5.430000e-06	5.200812e-10	2.664232e-09	2.777863e+00	3.711886e+02
5.440000e-06	4.347500e-10	2.304451e-09	2.320278e+00	3.195146e+02
5.450000e-06	3.493956e-10	1.938246e-09	1.862572e+00	2.669075e+02
5.460000e-06	2.640364e-10	1.565959e-09	1.404825e+00	2.134208e+02
5.470000e-06	1.786834e-10	1.187796e-09	9.471065e-01	1.591285e+02
5.480000e-06	9.335481e-11	8.040661e-10	4.895054e-01	1.041250e+02
5.490000e-06	8.049614e-12	4.153507e-10	3.203260e-02	4.852491e+01
5.500000e-06	-7.725360e-11	2.286061e-11	-4.254178e-01	-7.538997e+00
5.510000e-06	-1.625599e-10	-3.716343e-10	-8.828873e-01	-6.391801e+01
5.520000e-06	-2.478615e-10	-7.670932e-10	-1.340330e+00	-1.204511e+02
5.530000e-06	-3.331517e-10	-1.162756e-09	-1.797712e+00	-1.769693e+02
5.540000e-06	-4.184318e-10	-1.557183e-09	-2.255043e+00	-2.333002e+02
5.550000e-06	-5.036996e-10	-1.949268e-09	-2.712303e+00	-2.892732e+02
5.560000e-06	-5.889438e-10	-2.338941e-09	-3.169441e+00	-3.447242e+02
5.570000e-06	-6.741444e-10	-2.725044e-09	-3.626342e+00	-3.995008e+02
5.580000e-06	-7.592901e-10	-3.104913e-09	-4.082941e+00	-4.534658e+02
5.590000e-06	-8.443763e-10	-3.477313e-09	-4.539198e+00	-5.065009e+02
5.600000e-06	-9.293865e-10	-3.842941e-09	-4.995027e+00	-5.585088e+02
5.610000e-06	-1.014302e-09	-4.201166e-09	-5.450353e+00	-6.094147e+02
5.620000e-06	-1.099111e-09	-4.550187e-09	-5.905112e+00	-6.591662e+02
5.630000e-06	-1.183822e-09	-4.889947e-09	-6.359339e+00	-7.077326e+02
5.640000e-06	-1.268441e-09	-5.222103e-09	-6.813093e+00	-7.551031e+02
5.650000e-06	-1.352978e-09	-5.547156e-09	-7.266394e+00	-8.012841e+02
5.660000e-06	-1.437436e-09	-5.863851e-09	-7.719272e+00	-8.462964e+02
5.670000e-06	-1.521819e-09	-6.172351e-09	-8.171753e+00	-8.901714e+02
5.680000e-06	-1.606111e-09	-6.474597e-09	-8.623745e+00	-9.329480e+02
5.690000e-06	-1.690285e-09	-6.770225e-09	-9.075105e+00	-9.746691e+02
5.700000e-06	-1.774333e-09	-7.057309e-09	-9.525800e+00	-1.015379e+03
5.710000e-06	-1.858250e-09	-7.336242e-09	-9.975809e+00	-1.055121e+03
5.720000e-06	-1.942018e-09	-7.608924e-09	-1.042500e+01	-1.093936e+03
5.730000e-06	-2.025617e-09	-7.876541e-09	-1.087327e+01	-1.131859e+03
5.740000e-06	-2.109046e-09	-8.138110e-09	-1.132063e+01	-1.168924e+03
5.750000e-06	-2.192294e-09	-8.392893e-09	-1.176701e+01	-1.205159e+03
5.760000e-06	-2.275342e-09	-8.641696e-09	-1.221230e+01	-1.240588e+03
5.770000e-06	-2.358195e-09	-8.884707e-09	-1.265654e+01	-1.275234e+03
5.780000e-06	-2.440875e-09	-9.122412e-09	-1.309985e+01	-1.309118e+03
5.790000e-06	-2.523386e-09	-9.355118e-09	-1.354224e+01	-1.342260e+03
5.800000e-06	-2.605728e-09	-9.582789e-09	-1.398373e+01	-1.374681e+03
5.810000e-06	-2.687887e-09	-9.805840e-09	-1.442425e+01	-1.406403e+03
5.820000e-06	-2.769851e-09	-1.002433e-08	-1.486374e+01	-1.437449e+03
5.830000e-06	-2.851616e-09	-1.023901e-08	-1.530218e+01	-1.467844e+03
5.840000e-06	-2.933172e-09	-1.044969e-08	-1.573947e+01	-1.497613e+03
5.850000e-06	-3.014492e-09	-1.065463e-08	-1.617549e+01	-1.526783e+03
5.860000e-06	-3.095568e-09	-1.085401e-08	-1.661019e+01	-1.555380e+03
5.870000e-06	-3.176394e-09	-1.105007e-08	-1.704356e+01	-1.583427e+03
5.880000e-06	-3.256956e-09	-1.124341e-08	-1.747552e+01	-1.610948e+03
5.890000e-06	-3.337241e-09	-1.143367e-08	-1.790600e+01	-1.637963e+03
5.900000e-06	-3.417248e-09	-1.162167e-08	-1.833498e+01	-1.664488e+03
5.910000e-06	-3.496998e-09	-1.180640e-08	-1.876258e+01	-1.690537e+03
5.920000e-06	-3.576504e-09	-1.198612e-08	-1.918887e+01	-1.716121e+03
5.930000e-06	-3.655770e-09	-1.216164e-08	-1.961389e+01	-1.741248e+03
5.940000e-06	-3.734792e-09	-1.233390e-08	-2.003761e+01	-1.765923e+03
5.950000e-06	-3.813567e-09	-1.250257e-08	-2.045999e+01	-1.790154e+03
5.960000e-06	-3.892081e-09	-1.266771e-08	-2.088097e+01	-1.813944e+03
5.970000e-06	-3.970317e-09	-1.283040e-08	-2.130046e+01	-1.837300e+03
5.980000e-06	-4.048267e-09	-1.299163e-08	-2.171842e+01	-1.860229e+03
5.990000e-06	-4.125927e-09	-1.315122e-08	-2.213484e+01	-1.882743e+03
6.000000e-06	-4.203278e-09	-1.330887e-08	-2.254962e+01	-1.904852e+03
6.010000e-06	-4.280298e-09	-1.346368e-08	-2.296261e+01	-1.926573e+03
6.020000e-06	-4.356988e-09	-1.361479e-08	-2.337381e+01	-1.947922e+03
6.030000e-06	-4.433358e-09	-1.376301e-08	-2.378329e+01	-1.968917e+03
6.040000e-06	-4.509401e-09	-1.390940e-08	-2.419102e+01	-1.989577e+03
6.050000e-06	-4.585114e-09	-1.405310e-08	-2.459697e+01	-2.009920e+03
6.060000e-06	-4.660498e-09	-1.419369e-08	-2.500116e+01	-2.029962e+03
6.070000e-06	-4.735552e-09	-1.433233e-08	-2.540358e+01	-2.049718e+03
6.080000e-06	-4.810286e-09	-1.446938e-08	-2.580430e+01	-2.069198e+03
6.090000e-06	-4.884687e-09	-1.460444e-08	-2.620324e+01	-2.088410e+03
6.100000e-06	-4.958726e-09	-1.473780e-08	-2.660022e+01	-2.107355e+03
6.110000e-06	-5.032383e-09	-1.486966e-08	-2.699512e+01	-2.126035e+03
6.120000e-06	-5.105638e-09	-1.499936e-08	-2.738785e+01	-2.144445e+03
6.130000e-06	-5.178486e-09	-1.512700e-08	-2.777840e+01	-2.162579e+03
6.140000e-06	-5.250918e-09	-1.525301e-08	-2.816673e+01	-2.180431e+03
6.150000e-06	-5.322903e-09	-1.537708e-08	-2.855265e+01	-2.197992e+03
6.160000e-06	-5.394415e-09	-1.549857e-08	-2.893602e+01	-2.215258e+03
6.170000e-06	-5.465462e-09	-1.561819e-08	-2.931690e+01	-2.232224e+03
6.180000e-06	-5.536067e-09	-1.573611e-08	-2.969544e+01	-2.248889e+03
6.190000e-06	-5.606248e-09	-1.585150e-08	-3.007171e+01	-2.265257e+03
6.200000e-06	-5.676028e-09	-1.596389e-08	-3.044581e+01	-2.281333e+03
6.210000e-06	-5.745423e-09	-1.607289e-08	-3.081789e+01	-2.297128e+03
6.220000e-06	-5.814430e-09	-1.617963e-08	-3.118790e+01	-2.312655e+03
6.230000e-06	-5.883054e-09	-1.628579e-08	-3.155587e+01	-2.327929e+03
6.240000e-06	-5.951311e-09	-1.639133e-08	-3.192187e+01	-2.342968e+03
6.250000e-06	-6.019194e-09	-1.649607e-08	-3.228587e+01	-2.357786e+03
6.260000e-06	-6.086652e-09	-1.659978e-08	-3.264757e+01	-2.372401e+03
6.270000e-06	-6.153644e-09	-1.670234e-08	-3.300673e+01	-2.386824e+03
6.280000e-06	-6.220173e-09	-1.680378e-08	-3.336341e+01	-2.401067e+03
6.290000e-06	-6.286238e-09	-1.690388e-08	-3.371762e+01	-2.415136e+03
6.300000e-06	-6.351829e-09	-1.700213e-08	-3.406928e+01	-2.429032e+03
6.310000e-06	-6.416953e-09	-1.709828e-08	-3.441844e+01	-2.442755e+03
6.320000e-06	-6.481611e-09	-1.719366e-08	-3.476511e+01	-2.456300e+03
6.330000e-06	-6.545781e-09	-1.728855e-08	-3.510914e+01	-2.469660e+03
6.340000e-06	-6.609462e-09	-1.738219e-08	-3.545053e+01	-2.482825e+03
6.350000e-06	-6.672663e-09	-1.747411e-08	-3.578937e+01	-2.495787e+03
6.360000e-06	-6.735373e-09	-1.756392e-08	-3.612559e+01	-2.508537e+03
6.370000e-06	-6.797580e-09	-1.765157e-08	-3.645910e+01	-2.521067e+03
6.380000e-06	-6.859300e-09	-1.773693e-08	-3.679001e+01	-2.533373e+03
6.390000e-06	-6.920534e-09	-1.782014e-08	-3.711831e+01	-2.545455e+03
6.400000e-06	-6.981246e-09	-1.790194e-08	-3.744379e+01	-2.557313e+03
6.410000e-06	-7.041422e-09	-1.798286e-08	-3.776640e+01	-2.568956e+03
6.420000e-06	-7.101067e-09	-1.806288e-08	-3.808618e+01	-2.580391e+03
6.430000e-06	-7.160193e-09	-1.814263e-08	-3.840316e+01	-2.591630e+03
6.440000e-06	-7.218819e-09	-1.822187e-08	-3.871747e+01	-2.602688e+03
6.450000e-06	-7.276949e-09	-1.829937e-08	-3.902911e+01	-2.613579e+03
6.460000e-06	-7.334556e-09	-1.837497e-08	-3.933793e+01	-2.624316e+03
6.470000e-06	-7.391614e-09	-1.844969e-08	-3.964380e+01	-2.634914e+03
6.480000e-06	-7.448113e-09	-1.852389e-08	-3.994667e+01	-2.645383e+03
6.490000e-06	-7.504031e-09	-1.859731e-08	-4.024644e+01	-2.655732e+03
6.500000e-06	-7.559384e-09	-1.866995e-08	-4.054320e+01	-2.665965e+03
6.510000e-06	-7.614196e-09	-1.874170e-08	-4.083705e+01	-2.676084e+03
6.520000e-06	-7.668446e-09	-1.881280e-08	-4.112787e+01	-2.686087e+03
6.530000e-06	-7.722117e-09	-1.888273e-08	-4.141559e+01	-2.695970e+03
6.540000e-06	-7.775211e-09	-1.895130e-08	-4.170023e+01	-2.705726e+03
6.550000e-06	-7.827727e-09	-1.901873e-08	-4.198176e+01	-2.715344e+03
6.560000e-06	-7.879695e-09	-1.908491e-08	-4.226034e+01	-2.724817e+03
6.570000e-06	-7.931120e-09	-1.915006e-08	-4.253602e+01	-2.734133e+03
6.580000e-06	-7.981969e-09	-1.921446e-08	-4.280862e+01	-2.743284e+03
6.590000e-06	-8.032247e-09	-1.927871e-08	-4.307814e+01	-2.752260e+03
6.600000e-06	-8.081962e-09	-1.934221e-08	-4.334463e+01	-2.761056e+03
6.610000e-06	-8.131106e-09	-1.940370e-08	-4.360807e+01	-2.769666e+03
6.620000e-06	-8.179683e-09	-1.946322e-08	-4.386847e+01	-2.778088e+03
6.630000e-06	-8.227655e-09	-1.952084e-08	-4.412559e+01	-2.786322e+03
6.640000e-06	-8.274971e-09	-1.957629e-08	-4.437919e+01	-2.794370e+03
6.650000e-06	-8.321622e-09	-1.963022e-08	-4.462922e+01	-2.802234e+03
6.660000e-06	-8.367592e-09	-1.968366e-08	-4.487560e+01	-2.809921e+03
6.670000e-06	-8.412860e-09	-1.973695e-08	-4.511823e+01	-2.817435e+03
6.680000e-06	-8.457432e-09	-1.978960e-08	-4.535716e+01	-2.824785e+03
6.690000e-06	-8.501354e-09	-1.984059e-08	-4.559263e+01	-2.831976e+03
6.700000e-06	-8.544700e-09	-1.988947e-08	-4.582503e+01	-2.839018e+03
6.710000e-06	-8.587490e-09	-1.993708e-08	-4.605443e+01	-2.845917e+03
6.720000e-06	-8.629699e-09	-1.998377e-08	-4.628070e+01	-2.852682e+03
6.730000e-06	-8.671277e-09	-2.002991e-08	-4.650356e+01	-2.859320e+03
6.740000e-06	-8.712188e-09	-2.007600e-08	-4.672284e+01	-2.865838e+03
6.750000e-06	-8.752455e-09	-2.012172e-08	-4.693869e+01	-2.872242e+03
6.760000e-06	-8.792118e-09	-2.016691e-08	-4.715129e+01	-2.878539e+03
6.770000e-06	-8.831207e-09	-2.021110e-08	-4.736082e+01	-2.884733e+03
6.780000e-06	-8.869694e-09	-2.025365e-08	-4.756709e+01	-2.890829e+03
6.790000e-06	-8.907518e-09	-2.029514e-08	-4.776982e+01	-2.896831e+03
6.800000e-06	-8.944680e-09	-2.033650e-08	-4.796901e+01	-2.902739e+03
6.810000e-06	-8.981202e-09	-2.037809e-08	-4.816476e+01	-2.908554e+03
6.820000e-06	-9.017085e-09	-2.041959e-08	-4.835707e+01	-2.914274e+03
6.830000e-06	-9.052309e-09	-2.045996e-08	-4.854583e+01	-2.919898e+03
6.840000e-06	-9.086841e-09	-2.049918e-08	-4.873089e+01	-2.925419e+03
6.850000e-06	-9.120694e-09	-2.053752e-08	-4.891235e+01	-2.930833e+03
6.860000e-06	-9.153932e-09	-2.057483e-08	-4.909052e+01	-2.936132e+03
6.870000e-06	-9.186585e-09	-2.061081e-08	-4.926552e+01	-2.941308e+03
6.880000e-06	-9.218608e-09	-2.064524e-08	-4.943713e+01	-2.946352e+03
6.890000e-06	-9.249917e-09	-2.067916e-08	-4.960488e+01	-2.951257e+03
6.900000e-06	-9.280482e-09	-2.071320e-08	-4.976866e+01	-2.956015e+03
6.910000e-06	-9.310347e-09	-2.074630e-08	-4.992872e+01	-2.960619e+03
6.920000e-06	-9.339559e-09	-2.077767e-08	-5.008528e+01	-2.965066e+03
6.930000e-06	-9.368101e-09	-2.080779e-08	-5.023824e+01	-2.969353e+03
6.940000e-06	-9.395915e-09	-2.083690e-08	-5.038730e+01	-2.973480e+03
6.950000e-06	-9.423021e-09	-2.086487e-08	-5.053258e+01	-2.977450e+03
6.960000e-06	-9.449479e-09	-2.089127e-08	-5.067441e+01	-2.981265e+03
6.970000e-06	-9.475306e-09	-2.091639e-08	-5.081285e+01	-2.984935e+03
6.980000e-06	-9.500449e-09	-2.094157e-08	-5.094762e+01	-2.988465e+03
6.990000e-06	-9.524851e-09	-2.096694e-08	-5.107840e+01	-2.991866e+03
7.000000e-06	-9.548557e-09	-2.099139e-08	-5.120546e+01	-2.995146e+03
7.010000e-06	-9.571632e-09	-2.101420e-08	-5.132917e+01	-2.998316e+03
7.020000e-06	-9.594061e-09	-2.103599e-08	-5.144941e+01	-3.001383e+03
7.030000e-06	-9.615740e-09	-2.105736e-08	-5.156561e+01	-3.004356e+03
7.040000e-06	-9.636617e-09	-2.107824e-08	-5.167752e+01	-3.007239e+03
7.050000e-06	-9.656720e-09	-2.109862e-08	-5.178525e+01	-3.010038e+03
7.060000e-06	-9.676009e-09	-2.111847e-08	-5.188862e+01	-3.012753e+03
7.070000e-06	-9.694533e-09	-2.113765e-08	-5.198792e+01	-3.015387e+03
7.080000e-06	-9.712419e-09	-2.115637e-08	-5.208381e+01	-3.017937e+03
7.090000e-06	-9.729702e-09	-2.117513e-08	-5.217645e+01	-3.020402e+03
7.100000e-06	-9.746354e-09	-2.119349e-08	-5.226571e+01	-3.022779e+03
7.110000e-06	-9.762361e-09	-2.121050e-08	-5.235149e+01	-3.025066e+03
7.120000e-06	-9.777649e-09	-2.122676e-08	-5.243337e+01	-3.027260e+03
7.130000e-06	-9.792180e-09	-2.124296e-08	-5.251120e+01	-3.029359e+03
7.140000e-06	-9.806024e-09	-2.125884e-08	-5.258536e+01	-3.031362e+03
7.150000e-06	-9.819215e-09	-2.127359e-08	-5.265603e+01	-3.033269e+03
7.160000e-06	-9.831704e-09	-2.128650e-08	-5.272292e+01	-3.035081e+03
7.170000e-06	-9.843424e-09	-2.129841e-08	-5.278568e+01	-3.036799e+03
7.180000e-06	-9.854433e-09	-2.131068e-08	-5.284466e+01	-3.038424e+03
7.190000e-06	-9.864773e-09	-2.132299e-08	-5.290004e+01	-3.039960e+03
7.200000e-06	-9.874432e-09	-2.133400e-08	-5.295175e+01	-3.041406e+03
7.210000e-06	-9.883342e-09	-2.134370e-08	-5.299943e+01	-3.042765e+03
7.220000e-06	-9.891485e-09	-2.135262e-08	-5.304302e+01	-3.044036e+03
7.230000e-06	-9.898954e-09	-2.136047e-08	-5.308300e+01	-3.045219e+03
7.240000e-06	-9.905763e-09	-2.136743e-08	-5.311943e+01	-3.046309e+03
7.250000e-06	-9.911836e-09	-2.137374e-08	-5.315190e+01	-3.047303e+03
7.260000e-06	-9.917072e-09	-2.137921e-08	-5.317988e+01	-3.048196e+03
7.270000e-06	-9.921518e-09	-2.138457e-08	-5.320365e+01	-3.048982e+03
7.280000e-06	-9.925287e-09	-2.139015e-08	-5.322378e+01	-3.049654e+03
7.290000e-06	-9.928392e-09	-2.139495e-08	-5.324036e+01	-3.050206e+03
7.300000e-06	-9.930748e-09	-2.139844e-08	-5.325291e+01	-3.050629e+03
7.310000e-06	-9.932364e-09	-2.140068e-08	-5.326150e+01	-3.050920e+03
7.320000e-06	-9.933326e-09	-2.140155e-08	-5.326659e+01	-3.051074e+03
