# Concentracion g/m^3_=_53300.0
# C_Vs_to_Am_M_A/Vsm_=_128687336408.14134
# pendiente_HvsI_1/m_=_3716.3
# ordenada_HvsI_A/m_=_1297.0
# frecuencia_Hz_=_135985.0302194893
# Promedio de 25 ciclos

Tiempo_(s)	Campo_(V.s)	Magnetizacion_(V.s)	Campo_(kA/m)	Magnetizacion_(A/m)
0.000000e+00	-1.452348e-09	-6.772871e-09	-8.715286e+00	-8.682220e+02
1.000000e-08	-1.452360e-09	-6.763731e-09	-8.715358e+00	-8.682621e+02
2.000000e-08	-1.452339e-09	-6.769621e-09	-8.715229e+00	-8.682531e+02
3.000000e-08	-1.452273e-09	-6.769724e-09	-8.714836e+00	-8.681957e+02
4.000000e-08	-1.452152e-09	-6.761986e-09	-8.714111e+00	-8.680900e+02
5.000000e-08	-1.451946e-09	-6.766041e-09	-8.712871e+00	-8.679356e+02
6.000000e-08	-1.451609e-09	-6.770502e-09	-8.710850e+00	-8.677321e+02
7.000000e-08	-1.451133e-09	-6.764321e-09	-8.707992e+00	-8.674787e+02
8.000000e-08	-1.450545e-09	-6.760257e-09	-8.704463e+00	-8.671744e+02
9.000000e-08	-1.449845e-09	-6.758500e-09	-8.700263e+00	-8.668183e+02
1.000000e-07	-1.449001e-09	-6.750309e-09	-8.695200e+00	-8.664094e+02
1.100000e-07	-1.447946e-09	-6.742391e-09	-8.688869e+00	-8.659471e+02
1.200000e-07	-1.446660e-09	-6.740899e-09	-8.681151e+00	-8.654307e+02
1.300000e-07	-1.445201e-09	-6.737459e-09	-8.672398e+00	-8.648600e+02
1.400000e-07	-1.443636e-09	-6.729770e-09	-8.663004e+00	-8.642353e+02
1.500000e-07	-1.442016e-09	-6.724736e-09	-8.653286e+00	-8.635569e+02
1.600000e-07	-1.440368e-09	-6.721561e-09	-8.643397e+00	-8.628257e+02
1.700000e-07	-1.438691e-09	-6.714794e-09	-8.633332e+00	-8.620429e+02
1.800000e-07	-1.436944e-09	-6.705725e-09	-8.622847e+00	-8.612095e+02
1.900000e-07	-1.435075e-09	-6.698482e-09	-8.611629e+00	-8.603272e+02
2.000000e-07	-1.433058e-09	-6.691292e-09	-8.599526e+00	-8.593970e+02
2.100000e-07	-1.430925e-09	-6.682276e-09	-8.586728e+00	-8.584202e+02
2.200000e-07	-1.428720e-09	-6.673541e-09	-8.573496e+00	-8.573977e+02
2.300000e-07	-1.426438e-09	-6.665160e-09	-8.559803e+00	-8.563298e+02
2.400000e-07	-1.424071e-09	-6.655254e-09	-8.545599e+00	-8.552164e+02
2.500000e-07	-1.421612e-09	-6.644740e-09	-8.530844e+00	-8.540569e+02
2.600000e-07	-1.419050e-09	-6.635089e-09	-8.515467e+00	-8.528501e+02
2.700000e-07	-1.416380e-09	-6.625247e-09	-8.499446e+00	-8.515942e+02
2.800000e-07	-1.413582e-09	-6.615174e-09	-8.482659e+00	-8.502870e+02
2.900000e-07	-1.410642e-09	-6.605502e-09	-8.465016e+00	-8.489260e+02
3.000000e-07	-1.407578e-09	-6.595389e-09	-8.446627e+00	-8.475084e+02
3.100000e-07	-1.404436e-09	-6.583813e-09	-8.427772e+00	-8.460316e+02
3.200000e-07	-1.401252e-09	-6.570718e-09	-8.408666e+00	-8.444930e+02
3.300000e-07	-1.398027e-09	-6.556603e-09	-8.389314e+00	-8.428905e+02
3.400000e-07	-1.394750e-09	-6.541902e-09	-8.369646e+00	-8.412225e+02
3.500000e-07	-1.391407e-09	-6.527269e-09	-8.349591e+00	-8.394883e+02
3.600000e-07	-1.387990e-09	-6.513182e-09	-8.329084e+00	-8.376878e+02
3.700000e-07	-1.384474e-09	-6.498944e-09	-8.307986e+00	-8.358221e+02
3.800000e-07	-1.380815e-09	-6.483331e-09	-8.286030e+00	-8.338927e+02
3.900000e-07	-1.376977e-09	-6.467118e-09	-8.262994e+00	-8.319025e+02
4.000000e-07	-1.372950e-09	-6.450239e-09	-8.238832e+00	-8.298548e+02
4.100000e-07	-1.368749e-09	-6.432038e-09	-8.213622e+00	-8.277532e+02
4.200000e-07	-1.364369e-09	-6.414078e-09	-8.187340e+00	-8.256021e+02
4.300000e-07	-1.359837e-09	-6.397759e-09	-8.160142e+00	-8.234055e+02
4.400000e-07	-1.355184e-09	-6.382511e-09	-8.132218e+00	-8.211674e+02
4.500000e-07	-1.350432e-09	-6.367107e-09	-8.103702e+00	-8.188912e+02
4.600000e-07	-1.345614e-09	-6.350232e-09	-8.074793e+00	-8.165796e+02
4.700000e-07	-1.340733e-09	-6.331356e-09	-8.045503e+00	-8.142347e+02
4.800000e-07	-1.335780e-09	-6.310962e-09	-8.015779e+00	-8.118572e+02
4.900000e-07	-1.330730e-09	-6.290493e-09	-7.985477e+00	-8.094470e+02
5.000000e-07	-1.325578e-09	-6.271194e-09	-7.954561e+00	-8.070029e+02
5.100000e-07	-1.320315e-09	-6.253066e-09	-7.922975e+00	-8.045228e+02
5.200000e-07	-1.314937e-09	-6.235100e-09	-7.890702e+00	-8.020037e+02
5.300000e-07	-1.309456e-09	-6.216446e-09	-7.857813e+00	-7.994422e+02
5.400000e-07	-1.303876e-09	-6.197464e-09	-7.824329e+00	-7.968345e+02
5.500000e-07	-1.298195e-09	-6.177716e-09	-7.790240e+00	-7.941769e+02
5.600000e-07	-1.292400e-09	-6.156147e-09	-7.755463e+00	-7.914657e+02
5.700000e-07	-1.286472e-09	-6.133066e-09	-7.719892e+00	-7.886979e+02
5.800000e-07	-1.280391e-09	-6.109989e-09	-7.683399e+00	-7.858710e+02
5.900000e-07	-1.274159e-09	-6.087548e-09	-7.646003e+00	-7.829836e+02
6.000000e-07	-1.267804e-09	-6.064590e-09	-7.607870e+00	-7.800351e+02
6.100000e-07	-1.261337e-09	-6.040154e-09	-7.569063e+00	-7.770258e+02
6.200000e-07	-1.254750e-09	-6.015141e-09	-7.529533e+00	-7.739571e+02
6.300000e-07	-1.248061e-09	-5.990033e-09	-7.489393e+00	-7.708309e+02
6.400000e-07	-1.241279e-09	-5.964848e-09	-7.448698e+00	-7.676498e+02
6.500000e-07	-1.234409e-09	-5.940204e-09	-7.407470e+00	-7.644169e+02
6.600000e-07	-1.227469e-09	-5.915959e-09	-7.365823e+00	-7.611351e+02
6.700000e-07	-1.220458e-09	-5.890394e-09	-7.323753e+00	-7.578074e+02
6.800000e-07	-1.213385e-09	-5.863023e-09	-7.281311e+00	-7.544362e+02
6.900000e-07	-1.206258e-09	-5.835200e-09	-7.238544e+00	-7.510234e+02
7.000000e-07	-1.199061e-09	-5.807632e-09	-7.195355e+00	-7.475702e+02
7.100000e-07	-1.191779e-09	-5.779768e-09	-7.151653e+00	-7.440767e+02
7.200000e-07	-1.184408e-09	-5.751066e-09	-7.107424e+00	-7.405425e+02
7.300000e-07	-1.176951e-09	-5.722376e-09	-7.062676e+00	-7.369661e+02
7.400000e-07	-1.169406e-09	-5.694304e-09	-7.017398e+00	-7.333454e+02
7.500000e-07	-1.161758e-09	-5.666472e-09	-6.971505e+00	-7.296777e+02
7.600000e-07	-1.154014e-09	-5.638118e-09	-6.925035e+00	-7.259599e+02
7.700000e-07	-1.146194e-09	-5.608523e-09	-6.878109e+00	-7.221890e+02
7.800000e-07	-1.138307e-09	-5.577830e-09	-6.830777e+00	-7.183619e+02
7.900000e-07	-1.130360e-09	-5.547167e-09	-6.783089e+00	-7.144757e+02
8.000000e-07	-1.122365e-09	-5.517015e-09	-6.735114e+00	-7.105280e+02
8.100000e-07	-1.114333e-09	-5.486001e-09	-6.686917e+00	-7.065173e+02
8.200000e-07	-1.106267e-09	-5.453250e-09	-6.638511e+00	-7.024423e+02
8.300000e-07	-1.098153e-09	-5.420142e-09	-6.589824e+00	-6.983027e+02
8.400000e-07	-1.089978e-09	-5.387581e-09	-6.540767e+00	-6.940987e+02
8.500000e-07	-1.081735e-09	-5.354551e-09	-6.491301e+00	-6.898311e+02
8.600000e-07	-1.073413e-09	-5.320354e-09	-6.441359e+00	-6.855012e+02
8.700000e-07	-1.065011e-09	-5.285784e-09	-6.390944e+00	-6.811106e+02
8.800000e-07	-1.056535e-09	-5.251371e-09	-6.340080e+00	-6.766608e+02
8.900000e-07	-1.047974e-09	-5.217061e-09	-6.288708e+00	-6.721536e+02
9.000000e-07	-1.039339e-09	-5.182590e-09	-6.236887e+00	-6.675905e+02
9.100000e-07	-1.030632e-09	-5.147136e-09	-6.184637e+00	-6.629725e+02
9.200000e-07	-1.021843e-09	-5.110762e-09	-6.131899e+00	-6.583008e+02
9.300000e-07	-1.012986e-09	-5.074146e-09	-6.078750e+00	-6.535756e+02
9.400000e-07	-1.004069e-09	-5.037367e-09	-6.025242e+00	-6.487971e+02
9.500000e-07	-9.950837e-10	-5.000251e-09	-5.971321e+00	-6.439651e+02
9.600000e-07	-9.860262e-10	-4.962366e-09	-5.916969e+00	-6.390791e+02
9.700000e-07	-9.768942e-10	-4.923398e-09	-5.862169e+00	-6.341386e+02
9.800000e-07	-9.676806e-10	-4.884203e-09	-5.806880e+00	-6.291428e+02
9.900000e-07	-9.583842e-10	-4.845761e-09	-5.751094e+00	-6.240914e+02
1.000000e-06	-9.490150e-10	-4.807031e-09	-5.694871e+00	-6.189840e+02
1.010000e-06	-9.395801e-10	-4.766719e-09	-5.638254e+00	-6.138205e+02
1.020000e-06	-9.300946e-10	-4.726055e-09	-5.581333e+00	-6.086013e+02
1.030000e-06	-9.205689e-10	-4.686101e-09	-5.524171e+00	-6.033270e+02
1.040000e-06	-9.109990e-10	-4.645987e-09	-5.466744e+00	-5.979987e+02
1.050000e-06	-9.013884e-10	-4.605645e-09	-5.409072e+00	-5.926177e+02
1.060000e-06	-8.917330e-10	-4.564579e-09	-5.351132e+00	-5.871857e+02
1.070000e-06	-8.820334e-10	-4.521965e-09	-5.292926e+00	-5.817045e+02
1.080000e-06	-8.722831e-10	-4.479278e-09	-5.234416e+00	-5.761759e+02
1.090000e-06	-8.624693e-10	-4.436914e-09	-5.175525e+00	-5.706020e+02
1.100000e-06	-8.525799e-10	-4.393599e-09	-5.116181e+00	-5.649844e+02
1.110000e-06	-8.426133e-10	-4.349428e-09	-5.056373e+00	-5.593248e+02
1.120000e-06	-8.325666e-10	-4.305102e-09	-4.996084e+00	-5.536246e+02
1.130000e-06	-8.224336e-10	-4.260668e-09	-4.935278e+00	-5.478851e+02
1.140000e-06	-8.122103e-10	-4.215682e-09	-4.873930e+00	-5.421070e+02
1.150000e-06	-8.018813e-10	-4.170127e-09	-4.811948e+00	-5.362910e+02
1.160000e-06	-7.914570e-10	-4.124261e-09	-4.749393e+00	-5.304377e+02
1.170000e-06	-7.809546e-10	-4.078464e-09	-4.686370e+00	-5.245471e+02
1.180000e-06	-7.703582e-10	-4.033220e-09	-4.622783e+00	-5.186195e+02
1.190000e-06	-7.596609e-10	-3.987870e-09	-4.558590e+00	-5.126548e+02
1.200000e-06	-7.488750e-10	-3.941395e-09	-4.493866e+00	-5.066530e+02
1.210000e-06	-7.379963e-10	-3.894116e-09	-4.428585e+00	-5.006140e+02
1.220000e-06	-7.270221e-10	-3.846776e-09	-4.362731e+00	-4.945378e+02
1.230000e-06	-7.159814e-10	-3.799385e-09	-4.296478e+00	-4.884243e+02
1.240000e-06	-7.048917e-10	-3.751366e-09	-4.229930e+00	-4.822734e+02
1.250000e-06	-6.937563e-10	-3.702533e-09	-4.163108e+00	-4.760851e+02
1.260000e-06	-6.825893e-10	-3.653497e-09	-4.096097e+00	-4.698592e+02
1.270000e-06	-6.713971e-10	-3.604678e-09	-4.028935e+00	-4.635957e+02
1.280000e-06	-6.601850e-10	-3.556070e-09	-3.961653e+00	-4.572942e+02
1.290000e-06	-6.489580e-10	-3.507216e-09	-3.894282e+00	-4.509544e+02
1.300000e-06	-6.377151e-10	-3.457379e-09	-3.826815e+00	-4.445760e+02
1.310000e-06	-6.264529e-10	-3.406935e-09	-3.759233e+00	-4.381583e+02
1.320000e-06	-6.151771e-10	-3.356369e-09	-3.691569e+00	-4.317008e+02
1.330000e-06	-6.038824e-10	-3.305285e-09	-3.623791e+00	-4.252029e+02
1.340000e-06	-5.925582e-10	-3.253818e-09	-3.555836e+00	-4.186640e+02
1.350000e-06	-5.812005e-10	-3.202012e-09	-3.487681e+00	-4.120834e+02
1.360000e-06	-5.698010e-10	-3.150321e-09	-3.419275e+00	-4.054606e+02
1.370000e-06	-5.583487e-10	-3.099164e-09	-3.350552e+00	-3.987952e+02
1.380000e-06	-5.468403e-10	-3.047628e-09	-3.281492e+00	-3.920868e+02
1.390000e-06	-5.352938e-10	-2.994973e-09	-3.212203e+00	-3.853353e+02
1.400000e-06	-5.237140e-10	-2.941658e-09	-3.142715e+00	-3.785406e+02
1.410000e-06	-5.120977e-10	-2.888751e-09	-3.073007e+00	-3.717028e+02
1.420000e-06	-5.004416e-10	-2.835815e-09	-3.003061e+00	-3.648219e+02
1.430000e-06	-4.887462e-10	-2.781665e-09	-2.932879e+00	-3.578981e+02
1.440000e-06	-4.770158e-10	-2.727071e-09	-2.862487e+00	-3.509316e+02
1.450000e-06	-4.652459e-10	-2.672729e-09	-2.791858e+00	-3.439224e+02
1.460000e-06	-4.534429e-10	-2.618181e-09	-2.721030e+00	-3.368705e+02
1.470000e-06	-4.416092e-10	-2.562914e-09	-2.650018e+00	-3.297758e+02
1.480000e-06	-4.297380e-10	-2.506583e-09	-2.578781e+00	-3.226378e+02
1.490000e-06	-4.178307e-10	-2.449701e-09	-2.507328e+00	-3.154561e+02
1.500000e-06	-4.058883e-10	-2.392870e-09	-2.435664e+00	-3.082301e+02
1.510000e-06	-3.939167e-10	-2.336312e-09	-2.363824e+00	-3.009588e+02
1.520000e-06	-3.819234e-10	-2.279621e-09	-2.291854e+00	-2.936415e+02
1.530000e-06	-3.699122e-10	-2.221850e-09	-2.219777e+00	-2.862770e+02
1.540000e-06	-3.578890e-10	-2.163646e-09	-2.147628e+00	-2.788645e+02
1.550000e-06	-3.458558e-10	-2.105559e-09	-2.075419e+00	-2.714031e+02
1.560000e-06	-3.338081e-10	-2.046939e-09	-2.003123e+00	-2.638919e+02
1.570000e-06	-3.217519e-10	-1.987991e-09	-1.930776e+00	-2.563304e+02
1.580000e-06	-3.096912e-10	-1.928679e-09	-1.858402e+00	-2.487182e+02
1.590000e-06	-2.976148e-10	-1.868828e-09	-1.785933e+00	-2.410550e+02
1.600000e-06	-2.855197e-10	-1.808943e-09	-1.713353e+00	-2.333409e+02
1.610000e-06	-2.734045e-10	-1.749048e-09	-1.640652e+00	-2.255762e+02
1.620000e-06	-2.612767e-10	-1.688419e-09	-1.567874e+00	-2.177613e+02
1.630000e-06	-2.491302e-10	-1.626638e-09	-1.494986e+00	-2.098968e+02
1.640000e-06	-2.369566e-10	-1.564000e-09	-1.421934e+00	-2.019835e+02
1.650000e-06	-2.247637e-10	-1.501510e-09	-1.348766e+00	-1.940222e+02
1.660000e-06	-2.125623e-10	-1.439491e-09	-1.275548e+00	-1.860139e+02
1.670000e-06	-2.003507e-10	-1.376866e-09	-1.202269e+00	-1.779595e+02
1.680000e-06	-1.881372e-10	-1.313139e-09	-1.128978e+00	-1.698600e+02
1.690000e-06	-1.759227e-10	-1.248940e-09	-1.055680e+00	-1.617165e+02
1.700000e-06	-1.636941e-10	-1.185555e-09	-9.822987e-01	-1.535298e+02
1.710000e-06	-1.514651e-10	-1.122872e-09	-9.089145e-01	-1.453012e+02
1.720000e-06	-1.392335e-10	-1.059131e-09	-8.355148e-01	-1.370317e+02
1.730000e-06	-1.269830e-10	-9.940737e-10	-7.620020e-01	-1.287226e+02
1.740000e-06	-1.147098e-10	-9.290843e-10	-6.883523e-01	-1.203750e+02
1.750000e-06	-1.024263e-10	-8.644726e-10	-6.146412e-01	-1.119905e+02
1.760000e-06	-9.014190e-11	-7.990878e-10	-5.409249e-01	-1.035704e+02
1.770000e-06	-7.784377e-11	-7.324344e-10	-4.671260e-01	-9.511644e+01
1.780000e-06	-6.552060e-11	-6.650594e-10	-3.931768e-01	-8.663033e+01
1.790000e-06	-5.319133e-11	-5.975598e-10	-3.191911e-01	-7.811385e+01
1.800000e-06	-4.086672e-11	-5.309177e-10	-2.452333e-01	-6.956885e+01
1.810000e-06	-2.853704e-11	-4.651788e-10	-1.712450e-01	-6.099718e+01
1.820000e-06	-1.621507e-11	-3.988339e-10	-9.730303e-02	-5.240071e+01
1.830000e-06	-3.905815e-12	-3.311340e-10	-2.343736e-02	-4.378123e+01
1.840000e-06	8.406128e-12	-2.626020e-10	5.044443e-02	-3.514050e+01
1.850000e-06	2.071350e-11	-1.947423e-10	1.242988e-01	-2.648019e+01
1.860000e-06	3.301098e-11	-1.277713e-10	1.980938e-01	-1.780192e+01
1.870000e-06	4.530902e-11	-5.986909e-11	2.718922e-01	-9.107219e+00
1.880000e-06	5.760878e-11	8.875498e-12	3.457009e-01	-3.976400e-01
1.890000e-06	6.991871e-11	7.734395e-11	4.195706e-01	8.325267e+00
1.900000e-06	8.222819e-11	1.456225e-10	4.934376e-01	1.705988e+01
1.910000e-06	9.452839e-11	2.134621e-10	5.672490e-01	2.580448e+01
1.920000e-06	1.068237e-10	2.816224e-10	6.410311e-01	3.455717e+01
1.930000e-06	1.191080e-10	3.508328e-10	7.147471e-01	4.331587e+01
1.940000e-06	1.313777e-10	4.196441e-10	7.883754e-01	5.207830e+01
1.950000e-06	1.436334e-10	4.875270e-10	8.619196e-01	6.084196e+01
1.960000e-06	1.558760e-10	5.552831e-10	9.353855e-01	6.960417e+01
1.970000e-06	1.681063e-10	6.235976e-10	1.008777e+00	7.836207e+01
1.980000e-06	1.803207e-10	6.926611e-10	1.082073e+00	8.711272e+01
1.990000e-06	1.925185e-10	7.614560e-10	1.155270e+00	9.585313e+01
2.000000e-06	2.047028e-10	8.293963e-10	1.228386e+00	1.045803e+02
2.010000e-06	2.168757e-10	8.970534e-10	1.301434e+00	1.132916e+02
2.020000e-06	2.290441e-10	9.647315e-10	1.374454e+00	1.219841e+02
2.030000e-06	2.412065e-10	1.032288e-09	1.447438e+00	1.306555e+02
2.040000e-06	2.533583e-10	1.099803e-09	1.520359e+00	1.393037e+02
2.050000e-06	2.654966e-10	1.167238e-09	1.593199e+00	1.479268e+02
2.060000e-06	2.776185e-10	1.234728e-09	1.665940e+00	1.565232e+02
2.070000e-06	2.897278e-10	1.302331e-09	1.738606e+00	1.650915e+02
2.080000e-06	3.018201e-10	1.369380e-09	1.811170e+00	1.736305e+02
2.090000e-06	3.138902e-10	1.435616e-09	1.883600e+00	1.821392e+02
2.100000e-06	3.259430e-10	1.501162e-09	1.955927e+00	1.906164e+02
2.110000e-06	3.379782e-10	1.566333e-09	2.028149e+00	1.990609e+02
2.120000e-06	3.499956e-10	1.631568e-09	2.100262e+00	2.074714e+02
2.130000e-06	3.619958e-10	1.697104e-09	2.172274e+00	2.158462e+02
2.140000e-06	3.739744e-10	1.762767e-09	2.244155e+00	2.241835e+02
2.150000e-06	3.859374e-10	1.827821e-09	2.315943e+00	2.324810e+02
2.160000e-06	3.978890e-10	1.892281e-09	2.387663e+00	2.407363e+02
2.170000e-06	4.098225e-10	1.956580e-09	2.459273e+00	2.489467e+02
2.180000e-06	4.217291e-10	2.020318e-09	2.530723e+00	2.571092e+02
2.190000e-06	4.336066e-10	2.083047e-09	2.601997e+00	2.652211e+02
2.200000e-06	4.454559e-10	2.144703e-09	2.673103e+00	2.732794e+02
2.210000e-06	4.572696e-10	2.206747e-09	2.743995e+00	2.812816e+02
2.220000e-06	4.690444e-10	2.269631e-09	2.814654e+00	2.892253e+02
2.230000e-06	4.807763e-10	2.331935e-09	2.885054e+00	2.971086e+02
2.240000e-06	4.924555e-10	2.392345e-09	2.955139e+00	3.049303e+02
2.250000e-06	5.040760e-10	2.451184e-09	3.024872e+00	3.126897e+02
2.260000e-06	5.156456e-10	2.510423e-09	3.094299e+00	3.203865e+02
2.270000e-06	5.271770e-10	2.569696e-09	3.163497e+00	3.280212e+02
2.280000e-06	5.386687e-10	2.628519e-09	3.232457e+00	3.355949e+02
2.290000e-06	5.501125e-10	2.686599e-09	3.301129e+00	3.431090e+02
2.300000e-06	5.615246e-10	2.743797e-09	3.369611e+00	3.505651e+02
2.310000e-06	5.729136e-10	2.801522e-09	3.437954e+00	3.579654e+02
2.320000e-06	5.842736e-10	2.859666e-09	3.506124e+00	3.653118e+02
2.330000e-06	5.956061e-10	2.916484e-09	3.574128e+00	3.726060e+02
2.340000e-06	6.069113e-10	2.971436e-09	3.641969e+00	3.798499e+02
2.350000e-06	6.181935e-10	3.026033e-09	3.709671e+00	3.870448e+02
2.360000e-06	6.294602e-10	3.081413e-09	3.777280e+00	3.941914e+02
2.370000e-06	6.407131e-10	3.137262e-09	3.844807e+00	4.012904e+02
2.380000e-06	6.519463e-10	3.192310e-09	3.912216e+00	4.083417e+02
2.390000e-06	6.631596e-10	3.246461e-09	3.979505e+00	4.153449e+02
2.400000e-06	6.743566e-10	3.300576e-09	4.046696e+00	4.222993e+02
2.410000e-06	6.855324e-10	3.354524e-09	4.113760e+00	4.292040e+02
2.420000e-06	6.966753e-10	3.408168e-09	4.180626e+00	4.360578e+02
2.430000e-06	7.077740e-10	3.461162e-09	4.247228e+00	4.428597e+02
2.440000e-06	7.188274e-10	3.513508e-09	4.313557e+00	4.496086e+02
2.450000e-06	7.298269e-10	3.565419e-09	4.379563e+00	4.563039e+02
2.460000e-06	7.407614e-10	3.617503e-09	4.445179e+00	4.629450e+02
2.470000e-06	7.516195e-10	3.669854e-09	4.510337e+00	4.695319e+02
2.480000e-06	7.623833e-10	3.721014e-09	4.574928e+00	4.760648e+02
2.490000e-06	7.730318e-10	3.770577e-09	4.638828e+00	4.825446e+02
2.500000e-06	7.835520e-10	3.819497e-09	4.701958e+00	4.889721e+02
2.510000e-06	7.939594e-10	3.868477e-09	4.764411e+00	4.953488e+02
2.520000e-06	8.042552e-10	3.917640e-09	4.826194e+00	5.016761e+02
2.530000e-06	8.144424e-10	3.966062e-09	4.887326e+00	5.079556e+02
2.540000e-06	8.245340e-10	4.013683e-09	4.947884e+00	5.141890e+02
2.550000e-06	8.345413e-10	4.061386e-09	5.007936e+00	5.203776e+02
2.560000e-06	8.444765e-10	4.109221e-09	5.067555e+00	5.265227e+02
2.570000e-06	8.543418e-10	4.156702e-09	5.126755e+00	5.326253e+02
2.580000e-06	8.641446e-10	4.203446e-09	5.185580e+00	5.386858e+02
2.590000e-06	8.739021e-10	4.249553e-09	5.244133e+00	5.447045e+02
2.600000e-06	8.836196e-10	4.295534e-09	5.302446e+00	5.506811e+02
2.610000e-06	8.932922e-10	4.341531e-09	5.360489e+00	5.566150e+02
2.620000e-06	9.029234e-10	4.387148e-09	5.418284e+00	5.625053e+02
2.630000e-06	9.125146e-10	4.432250e-09	5.475840e+00	5.683507e+02
2.640000e-06	9.220640e-10	4.476975e-09	5.533144e+00	5.741499e+02
2.650000e-06	9.315537e-10	4.521392e-09	5.590090e+00	5.799011e+02
2.660000e-06	9.409684e-10	4.565455e-09	5.646586e+00	5.856030e+02
2.670000e-06	9.503118e-10	4.609063e-09	5.702654e+00	5.912539e+02
2.680000e-06	9.595783e-10	4.651831e-09	5.758261e+00	5.968524e+02
2.690000e-06	9.687562e-10	4.694127e-09	5.813335e+00	6.023971e+02
2.700000e-06	9.778592e-10	4.736603e-09	5.867961e+00	6.078871e+02
2.710000e-06	9.868956e-10	4.778571e-09	5.922187e+00	6.133214e+02
2.720000e-06	9.958717e-10	4.819753e-09	5.976051e+00	6.186992e+02
2.730000e-06	1.004797e-09	4.860861e-09	6.029612e+00	6.240202e+02
2.740000e-06	1.013668e-09	4.900936e-09	6.082845e+00	6.292838e+02
2.750000e-06	1.022480e-09	4.940285e-09	6.135720e+00	6.344899e+02
2.760000e-06	1.031221e-09	4.980201e-09	6.188178e+00	6.396381e+02
2.770000e-06	1.039890e-09	5.019975e-09	6.240198e+00	6.447281e+02
2.780000e-06	1.048476e-09	5.058940e-09	6.291720e+00	6.497598e+02
2.790000e-06	1.056970e-09	5.097232e-09	6.342693e+00	6.547325e+02
2.800000e-06	1.065379e-09	5.134891e-09	6.393153e+00	6.596458e+02
2.810000e-06	1.073700e-09	5.171950e-09	6.443083e+00	6.644988e+02
2.820000e-06	1.081936e-09	5.208751e-09	6.492506e+00	6.692906e+02
2.830000e-06	1.090107e-09	5.245220e-09	6.541538e+00	6.740202e+02
2.840000e-06	1.098232e-09	5.281394e-09	6.590295e+00	6.786862e+02
2.850000e-06	1.106325e-09	5.317699e-09	6.638864e+00	6.832873e+02
2.860000e-06	1.114388e-09	5.354119e-09	6.687245e+00	6.878221e+02
2.870000e-06	1.122415e-09	5.389290e-09	6.735417e+00	6.922892e+02
2.880000e-06	1.130405e-09	5.422987e-09	6.783361e+00	6.966871e+02
2.890000e-06	1.138346e-09	5.456604e-09	6.831015e+00	7.010146e+02
2.900000e-06	1.146231e-09	5.489868e-09	6.878329e+00	7.052706e+02
2.910000e-06	1.154032e-09	5.522285e-09	6.925140e+00	7.094543e+02
2.920000e-06	1.161721e-09	5.554658e-09	6.971286e+00	7.135652e+02
2.930000e-06	1.169296e-09	5.586851e-09	7.016740e+00	7.176030e+02
2.940000e-06	1.176760e-09	5.617803e-09	7.061531e+00	7.215678e+02
2.950000e-06	1.184115e-09	5.647823e-09	7.105665e+00	7.254602e+02
2.960000e-06	1.191376e-09	5.677329e-09	7.149238e+00	7.292809e+02
2.970000e-06	1.198565e-09	5.705837e-09	7.192377e+00	7.330311e+02
2.980000e-06	1.205681e-09	5.733517e-09	7.235079e+00	7.367123e+02
2.990000e-06	1.212730e-09	5.761551e-09	7.277378e+00	7.403261e+02
3.000000e-06	1.219724e-09	5.790154e-09	7.319347e+00	7.438745e+02
3.010000e-06	1.226677e-09	5.817905e-09	7.361074e+00	7.473594e+02
3.020000e-06	1.233555e-09	5.844356e-09	7.402347e+00	7.507829e+02
3.030000e-06	1.240354e-09	5.869384e-09	7.443144e+00	7.541472e+02
3.040000e-06	1.247089e-09	5.893675e-09	7.483560e+00	7.574541e+02
3.050000e-06	1.253722e-09	5.918368e-09	7.523367e+00	7.607056e+02
3.060000e-06	1.260225e-09	5.942671e-09	7.562390e+00	7.639034e+02
3.070000e-06	1.266585e-09	5.965999e-09	7.600556e+00	7.670491e+02
3.080000e-06	1.272804e-09	5.988702e-09	7.637874e+00	7.701440e+02
3.090000e-06	1.278890e-09	6.011913e-09	7.674393e+00	7.731893e+02
3.100000e-06	1.284848e-09	6.035870e-09	7.710146e+00	7.761859e+02
3.110000e-06	1.290701e-09	6.058898e-09	7.745267e+00	7.791345e+02
3.120000e-06	1.296468e-09	6.080210e-09	7.779878e+00	7.820357e+02
3.130000e-06	1.302155e-09	6.100819e-09	7.814001e+00	7.848900e+02
3.140000e-06	1.307759e-09	6.121700e-09	7.847633e+00	7.876978e+02
3.150000e-06	1.313272e-09	6.142616e-09	7.880715e+00	7.904593e+02
3.160000e-06	1.318679e-09	6.163074e-09	7.913162e+00	7.931747e+02
3.170000e-06	1.323967e-09	6.182780e-09	7.944894e+00	7.958444e+02
3.180000e-06	1.329141e-09	6.201915e-09	7.975943e+00	7.984685e+02
3.190000e-06	1.334206e-09	6.221000e-09	8.006334e+00	8.010472e+02
3.200000e-06	1.339171e-09	6.239801e-09	8.036131e+00	8.035809e+02
3.210000e-06	1.344068e-09	6.258277e-09	8.065517e+00	8.060698e+02
3.220000e-06	1.348901e-09	6.276376e-09	8.094517e+00	8.085141e+02
3.230000e-06	1.353648e-09	6.293663e-09	8.123002e+00	8.109142e+02
3.240000e-06	1.358304e-09	6.310922e-09	8.150943e+00	8.132703e+02
3.250000e-06	1.362858e-09	6.328479e-09	8.178272e+00	8.155827e+02
3.260000e-06	1.367279e-09	6.345639e-09	8.204798e+00	8.178513e+02
3.270000e-06	1.371542e-09	6.362242e-09	8.230385e+00	8.200765e+02
3.280000e-06	1.375636e-09	6.377874e-09	8.254951e+00	8.222583e+02
3.290000e-06	1.379544e-09	6.392964e-09	8.278401e+00	8.243967e+02
3.300000e-06	1.383277e-09	6.408606e-09	8.300799e+00	8.264916e+02
3.310000e-06	1.386869e-09	6.424524e-09	8.322359e+00	8.285431e+02
3.320000e-06	1.390343e-09	6.439726e-09	8.343201e+00	8.305510e+02
3.330000e-06	1.393718e-09	6.454123e-09	8.363458e+00	8.325153e+02
3.340000e-06	1.397031e-09	6.468358e-09	8.383339e+00	8.344359e+02
3.350000e-06	1.400296e-09	6.482510e-09	8.402932e+00	8.363127e+02
3.360000e-06	1.403511e-09	6.496507e-09	8.422222e+00	8.381456e+02
3.370000e-06	1.406670e-09	6.509942e-09	8.441176e+00	8.399346e+02
3.380000e-06	1.409750e-09	6.522530e-09	8.459660e+00	8.416796e+02
3.390000e-06	1.412732e-09	6.535049e-09	8.477555e+00	8.433804e+02
3.400000e-06	1.415604e-09	6.548048e-09	8.494792e+00	8.450368e+02
3.410000e-06	1.418355e-09	6.560799e-09	8.511301e+00	8.466484e+02
3.420000e-06	1.421001e-09	6.572339e-09	8.527178e+00	8.482147e+02
3.430000e-06	1.423556e-09	6.582892e-09	8.542508e+00	8.497352e+02
3.440000e-06	1.426019e-09	6.592995e-09	8.557291e+00	8.512089e+02
3.450000e-06	1.428391e-09	6.603144e-09	8.571523e+00	8.526348e+02
3.460000e-06	1.430661e-09	6.613507e-09	8.585147e+00	8.540116e+02
3.470000e-06	1.432817e-09	6.623151e-09	8.598079e+00	8.553378e+02
3.480000e-06	1.434851e-09	6.631904e-09	8.610285e+00	8.566117e+02
3.490000e-06	1.436773e-09	6.639987e-09	8.621820e+00	8.578316e+02
3.500000e-06	1.438598e-09	6.647511e-09	8.632772e+00	8.589956e+02
3.510000e-06	1.440350e-09	6.654885e-09	8.643287e+00	8.601017e+02
3.520000e-06	1.442051e-09	6.662272e-09	8.653492e+00	8.611481e+02
3.530000e-06	1.443707e-09	6.669525e-09	8.663432e+00	8.621331e+02
3.540000e-06	1.445315e-09	6.677025e-09	8.673080e+00	8.630552e+02
3.550000e-06	1.446860e-09	6.684524e-09	8.682352e+00	8.639131e+02
3.560000e-06	1.448311e-09	6.691036e-09	8.691058e+00	8.647061e+02
3.570000e-06	1.449637e-09	6.696398e-09	8.699017e+00	8.654337e+02
3.580000e-06	1.450802e-09	6.700011e-09	8.706009e+00	8.660959e+02
3.590000e-06	1.451773e-09	6.704495e-09	8.711833e+00	8.666930e+02
3.600000e-06	1.452584e-09	6.711985e-09	8.716698e+00	8.672259e+02
3.610000e-06	1.453281e-09	6.719454e-09	8.720880e+00	8.676959e+02
3.620000e-06	1.453835e-09	6.723778e-09	8.724208e+00	8.681043e+02
3.630000e-06	1.454214e-09	6.722918e-09	8.726479e+00	8.684530e+02
3.640000e-06	1.454450e-09	6.722526e-09	8.727897e+00	8.687439e+02
3.650000e-06	1.454600e-09	6.726745e-09	8.728800e+00	8.689789e+02
3.660000e-06	1.454693e-09	6.725023e-09	8.729357e+00	8.691598e+02
3.670000e-06	1.454730e-09	6.719750e-09	8.729580e+00	8.692885e+02
3.680000e-06	1.454705e-09	6.727651e-09	8.729431e+00	8.693664e+02
3.690000e-06	1.454589e-09	6.739042e-09	8.728732e+00	8.693946e+02
3.700000e-06	1.454321e-09	6.735343e-09	8.727123e+00	8.693739e+02
3.710000e-06	1.453931e-09	6.730659e-09	8.724781e+00	8.693049e+02
3.720000e-06	1.453472e-09	6.734377e-09	8.722029e+00	8.691874e+02
3.730000e-06	1.452950e-09	6.732493e-09	8.718897e+00	8.690213e+02
3.740000e-06	1.452360e-09	6.725611e-09	8.715359e+00	8.688058e+02
3.750000e-06	1.451670e-09	6.725984e-09	8.711218e+00	8.685402e+02
3.760000e-06	1.450865e-09	6.727199e-09	8.706383e+00	8.682235e+02
3.770000e-06	1.449955e-09	6.722950e-09	8.700924e+00	8.678547e+02
3.780000e-06	1.448951e-09	6.722169e-09	8.694902e+00	8.674330e+02
3.790000e-06	1.447853e-09	6.721842e-09	8.688310e+00	8.669576e+02
3.800000e-06	1.446644e-09	6.714464e-09	8.681055e+00	8.664281e+02
3.810000e-06	1.445318e-09	6.707467e-09	8.673096e+00	8.658443e+02
3.820000e-06	1.443911e-09	6.706667e-09	8.664653e+00	8.652066e+02
3.830000e-06	1.442446e-09	6.703248e-09	8.655864e+00	8.645154e+02
3.840000e-06	1.440923e-09	6.695386e-09	8.646723e+00	8.637716e+02
3.850000e-06	1.439345e-09	6.690592e-09	8.637254e+00	8.629764e+02
3.860000e-06	1.437700e-09	6.687422e-09	8.627387e+00	8.621312e+02
3.870000e-06	1.435956e-09	6.680122e-09	8.616920e+00	8.612372e+02
3.880000e-06	1.434101e-09	6.671382e-09	8.605785e+00	8.602957e+02
3.890000e-06	1.432127e-09	6.664173e-09	8.593941e+00	8.593078e+02
3.900000e-06	1.429999e-09	6.657136e-09	8.581175e+00	8.582743e+02
3.910000e-06	1.427671e-09	6.650684e-09	8.567204e+00	8.571955e+02
3.920000e-06	1.425131e-09	6.645203e-09	8.551961e+00	8.560710e+02
3.930000e-06	1.422422e-09	6.638096e-09	8.535702e+00	8.549003e+02
3.940000e-06	1.419586e-09	6.628366e-09	8.518684e+00	8.536818e+02
3.950000e-06	1.416641e-09	6.617928e-09	8.501010e+00	8.524137e+02
3.960000e-06	1.413609e-09	6.607850e-09	8.482819e+00	8.510938e+02
3.970000e-06	1.410517e-09	6.597999e-09	8.464263e+00	8.497194e+02
3.980000e-06	1.407367e-09	6.587873e-09	8.445360e+00	8.482877e+02
3.990000e-06	1.404153e-09	6.576639e-09	8.426075e+00	8.467962e+02
4.000000e-06	1.400859e-09	6.564585e-09	8.406310e+00	8.452423e+02
4.010000e-06	1.397476e-09	6.552824e-09	8.386007e+00	8.436241e+02
4.020000e-06	1.393988e-09	6.540672e-09	8.365076e+00	8.419401e+02
4.030000e-06	1.390388e-09	6.527171e-09	8.343474e+00	8.401898e+02
4.040000e-06	1.386688e-09	6.512614e-09	8.321271e+00	8.383734e+02
4.050000e-06	1.382898e-09	6.498501e-09	8.298529e+00	8.364921e+02
4.060000e-06	1.379024e-09	6.485578e-09	8.275278e+00	8.345478e+02
4.070000e-06	1.375070e-09	6.472579e-09	8.251551e+00	8.325434e+02
4.080000e-06	1.371032e-09	6.458586e-09	8.227320e+00	8.304823e+02
4.090000e-06	1.366898e-09	6.443206e-09	8.202514e+00	8.283684e+02
4.100000e-06	1.362656e-09	6.426335e-09	8.177057e+00	8.262060e+02
4.110000e-06	1.358295e-09	6.408352e-09	8.150890e+00	8.239990e+02
4.120000e-06	1.353814e-09	6.389310e-09	8.123997e+00	8.217514e+02
4.130000e-06	1.349224e-09	6.369501e-09	8.096453e+00	8.194665e+02
4.140000e-06	1.344557e-09	6.349483e-09	8.068450e+00	8.171468e+02
4.150000e-06	1.339811e-09	6.330481e-09	8.039968e+00	8.147940e+02
4.160000e-06	1.334971e-09	6.312731e-09	8.010928e+00	8.124087e+02
4.170000e-06	1.330039e-09	6.295544e-09	7.981331e+00	8.099905e+02
4.180000e-06	1.325000e-09	6.277425e-09	7.951090e+00	8.075379e+02
4.190000e-06	1.319841e-09	6.257131e-09	7.920133e+00	8.050487e+02
4.200000e-06	1.314550e-09	6.235445e-09	7.888384e+00	8.025197e+02
4.210000e-06	1.309089e-09	6.214110e-09	7.855615e+00	7.999475e+02
4.220000e-06	1.303428e-09	6.193110e-09	7.821638e+00	7.973281e+02
4.230000e-06	1.297571e-09	6.172982e-09	7.786497e+00	7.946578e+02
4.240000e-06	1.291561e-09	6.153710e-09	7.750432e+00	7.919332e+02
4.250000e-06	1.285434e-09	6.132871e-09	7.713660e+00	7.891513e+02
4.260000e-06	1.279217e-09	6.110204e-09	7.676353e+00	7.863099e+02
4.270000e-06	1.272946e-09	6.086429e-09	7.638726e+00	7.834078e+02
4.280000e-06	1.266637e-09	6.062019e-09	7.600867e+00	7.804446e+02
4.290000e-06	1.260284e-09	6.037651e-09	7.562743e+00	7.774208e+02
4.300000e-06	1.253874e-09	6.013926e-09	7.524278e+00	7.743380e+02
4.310000e-06	1.247400e-09	5.990567e-09	7.485428e+00	7.711983e+02
4.320000e-06	1.240850e-09	5.967386e-09	7.446119e+00	7.680045e+02
4.330000e-06	1.234203e-09	5.944208e-09	7.406236e+00	7.647596e+02
4.340000e-06	1.227450e-09	5.919222e-09	7.365712e+00	7.614665e+02
4.350000e-06	1.220589e-09	5.892317e-09	7.324539e+00	7.581281e+02
4.360000e-06	1.213640e-09	5.865260e-09	7.282837e+00	7.547467e+02
4.370000e-06	1.206608e-09	5.838920e-09	7.240644e+00	7.513241e+02
4.380000e-06	1.199499e-09	5.813383e-09	7.197980e+00	7.478611e+02
4.390000e-06	1.192326e-09	5.787311e-09	7.154939e+00	7.443579e+02
4.400000e-06	1.185091e-09	5.759519e-09	7.111522e+00	7.408137e+02
4.410000e-06	1.177778e-09	5.731517e-09	7.067640e+00	7.372268e+02
4.420000e-06	1.170377e-09	5.704123e-09	7.023225e+00	7.335950e+02
4.430000e-06	1.162897e-09	5.675791e-09	6.978339e+00	7.299154e+02
4.440000e-06	1.155332e-09	5.646263e-09	6.932940e+00	7.261851e+02
4.450000e-06	1.147670e-09	5.617243e-09	6.886967e+00	7.224009e+02
4.460000e-06	1.139927e-09	5.588700e-09	6.840498e+00	7.185597e+02
4.470000e-06	1.132119e-09	5.559010e-09	6.793643e+00	7.146588e+02
4.480000e-06	1.124261e-09	5.528385e-09	6.746489e+00	7.106961e+02
4.490000e-06	1.116362e-09	5.496983e-09	6.699091e+00	7.066699e+02
4.500000e-06	1.108428e-09	5.464254e-09	6.651479e+00	7.025793e+02
4.510000e-06	1.100457e-09	5.431675e-09	6.603645e+00	6.984241e+02
4.520000e-06	1.092441e-09	5.400588e-09	6.555542e+00	6.942046e+02
4.530000e-06	1.084370e-09	5.369197e-09	6.507115e+00	6.899219e+02
4.540000e-06	1.076236e-09	5.335947e-09	6.458305e+00	6.855772e+02
4.550000e-06	1.068002e-09	5.301344e-09	6.408894e+00	6.811721e+02
4.560000e-06	1.059647e-09	5.266380e-09	6.358751e+00	6.767083e+02
4.570000e-06	1.051173e-09	5.231231e-09	6.307904e+00	6.721875e+02
4.580000e-06	1.042580e-09	5.195293e-09	6.256336e+00	6.676110e+02
4.590000e-06	1.033846e-09	5.159161e-09	6.203930e+00	6.629800e+02
4.600000e-06	1.024964e-09	5.123369e-09	6.150628e+00	6.582953e+02
4.610000e-06	1.015945e-09	5.087473e-09	6.096509e+00	6.535572e+02
4.620000e-06	1.006797e-09	5.051646e-09	6.041614e+00	6.487659e+02
4.630000e-06	9.975457e-10	5.014996e-09	5.986095e+00	6.439209e+02
4.640000e-06	9.882172e-10	4.976441e-09	5.930116e+00	6.390218e+02
4.650000e-06	9.788226e-10	4.936980e-09	5.873741e+00	6.340680e+02
4.660000e-06	9.693764e-10	4.897723e-09	5.817056e+00	6.290588e+02
4.670000e-06	9.598908e-10	4.858362e-09	5.760135e+00	6.239939e+02
4.680000e-06	9.503741e-10	4.818193e-09	5.703027e+00	6.188729e+02
4.690000e-06	9.408257e-10	4.777619e-09	5.645729e+00	6.136959e+02
4.700000e-06	9.312441e-10	4.736943e-09	5.588231e+00	6.084633e+02
4.710000e-06	9.216333e-10	4.696030e-09	5.530558e+00	6.031758e+02
4.720000e-06	9.119856e-10	4.654428e-09	5.472664e+00	5.978347e+02
4.730000e-06	9.022881e-10	4.611658e-09	5.414471e+00	5.924412e+02
4.740000e-06	8.925280e-10	4.568126e-09	5.355903e+00	5.869972e+02
4.750000e-06	8.826885e-10	4.524250e-09	5.296857e+00	5.815044e+02
4.760000e-06	8.727670e-10	4.480281e-09	5.237320e+00	5.759647e+02
4.770000e-06	8.627665e-10	4.436884e-09	5.177309e+00	5.703801e+02
4.780000e-06	8.526912e-10	4.393942e-09	5.116849e+00	5.647522e+02
4.790000e-06	8.425507e-10	4.350155e-09	5.055997e+00	5.590827e+02
4.800000e-06	8.323559e-10	4.305039e-09	4.994820e+00	5.533730e+02
4.810000e-06	8.221100e-10	4.259587e-09	4.933337e+00	5.476241e+02
4.820000e-06	8.118152e-10	4.214009e-09	4.871559e+00	5.418368e+02
4.830000e-06	8.014744e-10	4.167693e-09	4.809506e+00	5.360119e+02
4.840000e-06	7.910854e-10	4.121059e-09	4.747164e+00	5.301496e+02
4.850000e-06	7.806512e-10	4.074585e-09	4.684549e+00	5.242501e+02
4.860000e-06	7.701662e-10	4.028371e-09	4.621631e+00	5.183136e+02
4.870000e-06	7.596241e-10	3.982068e-09	4.558370e+00	5.123400e+02
4.880000e-06	7.490214e-10	3.935150e-09	4.494745e+00	5.063292e+02
4.890000e-06	7.383537e-10	3.887394e-09	4.430729e+00	5.002813e+02
4.900000e-06	7.276131e-10	3.839291e-09	4.366277e+00	4.941961e+02
4.910000e-06	7.167994e-10	3.791284e-09	4.301386e+00	4.880737e+02
4.920000e-06	7.059303e-10	3.743202e-09	4.236162e+00	4.819138e+02
4.930000e-06	6.950094e-10	3.694865e-09	4.170628e+00	4.757165e+02
4.940000e-06	6.840340e-10	3.645972e-09	4.104767e+00	4.694816e+02
4.950000e-06	6.730207e-10	3.596828e-09	4.038678e+00	4.632089e+02
4.960000e-06	6.619726e-10	3.547803e-09	3.972380e+00	4.568983e+02
4.970000e-06	6.508941e-10	3.498518e-09	3.905900e+00	4.505493e+02
4.980000e-06	6.397987e-10	3.448115e-09	3.839318e+00	4.441614e+02
4.990000e-06	6.286836e-10	3.396754e-09	3.772619e+00	4.377342e+02
5.000000e-06	6.175528e-10	3.345955e-09	3.705825e+00	4.312671e+02
5.010000e-06	6.064114e-10	3.295660e-09	3.638967e+00	4.247594e+02
5.020000e-06	5.952503e-10	3.244697e-09	3.571991e+00	4.182104e+02
5.030000e-06	5.840653e-10	3.193247e-09	3.504872e+00	4.116197e+02
5.040000e-06	5.728568e-10	3.141634e-09	3.437612e+00	4.049867e+02
5.050000e-06	5.616156e-10	3.090206e-09	3.370155e+00	3.983110e+02
5.060000e-06	5.503429e-10	3.038709e-09	3.302510e+00	3.915922e+02
5.070000e-06	5.390383e-10	2.986332e-09	3.234673e+00	3.848303e+02
5.080000e-06	5.277037e-10	2.932737e-09	3.166656e+00	3.780252e+02
5.090000e-06	5.163339e-10	2.878670e-09	3.098428e+00	3.711770e+02
5.100000e-06	5.049208e-10	2.825544e-09	3.029940e+00	3.642857e+02
5.110000e-06	4.934672e-10	2.772371e-09	2.961209e+00	3.573517e+02
5.120000e-06	4.819622e-10	2.718193e-09	2.892169e+00	3.503748e+02
5.130000e-06	4.704172e-10	2.663728e-09	2.822890e+00	3.433554e+02
5.140000e-06	4.588276e-10	2.609029e-09	2.753343e+00	3.362932e+02
5.150000e-06	4.471639e-10	2.554701e-09	2.683351e+00	3.291880e+02
5.160000e-06	4.354377e-10	2.500580e-09	2.612984e+00	3.220396e+02
5.170000e-06	4.236538e-10	2.444822e-09	2.542271e+00	3.148473e+02
5.180000e-06	4.118028e-10	2.387302e-09	2.471155e+00	3.076104e+02
5.190000e-06	3.998786e-10	2.330113e-09	2.399600e+00	3.003281e+02
5.200000e-06	3.878978e-10	2.273815e-09	2.327705e+00	2.929994e+02
5.210000e-06	3.758732e-10	2.217114e-09	2.255548e+00	2.856234e+02
5.220000e-06	3.638000e-10	2.160223e-09	2.183099e+00	2.781992e+02
5.230000e-06	3.516902e-10	2.103311e-09	2.110430e+00	2.707258e+02
5.240000e-06	3.395367e-10	2.045592e-09	2.037499e+00	2.632025e+02
5.250000e-06	3.273388e-10	1.987756e-09	1.964301e+00	2.556288e+02
5.260000e-06	3.151107e-10	1.929903e-09	1.890923e+00	2.480043e+02
5.270000e-06	3.028515e-10	1.870397e-09	1.817358e+00	2.403288e+02
5.280000e-06	2.905639e-10	1.809660e-09	1.743622e+00	2.326025e+02
5.290000e-06	2.782419e-10	1.749502e-09	1.669680e+00	2.248256e+02
5.300000e-06	2.658771e-10	1.689703e-09	1.595481e+00	2.169987e+02
5.310000e-06	2.534847e-10	1.629417e-09	1.521116e+00	2.091224e+02
5.320000e-06	2.410635e-10	1.568611e-09	1.446579e+00	2.011974e+02
5.330000e-06	2.286130e-10	1.506979e-09	1.371866e+00	1.932247e+02
5.340000e-06	2.161362e-10	1.444308e-09	1.296995e+00	1.852052e+02
5.350000e-06	2.036422e-10	1.381158e-09	1.222020e+00	1.771399e+02
5.360000e-06	1.911377e-10	1.318089e-09	1.146983e+00	1.690297e+02
5.370000e-06	1.786213e-10	1.255055e-09	1.071874e+00	1.608757e+02
5.380000e-06	1.661002e-10	1.191964e-09	9.967373e-01	1.526788e+02
5.390000e-06	1.535725e-10	1.128952e-09	9.215608e-01	1.444403e+02
5.400000e-06	1.410360e-10	1.065254e-09	8.463312e-01	1.361611e+02
5.410000e-06	1.284908e-10	1.000712e-09	7.710500e-01	1.278426e+02
5.420000e-06	1.159415e-10	9.364453e-10	6.957437e-01	1.194860e+02
5.430000e-06	1.033837e-10	8.720796e-10	6.203866e-01	1.110927e+02
5.440000e-06	9.081267e-11	8.069651e-10	5.449501e-01	1.026644e+02
5.450000e-06	7.823267e-11	7.409724e-10	4.694597e-01	9.420252e+01
5.460000e-06	6.564280e-11	6.743343e-10	3.939101e-01	8.570894e+01
5.470000e-06	5.304515e-11	6.080424e-10	3.183138e-01	7.718544e+01
5.480000e-06	4.044393e-11	5.420458e-10	2.426961e-01	6.863386e+01
5.490000e-06	2.784162e-11	4.758583e-10	1.670719e-01	6.005608e+01
5.500000e-06	1.524351e-11	4.094741e-10	9.147283e-02	5.145394e+01
5.510000e-06	2.654916e-12	3.427859e-10	1.593091e-02	4.282924e+01
5.520000e-06	-9.925999e-12	2.756496e-10	-5.956493e-02	3.418369e+01
5.530000e-06	-2.251611e-11	2.081886e-10	-1.351160e-01	2.551897e+01
5.540000e-06	-3.510764e-11	1.406412e-10	-2.106755e-01	1.683667e+01
5.550000e-06	-4.769163e-11	7.314071e-11	-2.861898e-01	8.138321e+00
5.560000e-06	-6.027716e-11	5.278648e-12	-3.617134e-01	-5.745288e-01
5.570000e-06	-7.285786e-11	-6.268270e-11	-4.372080e-01	-9.300318e+00
5.580000e-06	-8.542775e-11	-1.303149e-10	-5.126376e-01	-1.803741e+01
5.590000e-06	-9.799821e-11	-1.980860e-10	-5.880707e-01	-2.678403e+01
5.600000e-06	-1.105735e-10	-2.662492e-10	-6.635328e-01	-3.553825e+01
5.610000e-06	-1.231432e-10	-3.346829e-10	-7.389614e-01	-4.429796e+01
5.620000e-06	-1.357002e-10	-4.032153e-10	-8.143140e-01	-5.306081e+01
5.630000e-06	-1.482429e-10	-4.716210e-10	-8.895806e-01	-6.182425e+01
5.640000e-06	-1.607654e-10	-5.393678e-10	-9.647255e-01	-7.058556e+01
5.650000e-06	-1.732703e-10	-6.067780e-10	-1.039765e+00	-7.934186e+01
5.660000e-06	-1.857609e-10	-6.748484e-10	-1.114719e+00	-8.809018e+01
5.670000e-06	-1.982337e-10	-7.429645e-10	-1.189566e+00	-9.682754e+01
5.680000e-06	-2.106884e-10	-8.102626e-10	-1.264304e+00	-1.055510e+02
5.690000e-06	-2.231173e-10	-8.775852e-10	-1.338888e+00	-1.142578e+02
5.700000e-06	-2.355335e-10	-9.453464e-10	-1.413396e+00	-1.229453e+02
5.710000e-06	-2.479330e-10	-1.012768e-09	-1.487803e+00	-1.316112e+02
5.720000e-06	-2.603004e-10	-1.079992e-09	-1.562017e+00	-1.402533e+02
5.730000e-06	-2.726420e-10	-1.147445e-09	-1.636077e+00	-1.488700e+02
5.740000e-06	-2.849490e-10	-1.214403e-09	-1.709929e+00	-1.574595e+02
5.750000e-06	-2.972262e-10	-1.280295e-09	-1.783603e+00	-1.660207e+02
5.760000e-06	-3.094796e-10	-1.345885e-09	-1.857133e+00	-1.745524e+02
5.770000e-06	-3.216882e-10	-1.411600e-09	-1.930395e+00	-1.830534e+02
5.780000e-06	-3.338481e-10	-1.477056e-09	-2.003364e+00	-1.915227e+02
5.790000e-06	-3.459576e-10	-1.542101e-09	-2.076031e+00	-1.999589e+02
5.800000e-06	-3.580148e-10	-1.606670e-09	-2.148384e+00	-2.083608e+02
5.810000e-06	-3.700197e-10	-1.671397e-09	-2.220423e+00	-2.167265e+02
5.820000e-06	-3.819731e-10	-1.736584e-09	-2.292154e+00	-2.250542e+02
5.830000e-06	-3.938776e-10	-1.801186e-09	-2.363590e+00	-2.333416e+02
5.840000e-06	-4.057332e-10	-1.864539e-09	-2.434734e+00	-2.415861e+02
5.850000e-06	-4.175310e-10	-1.927247e-09	-2.505531e+00	-2.497850e+02
5.860000e-06	-4.292706e-10	-1.989937e-09	-2.575978e+00	-2.579353e+02
5.870000e-06	-4.409613e-10	-2.052939e-09	-2.646132e+00	-2.660343e+02
5.880000e-06	-4.525985e-10	-2.115956e-09	-2.715964e+00	-2.740791e+02
5.890000e-06	-4.641800e-10	-2.178006e-09	-2.785463e+00	-2.820671e+02
5.900000e-06	-4.757063e-10	-2.239332e-09	-2.854630e+00	-2.899962e+02
5.910000e-06	-4.871625e-10	-2.300638e-09	-2.923377e+00	-2.978645e+02
5.920000e-06	-4.985654e-10	-2.361383e-09	-2.991804e+00	-3.056710e+02
5.930000e-06	-5.099340e-10	-2.421359e-09	-3.060025e+00	-3.134150e+02
5.940000e-06	-5.212570e-10	-2.480569e-09	-3.127971e+00	-3.210965e+02
5.950000e-06	-5.325400e-10	-2.539232e-09	-3.195679e+00	-3.287162e+02
5.960000e-06	-5.437928e-10	-2.597701e-09	-3.263205e+00	-3.362751e+02
5.970000e-06	-5.550190e-10	-2.655939e-09	-3.330572e+00	-3.437748e+02
5.980000e-06	-5.662233e-10	-2.714075e-09	-3.397806e+00	-3.512171e+02
5.990000e-06	-5.774129e-10	-2.771763e-09	-3.464953e+00	-3.586040e+02
6.000000e-06	-5.885833e-10	-2.828758e-09	-3.531985e+00	-3.659374e+02
6.010000e-06	-5.997355e-10	-2.885783e-09	-3.598907e+00	-3.732192e+02
6.020000e-06	-6.108707e-10	-2.942923e-09	-3.665728e+00	-3.804509e+02
6.030000e-06	-6.219894e-10	-2.999278e-09	-3.732449e+00	-3.876339e+02
6.040000e-06	-6.330896e-10	-3.054792e-09	-3.799060e+00	-3.947688e+02
6.050000e-06	-6.441679e-10	-3.109708e-09	-3.865539e+00	-4.018561e+02
6.060000e-06	-6.552198e-10	-3.164376e-09	-3.931859e+00	-4.088957e+02
6.070000e-06	-6.662405e-10	-3.219419e-09	-3.997993e+00	-4.158870e+02
6.080000e-06	-6.772212e-10	-3.273935e-09	-4.063885e+00	-4.228293e+02
6.090000e-06	-6.881464e-10	-3.326919e-09	-4.129446e+00	-4.297216e+02
6.100000e-06	-6.990161e-10	-3.379240e-09	-4.194673e+00	-4.365628e+02
6.110000e-06	-7.098321e-10	-3.431977e-09	-4.259578e+00	-4.433518e+02
6.120000e-06	-7.205920e-10	-3.484370e-09	-4.324146e+00	-4.500876e+02
6.130000e-06	-7.312926e-10	-3.535617e-09	-4.388359e+00	-4.567696e+02
6.140000e-06	-7.419357e-10	-3.586684e-09	-4.452226e+00	-4.633974e+02
6.150000e-06	-7.525145e-10	-3.638334e-09	-4.515707e+00	-4.699710e+02
6.160000e-06	-7.630311e-10	-3.689996e-09	-4.578816e+00	-4.764908e+02
6.170000e-06	-7.734918e-10	-3.741210e-09	-4.641588e+00	-4.829577e+02
6.180000e-06	-7.839022e-10	-3.791597e-09	-4.704059e+00	-4.893726e+02
6.190000e-06	-7.942701e-10	-3.840858e-09	-4.766275e+00	-4.957370e+02
6.200000e-06	-8.045825e-10	-3.890000e-09	-4.828158e+00	-5.020524e+02
6.210000e-06	-8.148374e-10	-3.939382e-09	-4.889696e+00	-5.083204e+02
6.220000e-06	-8.250389e-10	-3.988398e-09	-4.950913e+00	-5.145427e+02
6.230000e-06	-8.351791e-10	-4.037344e-09	-5.011763e+00	-5.207205e+02
6.240000e-06	-8.452514e-10	-4.086530e-09	-5.072205e+00	-5.268551e+02
6.250000e-06	-8.552554e-10	-4.135044e-09	-5.132238e+00	-5.329473e+02
6.260000e-06	-8.651873e-10	-4.182012e-09	-5.191837e+00	-5.389975e+02
6.270000e-06	-8.750534e-10	-4.228201e-09	-5.251042e+00	-5.450059e+02
6.280000e-06	-8.848537e-10	-4.274976e-09	-5.309852e+00	-5.509721e+02
6.290000e-06	-8.945863e-10	-4.322288e-09	-5.368255e+00	-5.568954e+02
6.300000e-06	-9.042615e-10	-4.368996e-09	-5.426314e+00	-5.627748e+02
6.310000e-06	-9.138920e-10	-4.414642e-09	-5.484105e+00	-5.686090e+02
6.320000e-06	-9.234883e-10	-4.459932e-09	-5.541691e+00	-5.743966e+02
6.330000e-06	-9.330496e-10	-4.505068e-09	-5.599066e+00	-5.801359e+02
6.340000e-06	-9.425800e-10	-4.549779e-09	-5.656257e+00	-5.858254e+02
6.350000e-06	-9.520850e-10	-4.593684e-09	-5.713295e+00	-5.914635e+02
6.360000e-06	-9.615511e-10	-4.637013e-09	-5.770099e+00	-5.970489e+02
6.370000e-06	-9.709724e-10	-4.680341e-09	-5.826635e+00	-6.025804e+02
6.380000e-06	-9.803410e-10	-4.723498e-09	-5.882854e+00	-6.080567e+02
6.390000e-06	-9.896482e-10	-4.766637e-09	-5.938705e+00	-6.134772e+02
6.400000e-06	-9.988651e-10	-4.809375e-09	-5.994014e+00	-6.188412e+02
6.410000e-06	-1.007973e-09	-4.850731e-09	-6.048671e+00	-6.241481e+02
6.420000e-06	-1.016989e-09	-4.891383e-09	-6.102770e+00	-6.293977e+02
6.430000e-06	-1.025883e-09	-4.932138e-09	-6.156146e+00	-6.345895e+02
6.440000e-06	-1.034639e-09	-4.972731e-09	-6.208686e+00	-6.397235e+02
6.450000e-06	-1.043247e-09	-5.012327e-09	-6.260344e+00	-6.447993e+02
6.460000e-06	-1.051717e-09	-5.050484e-09	-6.311166e+00	-6.498165e+02
6.470000e-06	-1.060061e-09	-5.088104e-09	-6.361238e+00	-6.547747e+02
6.480000e-06	-1.068294e-09	-5.126253e-09	-6.410646e+00	-6.596733e+02
6.490000e-06	-1.076433e-09	-5.164734e-09	-6.459484e+00	-6.645114e+02
6.500000e-06	-1.084499e-09	-5.202157e-09	-6.507886e+00	-6.692881e+02
6.510000e-06	-1.092520e-09	-5.238310e-09	-6.556019e+00	-6.740022e+02
6.520000e-06	-1.100499e-09	-5.273610e-09	-6.603903e+00	-6.786525e+02
6.530000e-06	-1.108448e-09	-5.308272e-09	-6.651600e+00	-6.832375e+02
6.540000e-06	-1.116368e-09	-5.342538e-09	-6.699128e+00	-6.877558e+02
6.550000e-06	-1.124249e-09	-5.375959e-09	-6.746422e+00	-6.922061e+02
6.560000e-06	-1.132076e-09	-5.409128e-09	-6.793388e+00	-6.965868e+02
6.570000e-06	-1.139826e-09	-5.442806e-09	-6.839894e+00	-7.008969e+02
6.580000e-06	-1.147484e-09	-5.476011e-09	-6.885851e+00	-7.051353e+02
6.590000e-06	-1.155051e-09	-5.507981e-09	-6.931257e+00	-7.093012e+02
6.600000e-06	-1.162522e-09	-5.538839e-09	-6.976091e+00	-7.133942e+02
6.610000e-06	-1.169901e-09	-5.569201e-09	-7.020371e+00	-7.174141e+02
6.620000e-06	-1.177197e-09	-5.599855e-09	-7.064151e+00	-7.213611e+02
6.630000e-06	-1.184421e-09	-5.630540e-09	-7.107504e+00	-7.252359e+02
6.640000e-06	-1.191584e-09	-5.659947e-09	-7.150484e+00	-7.290392e+02
6.650000e-06	-1.198681e-09	-5.687778e-09	-7.193076e+00	-7.327724e+02
6.660000e-06	-1.205718e-09	-5.715066e-09	-7.235302e+00	-7.364369e+02
6.670000e-06	-1.212683e-09	-5.742608e-09	-7.277099e+00	-7.400345e+02
6.680000e-06	-1.219555e-09	-5.770378e-09	-7.318333e+00	-7.435672e+02
6.690000e-06	-1.226324e-09	-5.797973e-09	-7.358952e+00	-7.470369e+02
6.700000e-06	-1.233000e-09	-5.825028e-09	-7.399014e+00	-7.504457e+02
6.710000e-06	-1.239579e-09	-5.851582e-09	-7.438493e+00	-7.537957e+02
6.720000e-06	-1.246065e-09	-5.877920e-09	-7.477415e+00	-7.570889e+02
6.730000e-06	-1.252491e-09	-5.904078e-09	-7.515976e+00	-7.603271e+02
6.740000e-06	-1.258870e-09	-5.929657e-09	-7.554260e+00	-7.635120e+02
6.750000e-06	-1.265207e-09	-5.954051e-09	-7.592285e+00	-7.666452e+02
6.760000e-06	-1.271498e-09	-5.978098e-09	-7.630036e+00	-7.697278e+02
6.770000e-06	-1.277714e-09	-6.002512e-09	-7.667335e+00	-7.727611e+02
6.780000e-06	-1.283824e-09	-6.026954e-09	-7.704002e+00	-7.757458e+02
6.790000e-06	-1.289817e-09	-6.051071e-09	-7.739965e+00	-7.786828e+02
6.800000e-06	-1.295662e-09	-6.074683e-09	-7.775042e+00	-7.815725e+02
6.810000e-06	-1.301327e-09	-6.097721e-09	-7.809035e+00	-7.844153e+02
6.820000e-06	-1.306820e-09	-6.120420e-09	-7.841998e+00	-7.872117e+02
6.830000e-06	-1.312153e-09	-6.143107e-09	-7.874000e+00	-7.899619e+02
6.840000e-06	-1.317325e-09	-6.165382e-09	-7.905038e+00	-7.926660e+02
6.850000e-06	-1.322363e-09	-6.187258e-09	-7.935268e+00	-7.953245e+02
6.860000e-06	-1.327299e-09	-6.209236e-09	-7.964888e+00	-7.979374e+02
6.870000e-06	-1.332151e-09	-6.231262e-09	-7.994004e+00	-8.005050e+02
6.880000e-06	-1.336935e-09	-6.252838e-09	-8.022709e+00	-8.030276e+02
6.890000e-06	-1.341647e-09	-6.273376e-09	-8.050985e+00	-8.055056e+02
6.900000e-06	-1.346267e-09	-6.292942e-09	-8.078714e+00	-8.079390e+02
6.910000e-06	-1.350792e-09	-6.312413e-09	-8.105863e+00	-8.103283e+02
6.920000e-06	-1.355210e-09	-6.332107e-09	-8.132375e+00	-8.126736e+02
6.930000e-06	-1.359513e-09	-6.351782e-09	-8.158200e+00	-8.149752e+02
6.940000e-06	-1.363711e-09	-6.370844e-09	-8.183388e+00	-8.172332e+02
6.950000e-06	-1.367813e-09	-6.389197e-09	-8.208007e+00	-8.194477e+02
6.960000e-06	-1.371838e-09	-6.407434e-09	-8.232159e+00	-8.216188e+02
6.970000e-06	-1.375792e-09	-6.425459e-09	-8.255888e+00	-8.237465e+02
6.980000e-06	-1.379671e-09	-6.442830e-09	-8.279161e+00	-8.258308e+02
6.990000e-06	-1.383461e-09	-6.459402e-09	-8.301904e+00	-8.278716e+02
7.000000e-06	-1.387140e-09	-6.475359e-09	-8.323980e+00	-8.298688e+02
7.010000e-06	-1.390695e-09	-6.491020e-09	-8.345318e+00	-8.318223e+02
7.020000e-06	-1.394136e-09	-6.506603e-09	-8.365962e+00	-8.337322e+02
7.030000e-06	-1.397486e-09	-6.522066e-09	-8.386066e+00	-8.355982e+02
7.040000e-06	-1.400760e-09	-6.536662e-09	-8.405716e+00	-8.374204e+02
7.050000e-06	-1.403971e-09	-6.550154e-09	-8.424980e+00	-8.391986e+02
7.060000e-06	-1.407135e-09	-6.563721e-09	-8.443970e+00	-8.409327e+02
7.070000e-06	-1.410255e-09	-6.578074e-09	-8.462690e+00	-8.426226e+02
7.080000e-06	-1.413319e-09	-6.592283e-09	-8.481081e+00	-8.442680e+02
7.090000e-06	-1.416305e-09	-6.605553e-09	-8.498996e+00	-8.458686e+02
7.100000e-06	-1.419176e-09	-6.618181e-09	-8.516222e+00	-8.474237e+02
7.110000e-06	-1.421908e-09	-6.630501e-09	-8.532619e+00	-8.489328e+02
7.120000e-06	-1.424484e-09	-6.642441e-09	-8.548075e+00	-8.503949e+02
7.130000e-06	-1.426888e-09	-6.653798e-09	-8.562505e+00	-8.518088e+02
7.140000e-06	-1.429129e-09	-6.664667e-09	-8.575953e+00	-8.531734e+02
7.150000e-06	-1.431204e-09	-6.675297e-09	-8.588406e+00	-8.544869e+02
7.160000e-06	-1.433113e-09	-6.685971e-09	-8.599858e+00	-8.557478e+02
7.170000e-06	-1.434884e-09	-6.696330e-09	-8.610483e+00	-8.569542e+02
7.180000e-06	-1.436555e-09	-6.705847e-09	-8.620516e+00	-8.581041e+02
7.190000e-06	-1.438166e-09	-6.714920e-09	-8.630181e+00	-8.591957e+02
7.200000e-06	-1.439735e-09	-6.723370e-09	-8.639598e+00	-8.602272e+02
7.210000e-06	-1.441257e-09	-6.730869e-09	-8.648732e+00	-8.611969e+02
7.220000e-06	-1.442714e-09	-6.738246e-09	-8.657471e+00	-8.621034e+02
7.230000e-06	-1.444084e-09	-6.745567e-09	-8.665695e+00	-8.629455e+02
7.240000e-06	-1.445343e-09	-6.752430e-09	-8.673249e+00	-8.637225e+02
7.250000e-06	-1.446460e-09	-6.758712e-09	-8.679951e+00	-8.644341e+02
7.260000e-06	-1.447429e-09	-6.763204e-09	-8.685768e+00	-8.650803e+02
7.270000e-06	-1.448302e-09	-6.764108e-09	-8.691003e+00	-8.656616e+02
7.280000e-06	-1.449152e-09	-6.763699e-09	-8.696104e+00	-8.661789e+02
7.290000e-06	-1.450020e-09	-6.765635e-09	-8.701312e+00	-8.666336e+02
7.300000e-06	-1.450849e-09	-6.771186e-09	-8.706288e+00	-8.670273e+02
7.310000e-06	-1.451522e-09	-6.776872e-09	-8.710327e+00	-8.673616e+02
7.320000e-06	-1.451927e-09	-6.776355e-09	-8.712760e+00	-8.676386e+02
7.330000e-06	-1.452135e-09	-6.778451e-09	-8.714005e+00	-8.678602e+02
7.340000e-06	-1.452256e-09	-6.787614e-09	-8.714734e+00	-8.680282e+02
7.350000e-06	-1.452314e-09	-6.787253e-09	-8.715081e+00	-8.681443e+02
