# Concentracion g/m^3_=_53300.0
# C_Vs_to_Am_M_A/Vsm_=_128687336408.14134
# pendiente_HvsI_1/m_=_3716.3
# ordenada_HvsI_A/m_=_1297.0
# frecuencia_Hz_=_136123.15291257633
# Promedio de 27 ciclos

Tiempo_(s)	Campo_(V.s)	Magnetizacion_(V.s)	Campo_(kA/m)	Magnetizacion_(A/m)
0.000000e+00	-4.915140e-09	-1.574844e-08	-2.729301e+01	-2.095245e+03
1.000000e-08	-4.915143e-09	-1.574668e-08	-2.729301e+01	-2.095122e+03
2.000000e-08	-4.914862e-09	-1.574493e-08	-2.729142e+01	-2.094886e+03
3.000000e-08	-4.914167e-09	-1.574238e-08	-2.728756e+01	-2.094543e+03
4.000000e-08	-4.913014e-09	-1.573841e-08	-2.728117e+01	-2.094098e+03
5.000000e-08	-4.911502e-09	-1.573403e-08	-2.727278e+01	-2.093555e+03
6.000000e-08	-4.909678e-09	-1.573029e-08	-2.726267e+01	-2.092921e+03
7.000000e-08	-4.907465e-09	-1.572664e-08	-2.725040e+01	-2.092199e+03
8.000000e-08	-4.904735e-09	-1.571728e-08	-2.723524e+01	-2.091395e+03
9.000000e-08	-4.901525e-09	-1.570073e-08	-2.721741e+01	-2.090512e+03
1.000000e-07	-4.898105e-09	-1.569391e-08	-2.719840e+01	-2.089550e+03
1.100000e-07	-4.894486e-09	-1.569584e-08	-2.717829e+01	-2.088512e+03
1.200000e-07	-4.890406e-09	-1.568378e-08	-2.715563e+01	-2.087395e+03
1.300000e-07	-4.885927e-09	-1.567956e-08	-2.713074e+01	-2.086198e+03
1.400000e-07	-4.881164e-09	-1.567755e-08	-2.710429e+01	-2.084916e+03
1.500000e-07	-4.875968e-09	-1.565007e-08	-2.707544e+01	-2.083546e+03
1.600000e-07	-4.870269e-09	-1.563790e-08	-2.704379e+01	-2.082084e+03
1.700000e-07	-4.864131e-09	-1.564306e-08	-2.700971e+01	-2.080525e+03
1.800000e-07	-4.857642e-09	-1.561796e-08	-2.697368e+01	-2.078865e+03
1.900000e-07	-4.850806e-09	-1.558598e-08	-2.693572e+01	-2.077102e+03
2.000000e-07	-4.843623e-09	-1.558521e-08	-2.689583e+01	-2.075233e+03
2.100000e-07	-4.836141e-09	-1.558358e-08	-2.685428e+01	-2.073257e+03
2.200000e-07	-4.828360e-09	-1.555913e-08	-2.681107e+01	-2.071176e+03
2.300000e-07	-4.820239e-09	-1.553451e-08	-2.676598e+01	-2.068991e+03
2.400000e-07	-4.811742e-09	-1.552291e-08	-2.671880e+01	-2.066705e+03
2.500000e-07	-4.802915e-09	-1.551039e-08	-2.666979e+01	-2.064320e+03
2.600000e-07	-4.793800e-09	-1.548568e-08	-2.661918e+01	-2.061839e+03
2.700000e-07	-4.784388e-09	-1.545820e-08	-2.656692e+01	-2.059267e+03
2.800000e-07	-4.774677e-09	-1.544169e-08	-2.651298e+01	-2.056605e+03
2.900000e-07	-4.764602e-09	-1.542830e-08	-2.645702e+01	-2.053856e+03
3.000000e-07	-4.754068e-09	-1.540443e-08	-2.639852e+01	-2.051020e+03
3.100000e-07	-4.743108e-09	-1.537695e-08	-2.633765e+01	-2.048098e+03
3.200000e-07	-4.731835e-09	-1.535563e-08	-2.627503e+01	-2.045087e+03
3.300000e-07	-4.720288e-09	-1.533332e-08	-2.621089e+01	-2.041986e+03
3.400000e-07	-4.708414e-09	-1.530477e-08	-2.614495e+01	-2.038792e+03
3.500000e-07	-4.696194e-09	-1.527938e-08	-2.607708e+01	-2.035502e+03
3.600000e-07	-4.683659e-09	-1.525798e-08	-2.600746e+01	-2.032112e+03
3.700000e-07	-4.670840e-09	-1.523000e-08	-2.593625e+01	-2.028620e+03
3.800000e-07	-4.657703e-09	-1.519795e-08	-2.586330e+01	-2.025022e+03
3.900000e-07	-4.644143e-09	-1.517275e-08	-2.578801e+01	-2.021316e+03
4.000000e-07	-4.630137e-09	-1.514567e-08	-2.571025e+01	-2.017503e+03
4.100000e-07	-4.615781e-09	-1.510859e-08	-2.563054e+01	-2.013581e+03
4.200000e-07	-4.601150e-09	-1.507602e-08	-2.554930e+01	-2.009552e+03
4.300000e-07	-4.586218e-09	-1.505306e-08	-2.546640e+01	-2.005416e+03
4.400000e-07	-4.570944e-09	-1.502222e-08	-2.538158e+01	-2.001176e+03
4.500000e-07	-4.555340e-09	-1.498281e-08	-2.529493e+01	-1.996834e+03
4.600000e-07	-4.539466e-09	-1.495017e-08	-2.520679e+01	-1.992390e+03
4.700000e-07	-4.523344e-09	-1.491997e-08	-2.511726e+01	-1.987848e+03
4.800000e-07	-4.506855e-09	-1.488088e-08	-2.502570e+01	-1.983208e+03
4.900000e-07	-4.489897e-09	-1.484161e-08	-2.493154e+01	-1.978470e+03
5.000000e-07	-4.472538e-09	-1.480878e-08	-2.483516e+01	-1.973633e+03
5.100000e-07	-4.454885e-09	-1.477239e-08	-2.473715e+01	-1.968697e+03
5.200000e-07	-4.436943e-09	-1.473136e-08	-2.463754e+01	-1.963659e+03
5.300000e-07	-4.418669e-09	-1.469397e-08	-2.453608e+01	-1.958518e+03
5.400000e-07	-4.400055e-09	-1.465536e-08	-2.443273e+01	-1.953270e+03
5.500000e-07	-4.381123e-09	-1.460996e-08	-2.432762e+01	-1.947915e+03
5.600000e-07	-4.361925e-09	-1.456598e-08	-2.422102e+01	-1.942449e+03
5.700000e-07	-4.342429e-09	-1.452583e-08	-2.411276e+01	-1.936873e+03
5.800000e-07	-4.322503e-09	-1.448206e-08	-2.400213e+01	-1.931184e+03
5.900000e-07	-4.302118e-09	-1.443620e-08	-2.388893e+01	-1.925382e+03
6.000000e-07	-4.281369e-09	-1.439318e-08	-2.377371e+01	-1.919470e+03
6.100000e-07	-4.260312e-09	-1.434775e-08	-2.365679e+01	-1.913446e+03
6.200000e-07	-4.238937e-09	-1.429854e-08	-2.353812e+01	-1.907314e+03
6.300000e-07	-4.217253e-09	-1.425206e-08	-2.341773e+01	-1.901074e+03
6.400000e-07	-4.195272e-09	-1.420624e-08	-2.329568e+01	-1.894727e+03
6.500000e-07	-4.173023e-09	-1.415575e-08	-2.317215e+01	-1.888274e+03
6.600000e-07	-4.150537e-09	-1.410541e-08	-2.304729e+01	-1.881715e+03
6.700000e-07	-4.127746e-09	-1.405719e-08	-2.292074e+01	-1.875051e+03
6.800000e-07	-4.104547e-09	-1.400524e-08	-2.279194e+01	-1.868279e+03
6.900000e-07	-4.080935e-09	-1.395052e-08	-2.266084e+01	-1.861397e+03
7.000000e-07	-4.057019e-09	-1.389726e-08	-2.252805e+01	-1.854404e+03
7.100000e-07	-4.032882e-09	-1.384237e-08	-2.239404e+01	-1.847296e+03
7.200000e-07	-4.008498e-09	-1.378555e-08	-2.225865e+01	-1.840070e+03
7.300000e-07	-3.983842e-09	-1.373130e-08	-2.212174e+01	-1.832724e+03
7.400000e-07	-3.958926e-09	-1.367701e-08	-2.198340e+01	-1.825255e+03
7.500000e-07	-3.933734e-09	-1.361873e-08	-2.184353e+01	-1.817662e+03
7.600000e-07	-3.908272e-09	-1.355972e-08	-2.170216e+01	-1.809942e+03
7.700000e-07	-3.882563e-09	-1.350085e-08	-2.155941e+01	-1.802097e+03
7.800000e-07	-3.856538e-09	-1.343959e-08	-2.141491e+01	-1.794126e+03
7.900000e-07	-3.830118e-09	-1.337742e-08	-2.126822e+01	-1.786030e+03
8.000000e-07	-3.803344e-09	-1.331595e-08	-2.111957e+01	-1.777812e+03
8.100000e-07	-3.776315e-09	-1.325304e-08	-2.096950e+01	-1.769471e+03
8.200000e-07	-3.749082e-09	-1.318894e-08	-2.081829e+01	-1.761011e+03
8.300000e-07	-3.721633e-09	-1.312516e-08	-2.066587e+01	-1.752431e+03
8.400000e-07	-3.693927e-09	-1.305976e-08	-2.051204e+01	-1.743732e+03
8.500000e-07	-3.665963e-09	-1.299230e-08	-2.035677e+01	-1.734914e+03
8.600000e-07	-3.637742e-09	-1.292433e-08	-2.020007e+01	-1.725976e+03
8.700000e-07	-3.609258e-09	-1.285518e-08	-2.004192e+01	-1.716914e+03
8.800000e-07	-3.580541e-09	-1.278442e-08	-1.988247e+01	-1.707728e+03
8.900000e-07	-3.551620e-09	-1.271347e-08	-1.972188e+01	-1.698414e+03
9.000000e-07	-3.522438e-09	-1.264215e-08	-1.955983e+01	-1.688969e+03
9.100000e-07	-3.492890e-09	-1.256989e-08	-1.939576e+01	-1.679391e+03
9.200000e-07	-3.462954e-09	-1.249683e-08	-1.922953e+01	-1.669678e+03
9.300000e-07	-3.432702e-09	-1.242261e-08	-1.906153e+01	-1.659829e+03
9.400000e-07	-3.402202e-09	-1.234780e-08	-1.889217e+01	-1.649843e+03
9.500000e-07	-3.371465e-09	-1.227282e-08	-1.872151e+01	-1.639721e+03
9.600000e-07	-3.340485e-09	-1.219585e-08	-1.854950e+01	-1.629464e+03
9.700000e-07	-3.309267e-09	-1.211629e-08	-1.837616e+01	-1.619076e+03
9.800000e-07	-3.277786e-09	-1.203620e-08	-1.820135e+01	-1.608559e+03
9.900000e-07	-3.245994e-09	-1.195661e-08	-1.802480e+01	-1.597914e+03
1.000000e-06	-3.213875e-09	-1.187677e-08	-1.784643e+01	-1.587145e+03
1.010000e-06	-3.181480e-09	-1.179623e-08	-1.766654e+01	-1.576251e+03
1.020000e-06	-3.148883e-09	-1.171452e-08	-1.748553e+01	-1.565235e+03
1.030000e-06	-3.116097e-09	-1.163116e-08	-1.730347e+01	-1.554092e+03
1.040000e-06	-3.083102e-09	-1.154671e-08	-1.712026e+01	-1.542821e+03
1.050000e-06	-3.049880e-09	-1.146160e-08	-1.693578e+01	-1.531417e+03
1.060000e-06	-3.016454e-09	-1.137509e-08	-1.675017e+01	-1.519873e+03
1.070000e-06	-2.982870e-09	-1.128715e-08	-1.656370e+01	-1.508182e+03
1.080000e-06	-2.949144e-09	-1.119805e-08	-1.637643e+01	-1.496338e+03
1.090000e-06	-2.915246e-09	-1.110745e-08	-1.618821e+01	-1.484332e+03
1.100000e-06	-2.881153e-09	-1.101522e-08	-1.599888e+01	-1.472159e+03
1.110000e-06	-2.846864e-09	-1.092135e-08	-1.580847e+01	-1.459812e+03
1.120000e-06	-2.812393e-09	-1.082613e-08	-1.561706e+01	-1.447288e+03
1.130000e-06	-2.777736e-09	-1.073001e-08	-1.542460e+01	-1.434586e+03
1.140000e-06	-2.742885e-09	-1.063349e-08	-1.523107e+01	-1.421706e+03
1.150000e-06	-2.707855e-09	-1.053630e-08	-1.503655e+01	-1.408652e+03
1.160000e-06	-2.672674e-09	-1.043766e-08	-1.484121e+01	-1.395428e+03
1.170000e-06	-2.637346e-09	-1.033750e-08	-1.464504e+01	-1.382041e+03
1.180000e-06	-2.601831e-09	-1.023628e-08	-1.444785e+01	-1.368497e+03
1.190000e-06	-2.566080e-09	-1.013396e-08	-1.424934e+01	-1.354803e+03
1.200000e-06	-2.530049e-09	-1.003058e-08	-1.404926e+01	-1.340967e+03
1.210000e-06	-2.493740e-09	-9.926280e-09	-1.384765e+01	-1.326993e+03
1.220000e-06	-2.457201e-09	-9.820922e-09	-1.364476e+01	-1.312885e+03
1.230000e-06	-2.420492e-09	-9.714684e-09	-1.344091e+01	-1.298643e+03
1.240000e-06	-2.383661e-09	-9.607420e-09	-1.323640e+01	-1.284266e+03
1.250000e-06	-2.346720e-09	-9.499153e-09	-1.303127e+01	-1.269748e+03
1.260000e-06	-2.309641e-09	-9.389848e-09	-1.282538e+01	-1.255084e+03
1.270000e-06	-2.272404e-09	-9.278752e-09	-1.261861e+01	-1.240263e+03
1.280000e-06	-2.235000e-09	-9.166131e-09	-1.241091e+01	-1.225276e+03
1.290000e-06	-2.197435e-09	-9.052257e-09	-1.220231e+01	-1.210111e+03
1.300000e-06	-2.159713e-09	-8.936514e-09	-1.199285e+01	-1.194757e+03
1.310000e-06	-2.121826e-09	-8.818914e-09	-1.178247e+01	-1.179205e+03
1.320000e-06	-2.083774e-09	-8.700198e-09	-1.157116e+01	-1.163446e+03
1.330000e-06	-2.045574e-09	-8.580529e-09	-1.135904e+01	-1.147472e+03
1.340000e-06	-2.007246e-09	-8.459430e-09	-1.114622e+01	-1.131280e+03
1.350000e-06	-1.968792e-09	-8.336414e-09	-1.093270e+01	-1.114869e+03
1.360000e-06	-1.930221e-09	-8.211200e-09	-1.071851e+01	-1.098237e+03
1.370000e-06	-1.891511e-09	-8.083939e-09	-1.050355e+01	-1.081388e+03
1.380000e-06	-1.852634e-09	-7.954925e-09	-1.028766e+01	-1.064326e+03
1.390000e-06	-1.813581e-09	-7.824491e-09	-1.007078e+01	-1.047053e+03
1.400000e-06	-1.774342e-09	-7.692807e-09	-9.852875e+00	-1.029576e+03
1.410000e-06	-1.734909e-09	-7.559990e-09	-9.633892e+00	-1.011898e+03
1.420000e-06	-1.695293e-09	-7.425937e-09	-9.413911e+00	-9.940198e+02
1.430000e-06	-1.655537e-09	-7.290523e-09	-9.193164e+00	-9.759438e+02
1.440000e-06	-1.615668e-09	-7.153789e-09	-8.971806e+00	-9.576685e+02
1.450000e-06	-1.575713e-09	-7.015239e-09	-8.749951e+00	-9.391905e+02
1.460000e-06	-1.535684e-09	-6.874829e-09	-8.527700e+00	-9.205052e+02
1.470000e-06	-1.495576e-09	-6.732747e-09	-8.305005e+00	-9.016061e+02
1.480000e-06	-1.455386e-09	-6.589338e-09	-8.081837e+00	-8.824859e+02
1.490000e-06	-1.415106e-09	-6.445213e-09	-7.858173e+00	-8.631370e+02
1.500000e-06	-1.374730e-09	-6.300359e-09	-7.633979e+00	-8.435520e+02
1.510000e-06	-1.334265e-09	-6.153609e-09	-7.409286e+00	-8.237243e+02
1.520000e-06	-1.293708e-09	-6.004175e-09	-7.184092e+00	-8.036486e+02
1.530000e-06	-1.253055e-09	-5.852310e-09	-6.958361e+00	-7.833211e+02
1.540000e-06	-1.212304e-09	-5.697512e-09	-6.732093e+00	-7.627398e+02
1.550000e-06	-1.171464e-09	-5.539466e-09	-6.505325e+00	-7.419042e+02
1.560000e-06	-1.130537e-09	-5.379160e-09	-6.278065e+00	-7.208153e+02
1.570000e-06	-1.089518e-09	-5.217756e-09	-6.050296e+00	-6.994751e+02
1.580000e-06	-1.048413e-09	-5.055800e-09	-5.822042e+00	-6.778859e+02
1.590000e-06	-1.007232e-09	-4.893195e-09	-5.593370e+00	-6.560500e+02
1.600000e-06	-9.659742e-10	-4.728881e-09	-5.364262e+00	-6.339690e+02
1.610000e-06	-9.246380e-10	-4.562019e-09	-5.134718e+00	-6.116435e+02
1.620000e-06	-8.832390e-10	-4.393465e-09	-4.904834e+00	-5.890722e+02
1.630000e-06	-8.417926e-10	-4.223578e-09	-4.674693e+00	-5.662525e+02
1.640000e-06	-8.003111e-10	-4.051426e-09	-4.444353e+00	-5.431800e+02
1.650000e-06	-7.587908e-10	-3.876992e-09	-4.213812e+00	-5.198488e+02
1.660000e-06	-7.172348e-10	-3.700729e-09	-3.983083e+00	-4.962519e+02
1.670000e-06	-6.756497e-10	-3.522690e-09	-3.752180e+00	-4.723819e+02
1.680000e-06	-6.340369e-10	-3.342264e-09	-3.521115e+00	-4.482315e+02
1.690000e-06	-5.924009e-10	-3.158854e-09	-3.289919e+00	-4.237942e+02
1.700000e-06	-5.507397e-10	-2.972313e-09	-3.058587e+00	-3.990649e+02
1.710000e-06	-5.090472e-10	-2.782490e-09	-2.827092e+00	-3.740409e+02
1.720000e-06	-4.673219e-10	-2.589980e-09	-2.595419e+00	-3.487217e+02
1.730000e-06	-4.255621e-10	-2.395857e-09	-2.363547e+00	-3.231098e+02
1.740000e-06	-3.837663e-10	-2.200325e-09	-2.131469e+00	-2.972108e+02
1.750000e-06	-3.419442e-10	-2.003417e-09	-1.899242e+00	-2.710331e+02
1.760000e-06	-3.000977e-10	-1.805046e-09	-1.666883e+00	-2.445876e+02
1.770000e-06	-2.582319e-10	-1.604740e-09	-1.434426e+00	-2.178878e+02
1.780000e-06	-2.163537e-10	-1.402888e-09	-1.201897e+00	-1.909489e+02
1.790000e-06	-1.744670e-10	-1.199675e-09	-9.693133e-01	-1.637875e+02
1.800000e-06	-1.325822e-10	-9.950535e-10	-7.367329e-01	-1.364211e+02
1.810000e-06	-9.069372e-11	-7.890421e-10	-5.041350e-01	-1.088676e+02
1.820000e-06	-4.879745e-11	-5.815542e-10	-2.715018e-01	-8.114549e+01
1.830000e-06	-6.893037e-12	-3.731892e-10	-3.882376e-02	-5.327302e+01
1.840000e-06	3.501856e-11	-1.636262e-10	1.938931e-01	-2.526873e+01
1.850000e-06	7.692838e-11	4.806940e-11	4.266100e-01	2.848669e+00
1.860000e-06	1.188335e-10	2.610942e-10	6.593131e-01	3.105998e+01
1.870000e-06	1.607343e-10	4.740641e-10	8.919921e-01	5.934524e+01
1.880000e-06	2.026261e-10	6.872028e-10	1.124603e+00	8.768340e+01
1.890000e-06	2.444977e-10	9.012994e-10	1.357082e+00	1.160520e+02
1.900000e-06	2.863457e-10	1.115368e-09	1.589435e+00	1.444271e+02
1.910000e-06	3.281692e-10	1.328409e-09	1.821660e+00	1.727830e+02
1.920000e-06	3.699647e-10	1.540598e-09	2.053728e+00	2.010923e+02
1.930000e-06	4.117263e-10	1.751974e-09	2.285601e+00	2.293265e+02
1.940000e-06	4.534477e-10	1.962990e-09	2.517256e+00	2.574558e+02
1.950000e-06	4.951312e-10	2.173239e-09	2.748706e+00	2.854500e+02
1.960000e-06	5.367886e-10	2.381421e-09	2.980015e+00	3.132791e+02
1.970000e-06	5.784289e-10	2.587154e-09	3.211228e+00	3.409139e+02
1.980000e-06	6.200445e-10	2.790903e-09	3.442298e+00	3.683267e+02
1.990000e-06	6.616295e-10	2.993198e-09	3.673206e+00	3.954916e+02
2.000000e-06	7.031892e-10	3.194239e-09	3.903983e+00	4.223859e+02
2.010000e-06	7.447205e-10	3.394013e-09	4.134602e+00	4.489896e+02
2.020000e-06	7.862144e-10	3.592303e-09	4.365007e+00	4.752861e+02
2.030000e-06	8.276569e-10	3.788419e-09	4.595125e+00	5.012622e+02
2.040000e-06	8.690409e-10	3.981936e-09	4.824922e+00	5.269081e+02
2.050000e-06	9.103615e-10	4.172817e-09	5.054370e+00	5.522167e+02
2.060000e-06	9.516148e-10	4.360184e-09	5.283446e+00	5.771842e+02
2.070000e-06	9.927962e-10	4.543695e-09	5.512125e+00	6.018088e+02
2.080000e-06	1.033897e-09	4.724414e-09	5.740347e+00	6.260906e+02
2.090000e-06	1.074918e-09	4.902731e-09	5.968122e+00	6.500311e+02
2.100000e-06	1.115859e-09	5.078243e-09	6.195448e+00	6.736330e+02
2.110000e-06	1.156721e-09	5.251019e-09	6.422347e+00	6.968996e+02
2.120000e-06	1.197512e-09	5.421018e-09	6.648847e+00	7.198350e+02
2.130000e-06	1.238223e-09	5.588498e-09	6.874905e+00	7.424433e+02
2.140000e-06	1.278842e-09	5.753927e-09	7.100454e+00	7.647292e+02
2.150000e-06	1.319354e-09	5.917793e-09	7.325414e+00	7.866977e+02
2.160000e-06	1.359757e-09	6.079972e-09	7.549764e+00	8.083541e+02
2.170000e-06	1.400063e-09	6.239900e-09	7.773572e+00	8.297042e+02
2.180000e-06	1.440281e-09	6.397962e-09	7.996886e+00	8.507541e+02
2.190000e-06	1.480412e-09	6.554117e-09	8.219717e+00	8.715106e+02
2.200000e-06	1.520464e-09	6.707489e-09	8.442111e+00	8.919804e+02
2.210000e-06	1.560451e-09	6.857412e-09	8.664138e+00	9.121706e+02
2.220000e-06	1.600360e-09	7.003940e-09	8.885746e+00	9.320880e+02
2.230000e-06	1.640169e-09	7.148097e-09	9.106807e+00	9.517392e+02
2.240000e-06	1.679849e-09	7.290771e-09	9.327168e+00	9.711300e+02
2.250000e-06	1.719379e-09	7.431964e-09	9.546679e+00	9.902653e+02
2.260000e-06	1.758733e-09	7.571762e-09	9.765207e+00	1.009149e+03
2.270000e-06	1.797882e-09	7.710296e-09	9.982606e+00	1.027783e+03
2.280000e-06	1.836820e-09	7.847337e-09	1.019882e+01	1.046168e+03
2.290000e-06	1.875566e-09	7.982908e-09	1.041396e+01	1.064306e+03
2.300000e-06	1.914153e-09	8.117031e-09	1.062821e+01	1.082194e+03
2.310000e-06	1.952605e-09	8.249674e-09	1.084174e+01	1.099831e+03
2.320000e-06	1.990939e-09	8.380649e-09	1.105462e+01	1.117215e+03
2.330000e-06	2.029149e-09	8.510350e-09	1.126681e+01	1.134346e+03
2.340000e-06	2.067216e-09	8.638739e-09	1.147822e+01	1.151223e+03
2.350000e-06	2.105133e-09	8.764341e-09	1.168876e+01	1.167847e+03
2.360000e-06	2.142910e-09	8.886774e-09	1.189852e+01	1.184221e+03
2.370000e-06	2.180556e-09	9.006617e-09	1.210757e+01	1.200350e+03
2.380000e-06	2.218075e-09	9.124323e-09	1.231592e+01	1.216240e+03
2.390000e-06	2.255458e-09	9.240594e-09	1.252350e+01	1.231900e+03
2.400000e-06	2.292682e-09	9.355842e-09	1.273018e+01	1.247341e+03
2.410000e-06	2.329743e-09	9.469488e-09	1.293597e+01	1.262574e+03
2.420000e-06	2.366664e-09	9.581298e-09	1.314098e+01	1.277611e+03
2.430000e-06	2.403466e-09	9.692118e-09	1.334534e+01	1.292462e+03
2.440000e-06	2.440140e-09	9.801880e-09	1.354899e+01	1.307140e+03
2.450000e-06	2.476633e-09	9.909929e-09	1.375164e+01	1.321652e+03
2.460000e-06	2.512870e-09	1.001642e-08	1.395287e+01	1.336005e+03
2.470000e-06	2.548812e-09	1.012173e-08	1.415245e+01	1.350203e+03
2.480000e-06	2.584469e-09	1.022619e-08	1.435044e+01	1.364248e+03
2.490000e-06	2.619892e-09	1.032945e-08	1.454713e+01	1.378138e+03
2.500000e-06	2.655149e-09	1.043097e-08	1.474290e+01	1.391869e+03
2.510000e-06	2.690273e-09	1.053120e-08	1.493792e+01	1.405435e+03
2.520000e-06	2.725248e-09	1.063069e-08	1.513214e+01	1.418829e+03
2.530000e-06	2.760039e-09	1.072952e-08	1.532534e+01	1.432043e+03
2.540000e-06	2.794635e-09	1.082759e-08	1.551745e+01	1.445069e+03
2.550000e-06	2.829047e-09	1.092434e-08	1.570853e+01	1.457901e+03
2.560000e-06	2.863279e-09	1.101968e-08	1.589861e+01	1.470534e+03
2.570000e-06	2.897316e-09	1.111388e-08	1.608761e+01	1.482965e+03
2.580000e-06	2.931155e-09	1.120625e-08	1.627551e+01	1.495195e+03
2.590000e-06	2.964828e-09	1.129595e-08	1.646248e+01	1.507226e+03
2.600000e-06	2.998361e-09	1.138347e-08	1.664868e+01	1.519065e+03
2.610000e-06	3.031724e-09	1.146960e-08	1.683394e+01	1.530720e+03
2.620000e-06	3.064847e-09	1.155507e-08	1.701787e+01	1.542201e+03
2.630000e-06	3.097695e-09	1.164030e-08	1.720028e+01	1.553521e+03
2.640000e-06	3.130297e-09	1.172479e-08	1.738131e+01	1.564690e+03
2.650000e-06	3.162702e-09	1.180761e-08	1.756124e+01	1.575722e+03
2.660000e-06	3.194913e-09	1.188884e-08	1.774011e+01	1.586628e+03
2.670000e-06	3.226886e-09	1.196885e-08	1.791764e+01	1.597417e+03
2.680000e-06	3.258581e-09	1.204759e-08	1.809364e+01	1.608098e+03
2.690000e-06	3.290005e-09	1.212486e-08	1.826812e+01	1.618676e+03
2.700000e-06	3.321188e-09	1.220111e-08	1.844127e+01	1.629155e+03
2.710000e-06	3.352135e-09	1.227773e-08	1.861311e+01	1.639534e+03
2.720000e-06	3.382836e-09	1.235485e-08	1.878358e+01	1.649811e+03
2.730000e-06	3.413293e-09	1.243185e-08	1.895269e+01	1.659985e+03
2.740000e-06	3.443500e-09	1.250779e-08	1.912042e+01	1.670048e+03
2.750000e-06	3.473396e-09	1.258175e-08	1.928644e+01	1.679995e+03
2.760000e-06	3.502908e-09	1.265362e-08	1.945032e+01	1.689820e+03
2.770000e-06	3.532066e-09	1.272427e-08	1.961223e+01	1.699516e+03
2.780000e-06	3.560968e-09	1.279426e-08	1.977272e+01	1.709076e+03
2.790000e-06	3.589676e-09	1.286378e-08	1.993213e+01	1.718495e+03
2.800000e-06	3.618169e-09	1.293347e-08	2.009034e+01	1.727768e+03
2.810000e-06	3.646404e-09	1.300341e-08	2.024711e+01	1.736891e+03
2.820000e-06	3.674370e-09	1.307265e-08	2.040237e+01	1.745862e+03
2.830000e-06	3.702063e-09	1.314012e-08	2.055612e+01	1.754679e+03
2.840000e-06	3.729503e-09	1.320480e-08	2.070848e+01	1.763341e+03
2.850000e-06	3.756735e-09	1.326690e-08	2.085970e+01	1.771848e+03
2.860000e-06	3.783753e-09	1.332806e-08	2.100974e+01	1.780200e+03
2.870000e-06	3.810463e-09	1.338888e-08	2.115806e+01	1.788398e+03
2.880000e-06	3.836780e-09	1.344968e-08	2.130419e+01	1.796443e+03
2.890000e-06	3.862729e-09	1.351062e-08	2.144828e+01	1.804339e+03
2.900000e-06	3.888414e-09	1.357045e-08	2.159089e+01	1.812086e+03
2.910000e-06	3.913891e-09	1.362821e-08	2.173233e+01	1.819688e+03
2.920000e-06	3.939125e-09	1.368420e-08	2.187244e+01	1.827148e+03
2.930000e-06	3.964090e-09	1.373865e-08	2.201106e+01	1.834471e+03
2.940000e-06	3.988802e-09	1.379155e-08	2.214829e+01	1.841662e+03
2.950000e-06	4.013258e-09	1.384362e-08	2.228409e+01	1.848725e+03
2.960000e-06	4.037462e-09	1.389572e-08	2.241850e+01	1.855668e+03
2.970000e-06	4.061444e-09	1.394749e-08	2.255166e+01	1.862496e+03
2.980000e-06	4.085156e-09	1.399874e-08	2.268332e+01	1.869215e+03
2.990000e-06	4.108483e-09	1.404942e-08	2.281285e+01	1.875834e+03
3.000000e-06	4.131382e-09	1.409900e-08	2.293999e+01	1.882356e+03
3.010000e-06	4.153934e-09	1.414718e-08	2.306520e+01	1.888790e+03
3.020000e-06	4.176233e-09	1.419399e-08	2.318900e+01	1.895137e+03
3.030000e-06	4.198278e-09	1.423986e-08	2.331142e+01	1.901404e+03
3.040000e-06	4.220034e-09	1.428494e-08	2.343224e+01	1.907590e+03
3.050000e-06	4.241500e-09	1.432970e-08	2.355144e+01	1.913697e+03
3.060000e-06	4.262670e-09	1.437477e-08	2.366898e+01	1.919725e+03
3.070000e-06	4.283519e-09	1.441969e-08	2.378474e+01	1.925670e+03
3.080000e-06	4.304008e-09	1.446393e-08	2.389852e+01	1.931531e+03
3.090000e-06	4.324067e-09	1.450698e-08	2.400991e+01	1.937302e+03
3.100000e-06	4.343688e-09	1.454867e-08	2.411887e+01	1.942978e+03
3.110000e-06	4.362967e-09	1.458981e-08	2.422592e+01	1.948556e+03
3.120000e-06	4.381967e-09	1.463050e-08	2.433142e+01	1.954029e+03
3.130000e-06	4.400671e-09	1.467013e-08	2.443531e+01	1.959392e+03
3.140000e-06	4.419074e-09	1.470916e-08	2.453750e+01	1.964642e+03
3.150000e-06	4.437171e-09	1.474802e-08	2.463799e+01	1.969775e+03
3.160000e-06	4.454985e-09	1.478614e-08	2.473690e+01	1.974787e+03
3.170000e-06	4.472563e-09	1.482335e-08	2.483451e+01	1.979676e+03
3.180000e-06	4.489867e-09	1.485969e-08	2.493062e+01	1.984442e+03
3.190000e-06	4.506769e-09	1.489461e-08	2.502449e+01	1.989083e+03
3.200000e-06	4.523224e-09	1.492833e-08	2.511587e+01	1.993600e+03
3.210000e-06	4.539330e-09	1.496191e-08	2.520530e+01	1.997993e+03
3.220000e-06	4.555160e-09	1.499485e-08	2.529323e+01	2.002262e+03
3.230000e-06	4.570704e-09	1.502621e-08	2.537956e+01	2.006408e+03
3.240000e-06	4.585932e-09	1.505632e-08	2.546413e+01	2.010434e+03
3.250000e-06	4.600837e-09	1.508554e-08	2.554691e+01	2.014340e+03
3.260000e-06	4.615445e-09	1.511391e-08	2.562804e+01	2.018128e+03
3.270000e-06	4.629794e-09	1.514157e-08	2.570771e+01	2.021800e+03
3.280000e-06	4.643826e-09	1.516834e-08	2.578564e+01	2.025359e+03
3.290000e-06	4.657421e-09	1.519414e-08	2.586116e+01	2.028807e+03
3.300000e-06	4.670581e-09	1.521952e-08	2.593425e+01	2.032147e+03
3.310000e-06	4.683411e-09	1.524398e-08	2.600549e+01	2.035384e+03
3.320000e-06	4.695958e-09	1.526648e-08	2.607517e+01	2.038521e+03
3.330000e-06	4.708199e-09	1.528739e-08	2.614315e+01	2.041562e+03
3.340000e-06	4.720131e-09	1.530772e-08	2.620941e+01	2.044513e+03
3.350000e-06	4.731748e-09	1.532801e-08	2.627392e+01	2.047377e+03
3.360000e-06	4.743078e-09	1.534844e-08	2.633683e+01	2.050161e+03
3.370000e-06	4.754138e-09	1.536850e-08	2.639825e+01	2.052867e+03
3.380000e-06	4.764832e-09	1.538706e-08	2.645767e+01	2.055500e+03
3.390000e-06	4.775059e-09	1.540452e-08	2.651447e+01	2.058063e+03
3.400000e-06	4.784853e-09	1.542171e-08	2.656885e+01	2.060557e+03
3.410000e-06	4.794294e-09	1.543861e-08	2.662128e+01	2.062984e+03
3.420000e-06	4.803406e-09	1.545480e-08	2.667188e+01	2.065344e+03
3.430000e-06	4.812195e-09	1.547002e-08	2.672069e+01	2.067636e+03
3.440000e-06	4.820653e-09	1.548501e-08	2.676767e+01	2.069859e+03
3.450000e-06	4.828818e-09	1.550048e-08	2.681302e+01	2.072011e+03
3.460000e-06	4.836731e-09	1.551627e-08	2.685695e+01	2.074089e+03
3.470000e-06	4.844333e-09	1.553097e-08	2.689916e+01	2.076091e+03
3.480000e-06	4.851568e-09	1.554382e-08	2.693934e+01	2.078015e+03
3.490000e-06	4.858447e-09	1.555566e-08	2.697753e+01	2.079857e+03
3.500000e-06	4.864982e-09	1.556794e-08	2.701381e+01	2.081616e+03
3.510000e-06	4.871129e-09	1.558096e-08	2.704793e+01	2.083290e+03
3.520000e-06	4.876874e-09	1.559349e-08	2.707982e+01	2.084876e+03
3.530000e-06	4.882249e-09	1.560467e-08	2.710968e+01	2.086375e+03
3.540000e-06	4.887264e-09	1.561473e-08	2.713754e+01	2.087783e+03
3.550000e-06	4.891915e-09	1.562403e-08	2.716338e+01	2.089100e+03
3.560000e-06	4.896139e-09	1.563244e-08	2.718685e+01	2.090325e+03
3.570000e-06	4.899885e-09	1.564013e-08	2.720766e+01	2.091454e+03
3.580000e-06	4.903234e-09	1.564722e-08	2.722625e+01	2.092486e+03
3.590000e-06	4.906269e-09	1.565399e-08	2.724309e+01	2.093419e+03
3.600000e-06	4.908989e-09	1.566114e-08	2.725820e+01	2.094248e+03
3.610000e-06	4.911368e-09	1.566801e-08	2.727140e+01	2.094971e+03
3.620000e-06	4.913407e-09	1.567323e-08	2.728272e+01	2.095584e+03
3.630000e-06	4.915149e-09	1.567673e-08	2.729239e+01	2.096084e+03
3.640000e-06	4.916611e-09	1.567962e-08	2.730050e+01	2.096469e+03
3.650000e-06	4.917692e-09	1.568238e-08	2.730650e+01	2.096737e+03
3.660000e-06	4.918303e-09	1.568423e-08	2.730993e+01	2.096888e+03
3.670000e-06	4.918510e-09	1.568498e-08	2.731110e+01	2.096920e+03
3.680000e-06	4.918403e-09	1.568505e-08	2.731051e+01	2.096837e+03
3.690000e-06	4.917979e-09	1.568398e-08	2.730817e+01	2.096641e+03
3.700000e-06	4.917231e-09	1.568189e-08	2.730402e+01	2.096336e+03
3.710000e-06	4.916159e-09	1.567912e-08	2.729808e+01	2.095926e+03
3.720000e-06	4.914791e-09	1.567456e-08	2.729049e+01	2.095417e+03
3.730000e-06	4.913159e-09	1.566771e-08	2.728142e+01	2.094815e+03
3.740000e-06	4.911152e-09	1.566265e-08	2.727026e+01	2.094124e+03
3.750000e-06	4.908587e-09	1.566401e-08	2.725602e+01	2.093348e+03
3.760000e-06	4.905523e-09	1.566248e-08	2.723899e+01	2.092493e+03
3.770000e-06	4.902139e-09	1.565471e-08	2.722017e+01	2.091559e+03
3.780000e-06	4.898349e-09	1.564314e-08	2.719915e+01	2.090548e+03
3.790000e-06	4.894149e-09	1.562615e-08	2.717582e+01	2.089459e+03
3.800000e-06	4.889790e-09	1.561755e-08	2.715160e+01	2.088291e+03
3.810000e-06	4.885306e-09	1.562228e-08	2.712669e+01	2.087039e+03
3.820000e-06	4.880393e-09	1.561605e-08	2.709943e+01	2.085701e+03
3.830000e-06	4.874823e-09	1.559253e-08	2.706853e+01	2.084272e+03
3.840000e-06	4.868789e-09	1.557783e-08	2.703503e+01	2.082748e+03
3.850000e-06	4.862534e-09	1.558570e-08	2.700030e+01	2.081124e+03
3.860000e-06	4.855971e-09	1.558171e-08	2.696388e+01	2.079398e+03
3.870000e-06	4.848930e-09	1.554634e-08	2.692481e+01	2.077566e+03
3.880000e-06	4.841510e-09	1.551890e-08	2.688360e+01	2.075629e+03
3.890000e-06	4.833888e-09	1.552273e-08	2.684128e+01	2.073585e+03
3.900000e-06	4.826023e-09	1.552243e-08	2.679761e+01	2.071437e+03
3.910000e-06	4.817687e-09	1.548935e-08	2.675136e+01	2.069186e+03
3.920000e-06	4.808844e-09	1.545796e-08	2.670228e+01	2.066835e+03
3.930000e-06	4.799657e-09	1.545744e-08	2.665127e+01	2.064389e+03
3.940000e-06	4.790150e-09	1.545502e-08	2.659849e+01	2.061849e+03
3.950000e-06	4.780271e-09	1.541741e-08	2.654364e+01	2.059218e+03
3.960000e-06	4.770070e-09	1.537997e-08	2.648700e+01	2.056500e+03
3.970000e-06	4.759641e-09	1.537707e-08	2.642910e+01	2.053695e+03
3.980000e-06	4.748930e-09	1.537471e-08	2.636964e+01	2.050803e+03
3.990000e-06	4.737852e-09	1.533909e-08	2.630813e+01	2.047824e+03
4.000000e-06	4.726450e-09	1.530442e-08	2.624481e+01	2.044755e+03
4.010000e-06	4.714731e-09	1.529644e-08	2.617975e+01	2.041595e+03
4.020000e-06	4.702549e-09	1.527955e-08	2.611213e+01	2.038339e+03
4.030000e-06	4.689890e-09	1.523658e-08	2.604185e+01	2.034985e+03
4.040000e-06	4.676919e-09	1.520723e-08	2.596983e+01	2.031529e+03
4.050000e-06	4.663721e-09	1.519982e-08	2.589655e+01	2.027969e+03
4.060000e-06	4.650211e-09	1.517247e-08	2.582154e+01	2.024302e+03
4.070000e-06	4.636330e-09	1.512865e-08	2.574447e+01	2.020527e+03
4.080000e-06	4.622134e-09	1.510865e-08	2.566565e+01	2.016643e+03
4.090000e-06	4.607635e-09	1.509424e-08	2.558516e+01	2.012652e+03
4.100000e-06	4.592743e-09	1.504848e-08	2.550247e+01	2.008554e+03
4.110000e-06	4.577437e-09	1.500452e-08	2.541749e+01	2.004350e+03
4.120000e-06	4.561776e-09	1.499129e-08	2.533054e+01	2.000044e+03
4.130000e-06	4.545791e-09	1.496753e-08	2.524181e+01	1.995636e+03
4.140000e-06	4.529494e-09	1.491662e-08	2.515134e+01	1.991129e+03
4.150000e-06	4.512920e-09	1.488365e-08	2.505931e+01	1.986524e+03
4.160000e-06	4.496059e-09	1.486616e-08	2.496571e+01	1.981820e+03
4.170000e-06	4.478881e-09	1.482250e-08	2.487034e+01	1.977019e+03
4.180000e-06	4.461421e-09	1.477193e-08	2.477339e+01	1.972118e+03
4.190000e-06	4.443711e-09	1.474652e-08	2.467504e+01	1.967116e+03
4.200000e-06	4.425687e-09	1.471458e-08	2.457497e+01	1.962012e+03
4.210000e-06	4.407288e-09	1.466192e-08	2.447283e+01	1.956803e+03
4.220000e-06	4.388555e-09	1.462519e-08	2.436881e+01	1.951486e+03
4.230000e-06	4.369540e-09	1.459964e-08	2.426321e+01	1.946059e+03
4.240000e-06	4.350192e-09	1.455145e-08	2.415579e+01	1.940522e+03
4.250000e-06	4.330471e-09	1.449954e-08	2.404631e+01	1.934873e+03
4.260000e-06	4.310420e-09	1.446499e-08	2.393498e+01	1.929112e+03
4.270000e-06	4.290054e-09	1.442345e-08	2.382191e+01	1.923238e+03
4.280000e-06	4.269376e-09	1.437170e-08	2.370709e+01	1.917254e+03
4.290000e-06	4.248359e-09	1.433266e-08	2.359039e+01	1.911160e+03
4.300000e-06	4.226921e-09	1.429402e-08	2.347138e+01	1.904958e+03
4.310000e-06	4.205026e-09	1.424102e-08	2.334983e+01	1.898649e+03
4.320000e-06	4.182767e-09	1.419287e-08	2.322624e+01	1.892233e+03
4.330000e-06	4.160238e-09	1.415047e-08	2.310116e+01	1.885712e+03
4.340000e-06	4.137449e-09	1.409595e-08	2.297463e+01	1.879086e+03
4.350000e-06	4.114385e-09	1.404041e-08	2.284657e+01	1.872352e+03
4.360000e-06	4.091036e-09	1.399562e-08	2.271692e+01	1.865510e+03
4.370000e-06	4.067398e-09	1.394605e-08	2.258566e+01	1.858556e+03
4.380000e-06	4.043514e-09	1.389035e-08	2.245304e+01	1.851489e+03
4.390000e-06	4.019414e-09	1.383991e-08	2.231923e+01	1.844306e+03
4.400000e-06	3.995009e-09	1.378616e-08	2.218374e+01	1.837003e+03
4.410000e-06	3.970186e-09	1.372529e-08	2.204590e+01	1.829577e+03
4.420000e-06	3.944964e-09	1.367031e-08	2.190586e+01	1.822028e+03
4.430000e-06	3.919460e-09	1.361683e-08	2.176425e+01	1.814353e+03
4.440000e-06	3.893725e-09	1.355616e-08	2.162136e+01	1.806552e+03
4.450000e-06	3.867732e-09	1.349798e-08	2.147705e+01	1.798626e+03
4.460000e-06	3.841465e-09	1.344368e-08	2.133120e+01	1.790574e+03
4.470000e-06	3.814925e-09	1.338301e-08	2.118381e+01	1.782399e+03
4.480000e-06	3.788118e-09	1.331927e-08	2.103495e+01	1.774102e+03
4.490000e-06	3.761090e-09	1.325684e-08	2.088486e+01	1.765684e+03
4.500000e-06	3.733864e-09	1.319159e-08	2.073370e+01	1.757147e+03
4.510000e-06	3.706372e-09	1.312623e-08	2.058105e+01	1.748490e+03
4.520000e-06	3.678522e-09	1.306451e-08	2.042643e+01	1.739714e+03
4.530000e-06	3.650299e-09	1.300037e-08	2.026974e+01	1.730819e+03
4.540000e-06	3.621770e-09	1.293238e-08	2.011134e+01	1.721801e+03
4.550000e-06	3.593019e-09	1.286456e-08	1.995171e+01	1.712660e+03
4.560000e-06	3.564062e-09	1.279505e-08	1.979093e+01	1.703391e+03
4.570000e-06	3.534862e-09	1.272331e-08	1.962879e+01	1.693993e+03
4.580000e-06	3.505418e-09	1.265220e-08	1.946528e+01	1.684463e+03
4.590000e-06	3.475738e-09	1.258073e-08	1.930047e+01	1.674798e+03
4.600000e-06	3.445799e-09	1.250851e-08	1.913423e+01	1.664997e+03
4.610000e-06	3.415591e-09	1.243722e-08	1.896652e+01	1.655059e+03
4.620000e-06	3.385111e-09	1.236417e-08	1.879730e+01	1.644985e+03
4.630000e-06	3.354344e-09	1.228755e-08	1.862648e+01	1.634776e+03
4.640000e-06	3.323239e-09	1.221000e-08	1.845380e+01	1.624435e+03
4.650000e-06	3.291795e-09	1.213174e-08	1.827922e+01	1.613962e+03
4.660000e-06	3.260075e-09	1.205079e-08	1.810310e+01	1.603363e+03
4.670000e-06	3.228154e-09	1.196814e-08	1.792586e+01	1.592637e+03
4.680000e-06	3.196064e-09	1.188567e-08	1.774768e+01	1.581788e+03
4.690000e-06	3.163779e-09	1.180370e-08	1.756842e+01	1.570815e+03
4.700000e-06	3.131265e-09	1.172201e-08	1.738789e+01	1.559717e+03
4.710000e-06	3.098511e-09	1.163956e-08	1.720602e+01	1.548493e+03
4.720000e-06	3.065517e-09	1.155438e-08	1.702282e+01	1.537136e+03
4.730000e-06	3.032298e-09	1.146663e-08	1.683836e+01	1.525642e+03
4.740000e-06	2.998905e-09	1.137798e-08	1.665293e+01	1.514005e+03
4.750000e-06	2.965382e-09	1.128921e-08	1.646678e+01	1.502216e+03
4.760000e-06	2.931715e-09	1.119981e-08	1.627984e+01	1.490268e+03
4.770000e-06	2.897840e-09	1.110925e-08	1.609174e+01	1.478155e+03
4.780000e-06	2.863693e-09	1.101735e-08	1.590213e+01	1.465870e+03
4.790000e-06	2.829241e-09	1.092422e-08	1.571083e+01	1.453409e+03
4.800000e-06	2.794500e-09	1.083017e-08	1.551794e+01	1.440770e+03
4.810000e-06	2.759534e-09	1.073508e-08	1.532379e+01	1.427954e+03
4.820000e-06	2.724405e-09	1.063842e-08	1.512871e+01	1.414961e+03
4.830000e-06	2.689136e-09	1.053976e-08	1.493287e+01	1.401796e+03
4.840000e-06	2.653713e-09	1.043944e-08	1.473617e+01	1.388466e+03
4.850000e-06	2.618099e-09	1.033832e-08	1.453841e+01	1.374977e+03
4.860000e-06	2.582278e-09	1.023598e-08	1.433952e+01	1.361336e+03
4.870000e-06	2.546265e-09	1.013163e-08	1.413954e+01	1.347550e+03
4.880000e-06	2.510068e-09	1.002594e-08	1.393855e+01	1.333624e+03
4.890000e-06	2.473709e-09	9.919829e-09	1.373669e+01	1.319563e+03
4.900000e-06	2.437210e-09	9.813020e-09	1.353405e+01	1.305369e+03
4.910000e-06	2.400583e-09	9.704514e-09	1.333068e+01	1.291040e+03
4.920000e-06	2.363844e-09	9.594253e-09	1.312669e+01	1.276573e+03
4.930000e-06	2.326998e-09	9.483590e-09	1.292209e+01	1.261961e+03
4.940000e-06	2.290009e-09	9.373081e-09	1.271670e+01	1.247197e+03
4.950000e-06	2.252815e-09	9.261788e-09	1.251017e+01	1.232270e+03
4.960000e-06	2.215363e-09	9.148498e-09	1.230220e+01	1.217169e+03
4.970000e-06	2.177631e-09	9.032787e-09	1.209268e+01	1.201884e+03
4.980000e-06	2.139654e-09	8.915879e-09	1.188182e+01	1.186403e+03
4.990000e-06	2.101503e-09	8.799107e-09	1.167000e+01	1.170718e+03
5.000000e-06	2.063226e-09	8.682076e-09	1.145748e+01	1.154821e+03
5.010000e-06	2.024847e-09	8.563448e-09	1.124438e+01	1.138707e+03
5.020000e-06	1.986375e-09	8.442404e-09	1.103075e+01	1.122373e+03
5.030000e-06	1.947791e-09	8.318684e-09	1.081650e+01	1.105820e+03
5.040000e-06	1.909076e-09	8.192871e-09	1.060152e+01	1.089048e+03
5.050000e-06	1.870218e-09	8.065542e-09	1.038575e+01	1.072060e+03
5.060000e-06	1.831211e-09	7.936851e-09	1.016918e+01	1.054862e+03
5.070000e-06	1.792069e-09	7.806573e-09	9.951845e+00	1.037457e+03
5.080000e-06	1.752809e-09	7.674703e-09	9.733855e+00	1.019850e+03
5.090000e-06	1.713437e-09	7.541389e-09	9.515236e+00	1.002043e+03
5.100000e-06	1.673951e-09	7.406206e-09	9.295965e+00	9.840370e+02
5.110000e-06	1.634354e-09	7.268760e-09	9.076082e+00	9.658326e+02
5.120000e-06	1.594653e-09	7.129234e-09	8.855631e+00	9.474270e+02
5.130000e-06	1.554861e-09	6.988364e-09	8.634679e+00	9.288159e+02
5.140000e-06	1.514994e-09	6.846808e-09	8.413314e+00	9.099934e+02
5.150000e-06	1.475061e-09	6.704379e-09	8.191577e+00	8.909524e+02
5.160000e-06	1.435060e-09	6.560167e-09	7.969467e+00	8.716855e+02
5.170000e-06	1.394985e-09	6.413974e-09	7.746954e+00	8.521851e+02
5.180000e-06	1.354822e-09	6.266476e-09	7.523949e+00	8.324441e+02
5.190000e-06	1.314556e-09	6.117313e-09	7.300358e+00	8.124569e+02
5.200000e-06	1.274167e-09	5.965709e-09	7.076077e+00	7.922190e+02
5.210000e-06	1.233629e-09	5.812578e-09	6.850963e+00	7.717279e+02
5.220000e-06	1.192936e-09	5.657947e-09	6.625021e+00	7.509825e+02
5.230000e-06	1.152091e-09	5.500617e-09	6.398255e+00	7.299833e+02
5.240000e-06	1.111111e-09	5.340897e-09	6.170725e+00	7.087320e+02
5.250000e-06	1.070011e-09	5.179537e-09	5.942518e+00	6.872309e+02
5.260000e-06	1.028792e-09	5.015974e-09	5.713645e+00	6.654823e+02
5.270000e-06	9.874794e-10	4.849628e-09	5.484260e+00	6.434882e+02
5.280000e-06	9.461017e-10	4.681155e-09	5.254518e+00	6.212495e+02
5.290000e-06	9.046646e-10	4.511320e-09	5.024449e+00	5.987657e+02
5.300000e-06	8.631755e-10	4.340078e-09	4.794095e+00	5.760345e+02
5.310000e-06	8.216456e-10	4.167482e-09	4.563497e+00	5.530523e+02
5.320000e-06	7.800771e-10	3.993624e-09	4.332664e+00	5.298136e+02
5.330000e-06	7.384706e-10	3.817953e-09	4.101617e+00	5.063118e+02
5.340000e-06	6.968284e-10	3.640234e-09	3.870371e+00	4.825395e+02
5.350000e-06	6.551454e-10	3.460965e-09	3.638902e+00	4.584894e+02
5.360000e-06	6.134187e-10	3.280049e-09	3.407202e+00	4.341544e+02
5.370000e-06	5.716486e-10	3.096500e-09	3.175254e+00	4.095292e+02
5.380000e-06	5.298316e-10	2.910127e-09	2.943031e+00	3.846099e+02
5.390000e-06	4.879698e-10	2.721244e-09	2.710562e+00	3.593953e+02
5.400000e-06	4.460688e-10	2.530046e-09	2.477879e+00	3.338868e+02
5.410000e-06	4.041303e-10	2.336799e-09	2.244998e+00	3.080889e+02
5.420000e-06	3.621615e-10	2.141419e-09	2.011967e+00	2.820090e+02
5.430000e-06	3.201713e-10	1.943883e-09	1.778813e+00	2.556571e+02
5.440000e-06	2.781630e-10	1.744414e-09	1.545545e+00	2.290460e+02
5.450000e-06	2.361389e-10	1.543050e-09	1.312194e+00	2.021902e+02
5.460000e-06	1.941090e-10	1.339862e-09	1.078807e+00	1.751059e+02
5.470000e-06	1.520763e-10	1.135467e-09	8.454048e-01	1.478102e+02
5.480000e-06	1.100359e-10	9.298561e-10	6.119658e-01	1.203211e+02
5.490000e-06	6.798703e-11	7.230693e-10	3.784756e-01	9.265683e+01
5.500000e-06	2.592833e-11	5.154435e-10	1.449338e-01	6.483567e+01
5.510000e-06	-1.613646e-11	3.067878e-10	-8.863763e-02	3.687609e+01
5.520000e-06	-5.820104e-11	9.674391e-11	-3.222193e-01	8.796722e+00
5.530000e-06	-1.002593e-10	-1.148210e-10	-5.557748e-01	-1.938344e+01
5.540000e-06	-1.423053e-10	-3.272899e-10	-7.892686e-01	-4.764474e+01
5.550000e-06	-1.843446e-10	-5.400578e-10	-1.022725e+00	-7.596655e+01
5.560000e-06	-2.263773e-10	-7.528401e-10	-1.256136e+00	-1.043270e+02
5.570000e-06	-2.683917e-10	-9.655318e-10	-1.489440e+00	-1.327025e+02
5.580000e-06	-3.103817e-10	-1.178217e-09	-1.722605e+00	-1.610681e+02
5.590000e-06	-3.523342e-10	-1.390633e-09	-1.955556e+00	-1.893971e+02
5.600000e-06	-3.942453e-10	-1.601941e-09	-2.188281e+00	-2.176611e+02
5.610000e-06	-4.361263e-10	-1.812099e-09	-2.420855e+00	-2.458309e+02
5.620000e-06	-4.779695e-10	-2.021656e-09	-2.653224e+00	-2.738764e+02
5.630000e-06	-5.197739e-10	-2.230764e-09	-2.885367e+00	-3.017674e+02
5.640000e-06	-5.615458e-10	-2.438667e-09	-3.117323e+00	-3.294742e+02
5.650000e-06	-6.032789e-10	-2.644382e-09	-3.349065e+00	-3.569687e+02
5.660000e-06	-6.449729e-10	-2.848184e-09	-3.580591e+00	-3.842243e+02
5.670000e-06	-6.866279e-10	-3.050850e-09	-3.811892e+00	-4.112170e+02
5.680000e-06	-7.282445e-10	-3.251926e-09	-4.042973e+00	-4.379258e+02
5.690000e-06	-7.698147e-10	-3.450723e-09	-4.273797e+00	-4.643330e+02
5.700000e-06	-8.113346e-10	-3.647538e-09	-4.504339e+00	-4.904241e+02
5.710000e-06	-8.527985e-10	-3.841973e-09	-4.734577e+00	-5.161880e+02
5.720000e-06	-8.942029e-10	-4.033679e-09	-4.964496e+00	-5.416170e+02
5.730000e-06	-9.355425e-10	-4.222791e-09	-5.194064e+00	-5.667060e+02
5.740000e-06	-9.768071e-10	-4.408302e-09	-5.423220e+00	-5.914524e+02
5.750000e-06	-1.017992e-09	-4.589661e-09	-5.651931e+00	-6.158557e+02
5.760000e-06	-1.059080e-09	-4.768320e-09	-5.880092e+00	-6.399172e+02
5.770000e-06	-1.100055e-09	-4.945717e-09	-6.107621e+00	-6.636390e+02
5.780000e-06	-1.140893e-09	-5.121800e-09	-6.334410e+00	-6.870243e+02
5.790000e-06	-1.181584e-09	-5.295564e-09	-6.560362e+00	-7.100768e+02
5.800000e-06	-1.222140e-09	-5.466921e-09	-6.785540e+00	-7.328007e+02
5.810000e-06	-1.262567e-09	-5.636488e-09	-7.009997e+00	-7.552005e+02
5.820000e-06	-1.302866e-09	-5.804130e-09	-7.233738e+00	-7.772811e+02
5.830000e-06	-1.343046e-09	-5.969596e-09	-7.456825e+00	-7.990476e+02
5.840000e-06	-1.383127e-09	-6.132620e-09	-7.679373e+00	-8.205057e+02
5.850000e-06	-1.423126e-09	-6.292858e-09	-7.901463e+00	-8.416615e+02
5.860000e-06	-1.463053e-09	-6.450747e-09	-8.123175e+00	-8.625213e+02
5.870000e-06	-1.502911e-09	-6.606611e-09	-8.344511e+00	-8.830921e+02
5.880000e-06	-1.542690e-09	-6.759371e-09	-8.565403e+00	-9.033808e+02
5.890000e-06	-1.582378e-09	-6.908606e-09	-8.785784e+00	-9.233943e+02
5.900000e-06	-1.621952e-09	-7.055920e-09	-9.005532e+00	-9.431394e+02
5.910000e-06	-1.661410e-09	-7.202453e-09	-9.224623e+00	-9.626221e+02
5.920000e-06	-1.700753e-09	-7.347686e-09	-9.443074e+00	-9.818477e+02
5.930000e-06	-1.739982e-09	-7.490880e-09	-9.660901e+00	-1.000820e+03
5.940000e-06	-1.779102e-09	-7.632266e-09	-9.878131e+00	-1.019543e+03
5.950000e-06	-1.818111e-09	-7.772346e-09	-1.009475e+01	-1.038017e+03
5.960000e-06	-1.856999e-09	-7.910414e-09	-1.031070e+01	-1.056242e+03
5.970000e-06	-1.895753e-09	-8.045943e-09	-1.052590e+01	-1.074219e+03
5.980000e-06	-1.934378e-09	-8.179249e-09	-1.074037e+01	-1.091945e+03
5.990000e-06	-1.972882e-09	-8.310804e-09	-1.095416e+01	-1.109420e+03
6.000000e-06	-2.011282e-09	-8.440446e-09	-1.116739e+01	-1.126641e+03
6.010000e-06	-2.049588e-09	-8.567791e-09	-1.138010e+01	-1.143608e+03
6.020000e-06	-2.087789e-09	-8.693016e-09	-1.159224e+01	-1.160321e+03
6.030000e-06	-2.125850e-09	-8.816370e-09	-1.180358e+01	-1.176783e+03
6.040000e-06	-2.163707e-09	-8.937776e-09	-1.201378e+01	-1.192998e+03
6.050000e-06	-2.201317e-09	-9.057391e-09	-1.222262e+01	-1.208972e+03
6.060000e-06	-2.238675e-09	-9.175758e-09	-1.243006e+01	-1.224713e+03
6.070000e-06	-2.275797e-09	-9.292741e-09	-1.263618e+01	-1.240231e+03
6.080000e-06	-2.312722e-09	-9.407816e-09	-1.284122e+01	-1.255536e+03
6.090000e-06	-2.349501e-09	-9.520987e-09	-1.304545e+01	-1.270641e+03
6.100000e-06	-2.386164e-09	-9.632861e-09	-1.324904e+01	-1.285557e+03
6.110000e-06	-2.422702e-09	-9.744021e-09	-1.345192e+01	-1.300295e+03
6.120000e-06	-2.459068e-09	-9.855047e-09	-1.365385e+01	-1.314865e+03
6.130000e-06	-2.495242e-09	-9.965946e-09	-1.385473e+01	-1.329274e+03
6.140000e-06	-2.531228e-09	-1.007561e-08	-1.405457e+01	-1.343527e+03
6.150000e-06	-2.567017e-09	-1.018352e-08	-1.425330e+01	-1.357626e+03
6.160000e-06	-2.602617e-09	-1.028980e-08	-1.445098e+01	-1.371572e+03
6.170000e-06	-2.638039e-09	-1.039390e-08	-1.464767e+01	-1.385360e+03
6.180000e-06	-2.673309e-09	-1.049570e-08	-1.484352e+01	-1.398985e+03
6.190000e-06	-2.708460e-09	-1.059618e-08	-1.503872e+01	-1.412441e+03
6.200000e-06	-2.743492e-09	-1.069598e-08	-1.523326e+01	-1.425720e+03
6.210000e-06	-2.778354e-09	-1.079458e-08	-1.542687e+01	-1.438813e+03
6.220000e-06	-2.812973e-09	-1.089184e-08	-1.561911e+01	-1.451715e+03
6.230000e-06	-2.847282e-09	-1.098753e-08	-1.580962e+01	-1.464419e+03
6.240000e-06	-2.881273e-09	-1.108077e-08	-1.599834e+01	-1.476922e+03
6.250000e-06	-2.915013e-09	-1.117200e-08	-1.618569e+01	-1.489223e+03
6.260000e-06	-2.948583e-09	-1.126173e-08	-1.637210e+01	-1.501324e+03
6.270000e-06	-2.982005e-09	-1.134977e-08	-1.655768e+01	-1.513231e+03
6.280000e-06	-3.015242e-09	-1.143690e-08	-1.674225e+01	-1.524950e+03
6.290000e-06	-3.048268e-09	-1.152411e-08	-1.692564e+01	-1.536492e+03
6.300000e-06	-3.081083e-09	-1.161121e-08	-1.710786e+01	-1.547867e+03
6.310000e-06	-3.113688e-09	-1.169720e-08	-1.728890e+01	-1.559088e+03
6.320000e-06	-3.146071e-09	-1.178130e-08	-1.746871e+01	-1.570167e+03
6.330000e-06	-3.178247e-09	-1.186411e-08	-1.764738e+01	-1.581117e+03
6.340000e-06	-3.210260e-09	-1.194628e-08	-1.782515e+01	-1.591947e+03
6.350000e-06	-3.242123e-09	-1.202782e-08	-1.800208e+01	-1.602666e+03
6.360000e-06	-3.273757e-09	-1.210847e-08	-1.817774e+01	-1.613280e+03
6.370000e-06	-3.305044e-09	-1.218824e-08	-1.835146e+01	-1.623794e+03
6.380000e-06	-3.335933e-09	-1.226747e-08	-1.852298e+01	-1.634208e+03
6.390000e-06	-3.366484e-09	-1.234626e-08	-1.869264e+01	-1.644522e+03
6.400000e-06	-3.396784e-09	-1.242407e-08	-1.886089e+01	-1.654733e+03
6.410000e-06	-3.426843e-09	-1.249973e-08	-1.902780e+01	-1.664836e+03
6.420000e-06	-3.456650e-09	-1.257342e-08	-1.919332e+01	-1.674825e+03
6.430000e-06	-3.486219e-09	-1.264699e-08	-1.935751e+01	-1.684694e+03
6.440000e-06	-3.515549e-09	-1.272086e-08	-1.952038e+01	-1.694436e+03
6.450000e-06	-3.544633e-09	-1.279389e-08	-1.968189e+01	-1.704045e+03
6.460000e-06	-3.573500e-09	-1.286563e-08	-1.984218e+01	-1.713515e+03
6.470000e-06	-3.602186e-09	-1.293605e-08	-2.000147e+01	-1.722840e+03
6.480000e-06	-3.630665e-09	-1.300533e-08	-2.015961e+01	-1.732017e+03
6.490000e-06	-3.658832e-09	-1.307351e-08	-2.031603e+01	-1.741042e+03
6.500000e-06	-3.686629e-09	-1.313993e-08	-2.047037e+01	-1.749914e+03
6.510000e-06	-3.714084e-09	-1.320457e-08	-2.062282e+01	-1.758631e+03
6.520000e-06	-3.741274e-09	-1.326836e-08	-2.077381e+01	-1.767193e+03
6.530000e-06	-3.768240e-09	-1.333154e-08	-2.092356e+01	-1.775600e+03
6.540000e-06	-3.794961e-09	-1.339365e-08	-2.107196e+01	-1.783852e+03
6.550000e-06	-3.821430e-09	-1.345432e-08	-2.121893e+01	-1.791952e+03
6.560000e-06	-3.847646e-09	-1.351349e-08	-2.136449e+01	-1.799900e+03
6.570000e-06	-3.873601e-09	-1.357137e-08	-2.150862e+01	-1.807700e+03
6.580000e-06	-3.899304e-09	-1.362837e-08	-2.165136e+01	-1.815353e+03
6.590000e-06	-3.924772e-09	-1.368453e-08	-2.179278e+01	-1.822863e+03
6.600000e-06	-3.949977e-09	-1.373911e-08	-2.193275e+01	-1.830234e+03
6.610000e-06	-3.974845e-09	-1.379238e-08	-2.207087e+01	-1.837471e+03
6.620000e-06	-3.999340e-09	-1.384543e-08	-2.220690e+01	-1.844579e+03
6.630000e-06	-4.023506e-09	-1.389799e-08	-2.234110e+01	-1.851564e+03
6.640000e-06	-4.047417e-09	-1.394978e-08	-2.247389e+01	-1.858432e+03
6.650000e-06	-4.071084e-09	-1.400097e-08	-2.260533e+01	-1.865189e+03
6.660000e-06	-4.094476e-09	-1.405146e-08	-2.273523e+01	-1.871843e+03
6.670000e-06	-4.117572e-09	-1.410118e-08	-2.286348e+01	-1.878399e+03
6.680000e-06	-4.140369e-09	-1.415031e-08	-2.299008e+01	-1.884863e+03
6.690000e-06	-4.162893e-09	-1.419860e-08	-2.311515e+01	-1.891241e+03
6.700000e-06	-4.185167e-09	-1.424584e-08	-2.323882e+01	-1.897536e+03
6.710000e-06	-4.207138e-09	-1.429281e-08	-2.336083e+01	-1.903751e+03
6.720000e-06	-4.228696e-09	-1.434013e-08	-2.348058e+01	-1.909886e+03
6.730000e-06	-4.249826e-09	-1.438686e-08	-2.359794e+01	-1.915942e+03
6.740000e-06	-4.270611e-09	-1.443231e-08	-2.371338e+01	-1.921917e+03
6.750000e-06	-4.291086e-09	-1.447678e-08	-2.382711e+01	-1.927808e+03
6.760000e-06	-4.311246e-09	-1.452041e-08	-2.393907e+01	-1.933611e+03
6.770000e-06	-4.331072e-09	-1.456352e-08	-2.404917e+01	-1.939322e+03
6.780000e-06	-4.350495e-09	-1.460637e-08	-2.415704e+01	-1.944935e+03
6.790000e-06	-4.369472e-09	-1.464826e-08	-2.426244e+01	-1.950446e+03
6.800000e-06	-4.388093e-09	-1.468831e-08	-2.436586e+01	-1.955849e+03
6.810000e-06	-4.406447e-09	-1.472739e-08	-2.446778e+01	-1.961140e+03
6.820000e-06	-4.424526e-09	-1.476676e-08	-2.456818e+01	-1.966314e+03
6.830000e-06	-4.442327e-09	-1.480587e-08	-2.466704e+01	-1.971369e+03
6.840000e-06	-4.459887e-09	-1.484359e-08	-2.476456e+01	-1.976303e+03
6.850000e-06	-4.477199e-09	-1.487956e-08	-2.486071e+01	-1.981112e+03
6.860000e-06	-4.494221e-09	-1.491416e-08	-2.495524e+01	-1.985798e+03
6.870000e-06	-4.510952e-09	-1.494817e-08	-2.504816e+01	-1.990359e+03
6.880000e-06	-4.527390e-09	-1.498196e-08	-2.513945e+01	-1.994795e+03
6.890000e-06	-4.543533e-09	-1.501448e-08	-2.522909e+01	-1.999108e+03
6.900000e-06	-4.559413e-09	-1.504483e-08	-2.531728e+01	-2.003298e+03
6.910000e-06	-4.574971e-09	-1.507435e-08	-2.540368e+01	-2.007366e+03
6.920000e-06	-4.590092e-09	-1.510415e-08	-2.548765e+01	-2.011315e+03
6.930000e-06	-4.604784e-09	-1.513326e-08	-2.556926e+01	-2.015145e+03
6.940000e-06	-4.619156e-09	-1.516075e-08	-2.564908e+01	-2.018858e+03
6.950000e-06	-4.633255e-09	-1.518740e-08	-2.572738e+01	-2.022456e+03
6.960000e-06	-4.647041e-09	-1.521388e-08	-2.580394e+01	-2.025943e+03
6.970000e-06	-4.660492e-09	-1.523989e-08	-2.587864e+01	-2.029321e+03
6.980000e-06	-4.673621e-09	-1.526546e-08	-2.595156e+01	-2.032594e+03
6.990000e-06	-4.686460e-09	-1.529028e-08	-2.602287e+01	-2.035766e+03
7.000000e-06	-4.699008e-09	-1.531385e-08	-2.609256e+01	-2.038841e+03
7.010000e-06	-4.711173e-09	-1.533655e-08	-2.616013e+01	-2.041823e+03
7.020000e-06	-4.722875e-09	-1.535934e-08	-2.622514e+01	-2.044718e+03
7.030000e-06	-4.734186e-09	-1.538249e-08	-2.628794e+01	-2.047530e+03
7.040000e-06	-4.745209e-09	-1.540503e-08	-2.634916e+01	-2.050263e+03
7.050000e-06	-4.755930e-09	-1.542607e-08	-2.640871e+01	-2.052922e+03
7.060000e-06	-4.766307e-09	-1.544573e-08	-2.646633e+01	-2.055509e+03
7.070000e-06	-4.776338e-09	-1.546513e-08	-2.652202e+01	-2.058027e+03
7.080000e-06	-4.786058e-09	-1.548484e-08	-2.657597e+01	-2.060478e+03
7.090000e-06	-4.795505e-09	-1.550401e-08	-2.662843e+01	-2.062862e+03
7.100000e-06	-4.804610e-09	-1.552206e-08	-2.667900e+01	-2.065178e+03
7.110000e-06	-4.813260e-09	-1.553996e-08	-2.672705e+01	-2.067426e+03
7.120000e-06	-4.821483e-09	-1.555841e-08	-2.677272e+01	-2.069603e+03
7.130000e-06	-4.829394e-09	-1.557594e-08	-2.681665e+01	-2.071708e+03
7.140000e-06	-4.837023e-09	-1.559178e-08	-2.685901e+01	-2.073738e+03
7.150000e-06	-4.844335e-09	-1.560620e-08	-2.689963e+01	-2.075690e+03
7.160000e-06	-4.851318e-09	-1.561993e-08	-2.693842e+01	-2.077561e+03
7.170000e-06	-4.857980e-09	-1.563389e-08	-2.697542e+01	-2.079350e+03
7.180000e-06	-4.864349e-09	-1.564749e-08	-2.701080e+01	-2.081054e+03
7.190000e-06	-4.870386e-09	-1.566015e-08	-2.704434e+01	-2.082672e+03
7.200000e-06	-4.875959e-09	-1.567199e-08	-2.707532e+01	-2.084202e+03
7.210000e-06	-4.881033e-09	-1.568297e-08	-2.710353e+01	-2.085642e+03
7.220000e-06	-4.885701e-09	-1.569322e-08	-2.712947e+01	-2.086992e+03
7.230000e-06	-4.890017e-09	-1.570220e-08	-2.715344e+01	-2.088249e+03
7.240000e-06	-4.893988e-09	-1.571012e-08	-2.717550e+01	-2.089413e+03
7.250000e-06	-4.897627e-09	-1.571772e-08	-2.719572e+01	-2.090480e+03
7.260000e-06	-4.900964e-09	-1.572460e-08	-2.721425e+01	-2.091448e+03
7.270000e-06	-4.904024e-09	-1.573049e-08	-2.723124e+01	-2.092314e+03
7.280000e-06	-4.906723e-09	-1.573598e-08	-2.724624e+01	-2.093075e+03
7.290000e-06	-4.908958e-09	-1.574116e-08	-2.725866e+01	-2.093727e+03
7.300000e-06	-4.910779e-09	-1.574544e-08	-2.726876e+01	-2.094268e+03
7.310000e-06	-4.912285e-09	-1.574834e-08	-2.727712e+01	-2.094694e+03
7.320000e-06	-4.913486e-09	-1.574970e-08	-2.728380e+01	-2.095004e+03
7.330000e-06	-4.914361e-09	-1.575031e-08	-2.728866e+01	-2.095196e+03
7.340000e-06	-4.914899e-09	-1.574995e-08	-2.729166e+01	-2.095271e+03
