# Concentracion g/m^3_=_53300.0
# C_Vs_to_Am_M_A/Vsm_=_128687336408.14134
# pendiente_HvsI_1/m_=_3716.3
# ordenada_HvsI_A/m_=_1297.0
# frecuencia_Hz_=_136380.39850746948
# Promedio de 27 ciclos

Tiempo_(s)	Campo_(V.s)	Magnetizacion_(V.s)	Campo_(kA/m)	Magnetizacion_(A/m)
0.000000e+00	-8.507697e-09	-1.976256e-08	-4.580398e+01	-2.859067e+03
1.000000e-08	-8.507553e-09	-1.976113e-08	-4.580304e+01	-2.858924e+03
2.000000e-08	-8.506766e-09	-1.975965e-08	-4.579863e+01	-2.858642e+03
3.000000e-08	-8.505327e-09	-1.975709e-08	-4.579072e+01	-2.858226e+03
4.000000e-08	-8.503343e-09	-1.975353e-08	-4.577988e+01	-2.857680e+03
5.000000e-08	-8.500830e-09	-1.974985e-08	-4.576617e+01	-2.857012e+03
6.000000e-08	-8.497778e-09	-1.974541e-08	-4.574957e+01	-2.856230e+03
7.000000e-08	-8.494146e-09	-1.974024e-08	-4.572983e+01	-2.855342e+03
8.000000e-08	-8.489832e-09	-1.973622e-08	-4.570639e+01	-2.854357e+03
9.000000e-08	-8.484750e-09	-1.973086e-08	-4.567880e+01	-2.853284e+03
1.000000e-07	-8.478647e-09	-1.971509e-08	-4.564563e+01	-2.852129e+03
1.100000e-07	-8.471365e-09	-1.969755e-08	-4.560610e+01	-2.850902e+03
1.200000e-07	-8.463299e-09	-1.970031e-08	-4.556254e+01	-2.849607e+03
1.300000e-07	-8.455063e-09	-1.971023e-08	-4.551822e+01	-2.848251e+03
1.400000e-07	-8.446778e-09	-1.968348e-08	-4.547356e+01	-2.846838e+03
1.500000e-07	-8.437873e-09	-1.964343e-08	-4.542537e+01	-2.845374e+03
1.600000e-07	-8.428002e-09	-1.965676e-08	-4.537196e+01	-2.843861e+03
1.700000e-07	-8.417623e-09	-1.968330e-08	-4.531603e+01	-2.842306e+03
1.800000e-07	-8.407057e-09	-1.963037e-08	-4.525906e+01	-2.840711e+03
1.900000e-07	-8.395728e-09	-1.957424e-08	-4.519779e+01	-2.839080e+03
2.000000e-07	-8.383562e-09	-1.961576e-08	-4.513209e+01	-2.837420e+03
2.100000e-07	-8.371077e-09	-1.963488e-08	-4.506480e+01	-2.835733e+03
2.200000e-07	-8.358202e-09	-1.955636e-08	-4.499528e+01	-2.834024e+03
2.300000e-07	-8.344456e-09	-1.953263e-08	-4.492098e+01	-2.832295e+03
2.400000e-07	-8.330005e-09	-1.958366e-08	-4.484303e+01	-2.830548e+03
2.500000e-07	-8.315157e-09	-1.954703e-08	-4.476293e+01	-2.828784e+03
2.600000e-07	-8.299575e-09	-1.946820e-08	-4.467874e+01	-2.826999e+03
2.700000e-07	-8.283105e-09	-1.949175e-08	-4.458983e+01	-2.825188e+03
2.800000e-07	-8.266157e-09	-1.950382e-08	-4.449850e+01	-2.823342e+03
2.900000e-07	-8.248697e-09	-1.941968e-08	-4.440429e+01	-2.821450e+03
3.000000e-07	-8.230422e-09	-1.940301e-08	-4.430567e+01	-2.819496e+03
3.100000e-07	-8.211630e-09	-1.944300e-08	-4.420438e+01	-2.817464e+03
3.200000e-07	-8.192413e-09	-1.938342e-08	-4.410075e+01	-2.815332e+03
3.300000e-07	-8.172376e-09	-1.931971e-08	-4.399259e+01	-2.813079e+03
3.400000e-07	-8.151504e-09	-1.936071e-08	-4.388001e+01	-2.810682e+03
3.500000e-07	-8.130150e-09	-1.934653e-08	-4.376492e+01	-2.808119e+03
3.600000e-07	-8.108236e-09	-1.925598e-08	-4.364675e+01	-2.805370e+03
3.700000e-07	-8.085676e-09	-1.925635e-08	-4.352512e+01	-2.802414e+03
3.800000e-07	-8.062568e-09	-1.927395e-08	-4.340058e+01	-2.799236e+03
3.900000e-07	-8.038833e-09	-1.919510e-08	-4.327262e+01	-2.795823e+03
4.000000e-07	-8.014353e-09	-1.915305e-08	-4.314063e+01	-2.792168e+03
4.100000e-07	-7.989314e-09	-1.916807e-08	-4.300570e+01	-2.788268e+03
4.200000e-07	-7.963760e-09	-1.911378e-08	-4.286797e+01	-2.784122e+03
4.300000e-07	-7.937534e-09	-1.905644e-08	-4.272657e+01	-2.779737e+03
4.400000e-07	-7.910668e-09	-1.906124e-08	-4.258175e+01	-2.775121e+03
4.500000e-07	-7.883296e-09	-1.902401e-08	-4.243422e+01	-2.770287e+03
4.600000e-07	-7.855376e-09	-1.895756e-08	-4.228374e+01	-2.765248e+03
4.700000e-07	-7.826949e-09	-1.894426e-08	-4.213057e+01	-2.760020e+03
4.800000e-07	-7.798016e-09	-1.891729e-08	-4.197465e+01	-2.754620e+03
4.900000e-07	-7.768431e-09	-1.885368e-08	-4.181521e+01	-2.749062e+03
5.000000e-07	-7.738174e-09	-1.882341e-08	-4.165214e+01	-2.743360e+03
5.100000e-07	-7.707323e-09	-1.879855e-08	-4.148589e+01	-2.737528e+03
5.200000e-07	-7.675817e-09	-1.874240e-08	-4.131606e+01	-2.731574e+03
5.300000e-07	-7.643624e-09	-1.870159e-08	-4.114254e+01	-2.725506e+03
5.400000e-07	-7.610830e-09	-1.866999e-08	-4.096580e+01	-2.719327e+03
5.500000e-07	-7.577471e-09	-1.861774e-08	-4.078604e+01	-2.713040e+03
5.600000e-07	-7.543617e-09	-1.857146e-08	-4.060364e+01	-2.706643e+03
5.700000e-07	-7.509292e-09	-1.853444e-08	-4.041870e+01	-2.700134e+03
5.800000e-07	-7.474492e-09	-1.848382e-08	-4.023121e+01	-2.693507e+03
5.900000e-07	-7.439240e-09	-1.843497e-08	-4.004129e+01	-2.686757e+03
6.000000e-07	-7.403496e-09	-1.839284e-08	-3.984869e+01	-2.679879e+03
6.100000e-07	-7.367154e-09	-1.834228e-08	-3.965284e+01	-2.672865e+03
6.200000e-07	-7.330253e-09	-1.829020e-08	-3.945404e+01	-2.665710e+03
6.300000e-07	-7.292848e-09	-1.824266e-08	-3.925253e+01	-2.658410e+03
6.400000e-07	-7.254918e-09	-1.819133e-08	-3.904816e+01	-2.650959e+03
6.500000e-07	-7.216446e-09	-1.813799e-08	-3.884089e+01	-2.643356e+03
6.600000e-07	-7.177440e-09	-1.808584e-08	-3.863076e+01	-2.635599e+03
6.700000e-07	-7.137855e-09	-1.803101e-08	-3.841748e+01	-2.627686e+03
6.800000e-07	-7.097681e-09	-1.797446e-08	-3.820102e+01	-2.619619e+03
6.900000e-07	-7.056975e-09	-1.791812e-08	-3.798173e+01	-2.611399e+03
7.000000e-07	-7.015772e-09	-1.786060e-08	-3.775977e+01	-2.603026e+03
7.100000e-07	-6.974064e-09	-1.780169e-08	-3.753512e+01	-2.594504e+03
7.200000e-07	-6.931865e-09	-1.774204e-08	-3.730783e+01	-2.585834e+03
7.300000e-07	-6.889173e-09	-1.768245e-08	-3.707786e+01	-2.577018e+03
7.400000e-07	-6.845999e-09	-1.762202e-08	-3.684528e+01	-2.568058e+03
7.500000e-07	-6.802367e-09	-1.755798e-08	-3.661025e+01	-2.558953e+03
7.600000e-07	-6.758288e-09	-1.749236e-08	-3.637280e+01	-2.549705e+03
7.700000e-07	-6.713741e-09	-1.742783e-08	-3.613281e+01	-2.540312e+03
7.800000e-07	-6.668665e-09	-1.736197e-08	-3.588999e+01	-2.530774e+03
7.900000e-07	-6.622991e-09	-1.729348e-08	-3.564396e+01	-2.521088e+03
8.000000e-07	-6.576721e-09	-1.722579e-08	-3.539473e+01	-2.511251e+03
8.100000e-07	-6.529925e-09	-1.715855e-08	-3.514267e+01	-2.501261e+03
8.200000e-07	-6.482633e-09	-1.708937e-08	-3.488793e+01	-2.491114e+03
8.300000e-07	-6.434853e-09	-1.701856e-08	-3.463059e+01	-2.480807e+03
8.400000e-07	-6.386603e-09	-1.694671e-08	-3.437072e+01	-2.470336e+03
8.500000e-07	-6.337883e-09	-1.687193e-08	-3.410834e+01	-2.459697e+03
8.600000e-07	-6.288704e-09	-1.679617e-08	-3.384347e+01	-2.448888e+03
8.700000e-07	-6.239088e-09	-1.672139e-08	-3.357622e+01	-2.437906e+03
8.800000e-07	-6.189059e-09	-1.664527e-08	-3.330678e+01	-2.426749e+03
8.900000e-07	-6.138639e-09	-1.656721e-08	-3.303522e+01	-2.415415e+03
9.000000e-07	-6.087817e-09	-1.648861e-08	-3.276151e+01	-2.403903e+03
9.100000e-07	-6.036557e-09	-1.640833e-08	-3.248543e+01	-2.392213e+03
9.200000e-07	-5.984802e-09	-1.632578e-08	-3.220668e+01	-2.380344e+03
9.300000e-07	-5.932547e-09	-1.624199e-08	-3.192526e+01	-2.368297e+03
9.400000e-07	-5.879809e-09	-1.615797e-08	-3.164122e+01	-2.356073e+03
9.500000e-07	-5.826623e-09	-1.607285e-08	-3.135478e+01	-2.343671e+03
9.600000e-07	-5.773034e-09	-1.598566e-08	-3.106621e+01	-2.331092e+03
9.700000e-07	-5.719054e-09	-1.589681e-08	-3.077551e+01	-2.318336e+03
9.800000e-07	-5.664649e-09	-1.580678e-08	-3.048250e+01	-2.305402e+03
9.900000e-07	-5.609808e-09	-1.571557e-08	-3.018716e+01	-2.292289e+03
1.000000e-06	-5.554542e-09	-1.562436e-08	-2.988957e+01	-2.278995e+03
1.010000e-06	-5.498873e-09	-1.553330e-08	-2.958977e+01	-2.265518e+03
1.020000e-06	-5.442777e-09	-1.544001e-08	-2.928762e+01	-2.251854e+03
1.030000e-06	-5.386245e-09	-1.534435e-08	-2.898316e+01	-2.237999e+03
1.040000e-06	-5.329261e-09	-1.524756e-08	-2.867629e+01	-2.223949e+03
1.050000e-06	-5.271814e-09	-1.514978e-08	-2.836692e+01	-2.209698e+03
1.060000e-06	-5.213923e-09	-1.504998e-08	-2.805513e+01	-2.195240e+03
1.070000e-06	-5.155603e-09	-1.494858e-08	-2.774105e+01	-2.180571e+03
1.080000e-06	-5.096912e-09	-1.484596e-08	-2.742500e+01	-2.165685e+03
1.090000e-06	-5.037896e-09	-1.474205e-08	-2.710720e+01	-2.150575e+03
1.100000e-06	-4.978566e-09	-1.463662e-08	-2.678771e+01	-2.135237e+03
1.110000e-06	-4.918918e-09	-1.452968e-08	-2.646651e+01	-2.119666e+03
1.120000e-06	-4.858961e-09	-1.442100e-08	-2.614366e+01	-2.103858e+03
1.130000e-06	-4.798684e-09	-1.431099e-08	-2.581910e+01	-2.087808e+03
1.140000e-06	-4.738062e-09	-1.419933e-08	-2.549263e+01	-2.071513e+03
1.150000e-06	-4.677092e-09	-1.408496e-08	-2.516426e+01	-2.054970e+03
1.160000e-06	-4.615787e-09	-1.396840e-08	-2.483410e+01	-2.038177e+03
1.170000e-06	-4.554139e-09	-1.385010e-08	-2.450213e+01	-2.021131e+03
1.180000e-06	-4.492125e-09	-1.373028e-08	-2.416818e+01	-2.003829e+03
1.190000e-06	-4.429728e-09	-1.360999e-08	-2.383216e+01	-1.986271e+03
1.200000e-06	-4.366967e-09	-1.348860e-08	-2.349419e+01	-1.968454e+03
1.210000e-06	-4.303884e-09	-1.336459e-08	-2.315450e+01	-1.950376e+03
1.220000e-06	-4.240509e-09	-1.323827e-08	-2.281326e+01	-1.932034e+03
1.230000e-06	-4.176848e-09	-1.311063e-08	-2.247044e+01	-1.913427e+03
1.240000e-06	-4.112899e-09	-1.298193e-08	-2.212605e+01	-1.894551e+03
1.250000e-06	-4.048653e-09	-1.285196e-08	-2.178006e+01	-1.875404e+03
1.260000e-06	-3.984122e-09	-1.272027e-08	-2.143256e+01	-1.855982e+03
1.270000e-06	-3.919315e-09	-1.258592e-08	-2.108360e+01	-1.836280e+03
1.280000e-06	-3.854232e-09	-1.244910e-08	-2.073314e+01	-1.816294e+03
1.290000e-06	-3.788876e-09	-1.231066e-08	-2.038119e+01	-1.796020e+03
1.300000e-06	-3.723243e-09	-1.216946e-08	-2.002773e+01	-1.775451e+03
1.310000e-06	-3.657338e-09	-1.202519e-08	-1.967280e+01	-1.754581e+03
1.320000e-06	-3.591168e-09	-1.187884e-08	-1.931652e+01	-1.733403e+03
1.330000e-06	-3.524739e-09	-1.173095e-08	-1.895885e+01	-1.711909e+03
1.340000e-06	-3.458041e-09	-1.158175e-08	-1.859969e+01	-1.690092e+03
1.350000e-06	-3.391070e-09	-1.143059e-08	-1.823904e+01	-1.667941e+03
1.360000e-06	-3.323838e-09	-1.127649e-08	-1.787699e+01	-1.645449e+03
1.370000e-06	-3.256356e-09	-1.111930e-08	-1.751360e+01	-1.622606e+03
1.380000e-06	-3.188626e-09	-1.096012e-08	-1.714892e+01	-1.599403e+03
1.390000e-06	-3.120665e-09	-1.079941e-08	-1.678304e+01	-1.575829e+03
1.400000e-06	-3.052505e-09	-1.063588e-08	-1.641608e+01	-1.551877e+03
1.410000e-06	-2.984156e-09	-1.046804e-08	-1.604807e+01	-1.527536e+03
1.420000e-06	-2.915602e-09	-1.029682e-08	-1.567895e+01	-1.502800e+03
1.430000e-06	-2.846831e-09	-1.012306e-08	-1.530866e+01	-1.477659e+03
1.440000e-06	-2.777852e-09	-9.946585e-09	-1.493724e+01	-1.452108e+03
1.450000e-06	-2.708672e-09	-9.766942e-09	-1.456471e+01	-1.426138e+03
1.460000e-06	-2.639297e-09	-9.583915e-09	-1.419117e+01	-1.399744e+03
1.470000e-06	-2.569726e-09	-9.398969e-09	-1.381657e+01	-1.372920e+03
1.480000e-06	-2.499956e-09	-9.212582e-09	-1.344089e+01	-1.345658e+03
1.490000e-06	-2.429990e-09	-9.023091e-09	-1.306415e+01	-1.317953e+03
1.500000e-06	-2.359836e-09	-8.829656e-09	-1.268638e+01	-1.289798e+03
1.510000e-06	-2.289514e-09	-8.631870e-09	-1.230771e+01	-1.261184e+03
1.520000e-06	-2.219029e-09	-8.430093e-09	-1.192817e+01	-1.232103e+03
1.530000e-06	-2.148389e-09	-8.225776e-09	-1.154781e+01	-1.202545e+03
1.540000e-06	-2.077613e-09	-8.020157e-09	-1.116673e+01	-1.172499e+03
1.550000e-06	-2.006706e-09	-7.812033e-09	-1.078496e+01	-1.141953e+03
1.560000e-06	-1.935668e-09	-7.599426e-09	-1.040248e+01	-1.110894e+03
1.570000e-06	-1.864480e-09	-7.382129e-09	-1.001923e+01	-1.079309e+03
1.580000e-06	-1.793126e-09	-7.161112e-09	-9.635091e+00	-1.047182e+03
1.590000e-06	-1.721620e-09	-6.936502e-09	-9.250085e+00	-1.014500e+03
1.600000e-06	-1.649975e-09	-6.707394e-09	-8.864307e+00	-9.812488e+02
1.610000e-06	-1.578196e-09	-6.473247e-09	-8.477801e+00	-9.474127e+02
1.620000e-06	-1.506266e-09	-6.234755e-09	-8.090484e+00	-9.129783e+02
1.630000e-06	-1.434170e-09	-5.993654e-09	-7.702283e+00	-8.779317e+02
1.640000e-06	-1.361938e-09	-5.749322e-09	-7.313331e+00	-8.422595e+02
1.650000e-06	-1.289605e-09	-5.499149e-09	-6.923840e+00	-8.059487e+02
1.660000e-06	-1.217193e-09	-5.242997e-09	-6.533957e+00	-7.689864e+02
1.670000e-06	-1.144724e-09	-4.983090e-09	-6.143782e+00	-7.313599e+02
1.680000e-06	-1.072199e-09	-4.719962e-09	-5.753312e+00	-6.930564e+02
1.690000e-06	-9.996117e-10	-4.453092e-09	-5.362499e+00	-6.540631e+02
1.700000e-06	-9.269633e-10	-4.180527e-09	-4.971314e+00	-6.143676e+02
1.710000e-06	-8.542352e-10	-3.901251e-09	-4.579712e+00	-5.739579e+02
1.720000e-06	-7.814344e-10	-3.616702e-09	-4.187738e+00	-5.328232e+02
1.730000e-06	-7.085724e-10	-3.327662e-09	-3.795447e+00	-4.909546e+02
1.740000e-06	-6.356537e-10	-3.033974e-09	-3.402859e+00	-4.483463e+02
1.750000e-06	-5.626690e-10	-2.735895e-09	-3.009902e+00	-4.049967e+02
1.760000e-06	-4.896235e-10	-2.433368e-09	-2.616605e+00	-3.609100e+02
1.770000e-06	-4.165420e-10	-2.125635e-09	-2.223106e+00	-3.160975e+02
1.780000e-06	-3.434358e-10	-1.812780e-09	-1.829470e+00	-2.705795e+02
1.790000e-06	-2.703173e-10	-1.495803e-09	-1.435774e+00	-2.243861e+02
1.800000e-06	-1.971995e-10	-1.174500e-09	-1.042105e+00	-1.775589e+02
1.810000e-06	-1.240977e-10	-8.484402e-10	-6.485223e-01	-1.301515e+02
1.820000e-06	-5.101422e-11	-5.189588e-10	-2.550460e-01	-8.222995e+01
1.830000e-06	2.206115e-11	-1.871622e-10	1.383689e-01	-3.387275e+01
1.840000e-06	9.513220e-11	1.475892e-10	5.317697e-01	1.483015e+01
1.850000e-06	1.681986e-10	4.856619e-10	9.251573e-01	6.377843e+01
1.860000e-06	2.412565e-10	8.251972e-10	1.318502e+00	1.128633e+02
1.870000e-06	3.143182e-10	1.164347e-09	1.711839e+00	1.619698e+02
1.880000e-06	3.873872e-10	1.501568e-09	2.105202e+00	2.109794e+02
1.890000e-06	4.604422e-10	1.836044e-09	2.498511e+00	2.597733e+02
1.900000e-06	5.334670e-10	2.168180e-09	2.891668e+00	3.082348e+02
1.910000e-06	6.064561e-10	2.497634e-09	3.284624e+00	3.562531e+02
1.920000e-06	6.794029e-10	2.822477e-09	3.677340e+00	4.037253e+02
1.930000e-06	7.522834e-10	3.142022e-09	4.069689e+00	4.505593e+02
1.940000e-06	8.250869e-10	3.457370e-09	4.461630e+00	4.966752e+02
1.950000e-06	8.978122e-10	3.768461e-09	4.853163e+00	5.420073e+02
1.960000e-06	9.704490e-10	4.072871e-09	5.244222e+00	5.865039e+02
1.970000e-06	1.042994e-09	4.369560e-09	5.634795e+00	6.301279e+02
1.980000e-06	1.115452e-09	4.660490e-09	6.024900e+00	6.728560e+02
1.990000e-06	1.187834e-09	4.946679e-09	6.414592e+00	7.146777e+02
2.000000e-06	1.260136e-09	5.227142e-09	6.803870e+00	7.555935e+02
2.010000e-06	1.332356e-09	5.501250e-09	7.192715e+00	7.956130e+02
2.020000e-06	1.404490e-09	5.769395e-09	7.581080e+00	8.347533e+02
2.030000e-06	1.476515e-09	6.032562e-09	7.968821e+00	8.730364e+02
2.040000e-06	1.548412e-09	6.290465e-09	8.355870e+00	9.104877e+02
2.050000e-06	1.620182e-09	6.541536e-09	8.742232e+00	9.471340e+02
2.060000e-06	1.691825e-09	6.786195e-09	9.127876e+00	9.830020e+02
2.070000e-06	1.763325e-09	7.025683e-09	9.512713e+00	1.018118e+03
2.080000e-06	1.834655e-09	7.260613e-09	9.896653e+00	1.052505e+03
2.090000e-06	1.905813e-09	7.491190e-09	1.027970e+01	1.086187e+03
2.100000e-06	1.976802e-09	7.717002e-09	1.066184e+01	1.119183e+03
2.110000e-06	2.047613e-09	7.937638e-09	1.104304e+01	1.151511e+03
2.120000e-06	2.118250e-09	8.153633e-09	1.142330e+01	1.183188e+03
2.130000e-06	2.188722e-09	8.365501e-09	1.180268e+01	1.214231e+03
2.140000e-06	2.259050e-09	8.573439e-09	1.218130e+01	1.244654e+03
2.150000e-06	2.329242e-09	8.778127e-09	1.255920e+01	1.274473e+03
2.160000e-06	2.399286e-09	8.979010e-09	1.293626e+01	1.303704e+03
2.170000e-06	2.469171e-09	9.174674e-09	1.331244e+01	1.332363e+03
2.180000e-06	2.538898e-09	9.365960e-09	1.368776e+01	1.360465e+03
2.190000e-06	2.608464e-09	9.554483e-09	1.406221e+01	1.388029e+03
2.200000e-06	2.677843e-09	9.740558e-09	1.443565e+01	1.415070e+03
2.210000e-06	2.747017e-09	9.923500e-09	1.480802e+01	1.441604e+03
2.220000e-06	2.815972e-09	1.010263e-08	1.517926e+01	1.467648e+03
2.230000e-06	2.884697e-09	1.027879e-08	1.554925e+01	1.493217e+03
2.240000e-06	2.953195e-09	1.045199e-08	1.591799e+01	1.518324e+03
2.250000e-06	3.021478e-09	1.062114e-08	1.628551e+01	1.542982e+03
2.260000e-06	3.089553e-09	1.078630e-08	1.665189e+01	1.567203e+03
2.270000e-06	3.157417e-09	1.094796e-08	1.701714e+01	1.590999e+03
2.280000e-06	3.225053e-09	1.110684e-08	1.738118e+01	1.614380e+03
2.290000e-06	3.292445e-09	1.126353e-08	1.774393e+01	1.637356e+03
2.300000e-06	3.359586e-09	1.141758e-08	1.810536e+01	1.659938e+03
2.310000e-06	3.426475e-09	1.156882e-08	1.846542e+01	1.682137e+03
2.320000e-06	3.493116e-09	1.171778e-08	1.882411e+01	1.703965e+03
2.330000e-06	3.559520e-09	1.186451e-08	1.918153e+01	1.725434e+03
2.340000e-06	3.625686e-09	1.200936e-08	1.953767e+01	1.746557e+03
2.350000e-06	3.691588e-09	1.215271e-08	1.989242e+01	1.767347e+03
2.360000e-06	3.757198e-09	1.229388e-08	2.024561e+01	1.787818e+03
2.370000e-06	3.822514e-09	1.243211e-08	2.059719e+01	1.807982e+03
2.380000e-06	3.887552e-09	1.256719e-08	2.094724e+01	1.827852e+03
2.390000e-06	3.952308e-09	1.269953e-08	2.129576e+01	1.847437e+03
2.400000e-06	4.016779e-09	1.282964e-08	2.164274e+01	1.866746e+03
2.410000e-06	4.080957e-09	1.295786e-08	2.198819e+01	1.885785e+03
2.420000e-06	4.144839e-09	1.308474e-08	2.233207e+01	1.904557e+03
2.430000e-06	4.208442e-09	1.321055e-08	2.267444e+01	1.923064e+03
2.440000e-06	4.271776e-09	1.333514e-08	2.301532e+01	1.941303e+03
2.450000e-06	4.334830e-09	1.345782e-08	2.335471e+01	1.959272e+03
2.460000e-06	4.397579e-09	1.357858e-08	2.369247e+01	1.976967e+03
2.470000e-06	4.459981e-09	1.369721e-08	2.402839e+01	1.994383e+03
2.480000e-06	4.522023e-09	1.381448e-08	2.436233e+01	2.011518e+03
2.490000e-06	4.583710e-09	1.393093e-08	2.469427e+01	2.028368e+03
2.500000e-06	4.645019e-09	1.404512e-08	2.502419e+01	2.044934e+03
2.510000e-06	4.705934e-09	1.415680e-08	2.535201e+01	2.061219e+03
2.520000e-06	4.766471e-09	1.426600e-08	2.567781e+01	2.077229e+03
2.530000e-06	4.826665e-09	1.437280e-08	2.600175e+01	2.092971e+03
2.540000e-06	4.886539e-09	1.447764e-08	2.632400e+01	2.108458e+03
2.550000e-06	4.946105e-09	1.458063e-08	2.664460e+01	2.123702e+03
2.560000e-06	5.005359e-09	1.468187e-08	2.696351e+01	2.138719e+03
2.570000e-06	5.064286e-09	1.478229e-08	2.728064e+01	2.153524e+03
2.580000e-06	5.122870e-09	1.488269e-08	2.759592e+01	2.168131e+03
2.590000e-06	5.181077e-09	1.498222e-08	2.790916e+01	2.182553e+03
2.600000e-06	5.238865e-09	1.507944e-08	2.822016e+01	2.196802e+03
2.610000e-06	5.296236e-09	1.517447e-08	2.852889e+01	2.210883e+03
2.620000e-06	5.353199e-09	1.526792e-08	2.883541e+01	2.224802e+03
2.630000e-06	5.409751e-09	1.535980e-08	2.913975e+01	2.238557e+03
2.640000e-06	5.465881e-09	1.545066e-08	2.944181e+01	2.252145e+03
2.650000e-06	5.521571e-09	1.554121e-08	2.974148e+01	2.265559e+03
2.660000e-06	5.576824e-09	1.563187e-08	3.003879e+01	2.278791e+03
2.670000e-06	5.631642e-09	1.572161e-08	3.033377e+01	2.291832e+03
2.680000e-06	5.686027e-09	1.581040e-08	3.062645e+01	2.304670e+03
2.690000e-06	5.740004e-09	1.589807e-08	3.091693e+01	2.317298e+03
2.700000e-06	5.793595e-09	1.598331e-08	3.120533e+01	2.329708e+03
2.710000e-06	5.846804e-09	1.606542e-08	3.149169e+01	2.341898e+03
2.720000e-06	5.899607e-09	1.614551e-08	3.177586e+01	2.353867e+03
2.730000e-06	5.951966e-09	1.622477e-08	3.205760e+01	2.365618e+03
2.740000e-06	6.003867e-09	1.630330e-08	3.233684e+01	2.377160e+03
2.750000e-06	6.055286e-09	1.638130e-08	3.261351e+01	2.388503e+03
2.760000e-06	6.106248e-09	1.645782e-08	3.288775e+01	2.399659e+03
2.770000e-06	6.156796e-09	1.653310e-08	3.315976e+01	2.410645e+03
2.780000e-06	6.206935e-09	1.660714e-08	3.342957e+01	2.421475e+03
2.790000e-06	6.256652e-09	1.667898e-08	3.369712e+01	2.432164e+03
2.800000e-06	6.305930e-09	1.674904e-08	3.396228e+01	2.442725e+03
2.810000e-06	6.354741e-09	1.681860e-08	3.422487e+01	2.453169e+03
2.820000e-06	6.403065e-09	1.688852e-08	3.448487e+01	2.463503e+03
2.830000e-06	6.450921e-09	1.695822e-08	3.474240e+01	2.473731e+03
2.840000e-06	6.498335e-09	1.702696e-08	3.499755e+01	2.483851e+03
2.850000e-06	6.545289e-09	1.709486e-08	3.525020e+01	2.493860e+03
2.860000e-06	6.591736e-09	1.716169e-08	3.550010e+01	2.503751e+03
2.870000e-06	6.637617e-09	1.722722e-08	3.574694e+01	2.513514e+03
2.880000e-06	6.682920e-09	1.729184e-08	3.599068e+01	2.523137e+03
2.890000e-06	6.727693e-09	1.735561e-08	3.623160e+01	2.532609e+03
2.900000e-06	6.771989e-09	1.741805e-08	3.646993e+01	2.541918e+03
2.910000e-06	6.815833e-09	1.747995e-08	3.670584e+01	2.551054e+03
2.920000e-06	6.859242e-09	1.754249e-08	3.693941e+01	2.560007e+03
2.930000e-06	6.902184e-09	1.760451e-08	3.717047e+01	2.568774e+03
2.940000e-06	6.944599e-09	1.766393e-08	3.739865e+01	2.577349e+03
2.950000e-06	6.986466e-09	1.772075e-08	3.762389e+01	2.585733e+03
2.960000e-06	7.027818e-09	1.777664e-08	3.784639e+01	2.593927e+03
2.970000e-06	7.068695e-09	1.783158e-08	3.806631e+01	2.601936e+03
2.980000e-06	7.109102e-09	1.788526e-08	3.828370e+01	2.609767e+03
2.990000e-06	7.149002e-09	1.793777e-08	3.849833e+01	2.617426e+03
3.000000e-06	7.188330e-09	1.798817e-08	3.870983e+01	2.624921e+03
3.010000e-06	7.227062e-09	1.803743e-08	3.891815e+01	2.632261e+03
3.020000e-06	7.265238e-09	1.808725e-08	3.912351e+01	2.639453e+03
3.030000e-06	7.302905e-09	1.813658e-08	3.932614e+01	2.646506e+03
3.040000e-06	7.340093e-09	1.818396e-08	3.952621e+01	2.653424e+03
3.050000e-06	7.376797e-09	1.822944e-08	3.972365e+01	2.660215e+03
3.060000e-06	7.412950e-09	1.827392e-08	3.991809e+01	2.666882e+03
3.070000e-06	7.448507e-09	1.831862e-08	4.010933e+01	2.673431e+03
3.080000e-06	7.483514e-09	1.836317e-08	4.029764e+01	2.679865e+03
3.090000e-06	7.518021e-09	1.840613e-08	4.048328e+01	2.686188e+03
3.100000e-06	7.552056e-09	1.844772e-08	4.066639e+01	2.692402e+03
3.110000e-06	7.585626e-09	1.848889e-08	4.084699e+01	2.698512e+03
3.120000e-06	7.618684e-09	1.852948e-08	4.102480e+01	2.704520e+03
3.130000e-06	7.651158e-09	1.856936e-08	4.119944e+01	2.710428e+03
3.140000e-06	7.683033e-09	1.860852e-08	4.137088e+01	2.716240e+03
3.150000e-06	7.714335e-09	1.864671e-08	4.153923e+01	2.721956e+03
3.160000e-06	7.745074e-09	1.868410e-08	4.170453e+01	2.727577e+03
3.170000e-06	7.775219e-09	1.872111e-08	4.186662e+01	2.733102e+03
3.180000e-06	7.804708e-09	1.875769e-08	4.202515e+01	2.738529e+03
3.190000e-06	7.833570e-09	1.879327e-08	4.218034e+01	2.743854e+03
3.200000e-06	7.861874e-09	1.882804e-08	4.233255e+01	2.749072e+03
3.210000e-06	7.889641e-09	1.886252e-08	4.248185e+01	2.754176e+03
3.220000e-06	7.916904e-09	1.889646e-08	4.262846e+01	2.759160e+03
3.230000e-06	7.943604e-09	1.892979e-08	4.277202e+01	2.764014e+03
3.240000e-06	7.969673e-09	1.896265e-08	4.291215e+01	2.768733e+03
3.250000e-06	7.995164e-09	1.899419e-08	4.304919e+01	2.773309e+03
3.260000e-06	8.020126e-09	1.902401e-08	4.318340e+01	2.777736e+03
3.270000e-06	8.044566e-09	1.905255e-08	4.331482e+01	2.782009e+03
3.280000e-06	8.068486e-09	1.907946e-08	4.344345e+01	2.786129e+03
3.290000e-06	8.091793e-09	1.910548e-08	4.356872e+01	2.790094e+03
3.300000e-06	8.114431e-09	1.913124e-08	4.369039e+01	2.793909e+03
3.310000e-06	8.136465e-09	1.915607e-08	4.380885e+01	2.797578e+03
3.320000e-06	8.157915e-09	1.918009e-08	4.392416e+01	2.801108e+03
3.330000e-06	8.178737e-09	1.920339e-08	4.403608e+01	2.804510e+03
3.340000e-06	8.198837e-09	1.922570e-08	4.414412e+01	2.807792e+03
3.350000e-06	8.218249e-09	1.924660e-08	4.424848e+01	2.810965e+03
3.360000e-06	8.237092e-09	1.926626e-08	4.434980e+01	2.814038e+03
3.370000e-06	8.255394e-09	1.928548e-08	4.444822e+01	2.817020e+03
3.380000e-06	8.273166e-09	1.930453e-08	4.454378e+01	2.819919e+03
3.390000e-06	8.290348e-09	1.932358e-08	4.463614e+01	2.822740e+03
3.400000e-06	8.306857e-09	1.934257e-08	4.472487e+01	2.825485e+03
3.410000e-06	8.322751e-09	1.936027e-08	4.481032e+01	2.828157e+03
3.420000e-06	8.338072e-09	1.937596e-08	4.489268e+01	2.830754e+03
3.430000e-06	8.352831e-09	1.939053e-08	4.497202e+01	2.833275e+03
3.440000e-06	8.367022e-09	1.940478e-08	4.504831e+01	2.835715e+03
3.450000e-06	8.380549e-09	1.941895e-08	4.512099e+01	2.838072e+03
3.460000e-06	8.393439e-09	1.943302e-08	4.519027e+01	2.840339e+03
3.470000e-06	8.405779e-09	1.944701e-08	4.525658e+01	2.842514e+03
3.480000e-06	8.417562e-09	1.946129e-08	4.531989e+01	2.844593e+03
3.490000e-06	8.428812e-09	1.947577e-08	4.538031e+01	2.846573e+03
3.500000e-06	8.439419e-09	1.948909e-08	4.543723e+01	2.848454e+03
3.510000e-06	8.449319e-09	1.950045e-08	4.549036e+01	2.850233e+03
3.520000e-06	8.458614e-09	1.951031e-08	4.554024e+01	2.851913e+03
3.530000e-06	8.467335e-09	1.951961e-08	4.558702e+01	2.853492e+03
3.540000e-06	8.475514e-09	1.952927e-08	4.563093e+01	2.854973e+03
3.550000e-06	8.483137e-09	1.953935e-08	4.567183e+01	2.856355e+03
3.560000e-06	8.490124e-09	1.954903e-08	4.570927e+01	2.857637e+03
3.570000e-06	8.496455e-09	1.955754e-08	4.574317e+01	2.858820e+03
3.580000e-06	8.502126e-09	1.956492e-08	4.577354e+01	2.859900e+03
3.590000e-06	8.507158e-09	1.957100e-08	4.580048e+01	2.860874e+03
3.600000e-06	8.511504e-09	1.957568e-08	4.582368e+01	2.861737e+03
3.610000e-06	8.515131e-09	1.957992e-08	4.584302e+01	2.862485e+03
3.620000e-06	8.518144e-09	1.958427e-08	4.585912e+01	2.863112e+03
3.630000e-06	8.520585e-09	1.958836e-08	4.587214e+01	2.863611e+03
3.640000e-06	8.522470e-09	1.959163e-08	4.588218e+01	2.863978e+03
3.650000e-06	8.523792e-09	1.959330e-08	4.588915e+01	2.864209e+03
3.660000e-06	8.524444e-09	1.959302e-08	4.589249e+01	2.864300e+03
3.670000e-06	8.524449e-09	1.959151e-08	4.589236e+01	2.864250e+03
3.680000e-06	8.523885e-09	1.958959e-08	4.588918e+01	2.864060e+03
3.690000e-06	8.522771e-09	1.958785e-08	4.588304e+01	2.863733e+03
3.700000e-06	8.521133e-09	1.958592e-08	4.587407e+01	2.863273e+03
3.710000e-06	8.518864e-09	1.958268e-08	4.586164e+01	2.862685e+03
3.720000e-06	8.515938e-09	1.957818e-08	4.584571e+01	2.861978e+03
3.730000e-06	8.512486e-09	1.957254e-08	4.582699e+01	2.861160e+03
3.740000e-06	8.508518e-09	1.956443e-08	4.580549e+01	2.860239e+03
3.750000e-06	8.503960e-09	1.955674e-08	4.578080e+01	2.859223e+03
3.760000e-06	8.498529e-09	1.956051e-08	4.575132e+01	2.858121e+03
3.770000e-06	8.491830e-09	1.956178e-08	4.571490e+01	2.856942e+03
3.780000e-06	8.483912e-09	1.952980e-08	4.567199e+01	2.855691e+03
3.790000e-06	8.475619e-09	1.949973e-08	4.562733e+01	2.854375e+03
3.800000e-06	8.467607e-09	1.951896e-08	4.558428e+01	2.853000e+03
3.810000e-06	8.459362e-09	1.953808e-08	4.553973e+01	2.851569e+03
3.820000e-06	8.449948e-09	1.949128e-08	4.548872e+01	2.850088e+03
3.830000e-06	8.439616e-09	1.944353e-08	4.543299e+01	2.848561e+03
3.840000e-06	8.429224e-09	1.948143e-08	4.537709e+01	2.846991e+03
3.850000e-06	8.418500e-09	1.950761e-08	4.531916e+01	2.845384e+03
3.860000e-06	8.406607e-09	1.944171e-08	4.525480e+01	2.843743e+03
3.870000e-06	8.393892e-09	1.940985e-08	4.518625e+01	2.842073e+03
3.880000e-06	8.381057e-09	1.946775e-08	4.511714e+01	2.840378e+03
3.890000e-06	8.367740e-09	1.947215e-08	4.504527e+01	2.838662e+03
3.900000e-06	8.353496e-09	1.940248e-08	4.496836e+01	2.836927e+03
3.910000e-06	8.338790e-09	1.940935e-08	4.488910e+01	2.835175e+03
3.920000e-06	8.323755e-09	1.946053e-08	4.480799e+01	2.833404e+03
3.930000e-06	8.307727e-09	1.941587e-08	4.472140e+01	2.831611e+03
3.940000e-06	8.290797e-09	1.936601e-08	4.463007e+01	2.829789e+03
3.950000e-06	8.273574e-09	1.941995e-08	4.453730e+01	2.827929e+03
3.960000e-06	8.255951e-09	1.943319e-08	4.444227e+01	2.826018e+03
3.970000e-06	8.237517e-09	1.936121e-08	4.434284e+01	2.824041e+03
3.980000e-06	8.218510e-09	1.936813e-08	4.424042e+01	2.821977e+03
3.990000e-06	8.199076e-09	1.941219e-08	4.413565e+01	2.819807e+03
4.000000e-06	8.178950e-09	1.935254e-08	4.402710e+01	2.817509e+03
4.010000e-06	8.158101e-09	1.930849e-08	4.391467e+01	2.815059e+03
4.020000e-06	8.136623e-09	1.936360e-08	4.379887e+01	2.812436e+03
4.030000e-06	8.114442e-09	1.935364e-08	4.367930e+01	2.809620e+03
4.040000e-06	8.091647e-09	1.928476e-08	4.355649e+01	2.806591e+03
4.050000e-06	8.068340e-09	1.931281e-08	4.343087e+01	2.803336e+03
4.060000e-06	8.044437e-09	1.933178e-08	4.330203e+01	2.799843e+03
4.070000e-06	8.019815e-09	1.925333e-08	4.316929e+01	2.796107e+03
4.080000e-06	7.994500e-09	1.923620e-08	4.303284e+01	2.792124e+03
4.090000e-06	7.968561e-09	1.925903e-08	4.289306e+01	2.787898e+03
4.100000e-06	7.942135e-09	1.918874e-08	4.275070e+01	2.783435e+03
4.110000e-06	7.915288e-09	1.913732e-08	4.260606e+01	2.778744e+03
4.120000e-06	7.887829e-09	1.914981e-08	4.245805e+01	2.773840e+03
4.130000e-06	7.859666e-09	1.910160e-08	4.230626e+01	2.768736e+03
4.140000e-06	7.830973e-09	1.904092e-08	4.215167e+01	2.763449e+03
4.150000e-06	7.801778e-09	1.903157e-08	4.199433e+01	2.757994e+03
4.160000e-06	7.771982e-09	1.899107e-08	4.183373e+01	2.752387e+03
4.170000e-06	7.741571e-09	1.893320e-08	4.166983e+01	2.746641e+03
4.180000e-06	7.710456e-09	1.891059e-08	4.150212e+01	2.740767e+03
4.190000e-06	7.678682e-09	1.887074e-08	4.133092e+01	2.734774e+03
4.200000e-06	7.646398e-09	1.881737e-08	4.115702e+01	2.728669e+03
4.210000e-06	7.613586e-09	1.878580e-08	4.098022e+01	2.722454e+03
4.220000e-06	7.580180e-09	1.874255e-08	4.080020e+01	2.716130e+03
4.230000e-06	7.546209e-09	1.869116e-08	4.061716e+01	2.709696e+03
4.240000e-06	7.511644e-09	1.865314e-08	4.043091e+01	2.703148e+03
4.250000e-06	7.476532e-09	1.860363e-08	4.024176e+01	2.696481e+03
4.260000e-06	7.440977e-09	1.855180e-08	4.005024e+01	2.689689e+03
4.270000e-06	7.404943e-09	1.851342e-08	3.985612e+01	2.682766e+03
4.280000e-06	7.368376e-09	1.846452e-08	3.965914e+01	2.675705e+03
4.290000e-06	7.331324e-09	1.841063e-08	3.945956e+01	2.668503e+03
4.300000e-06	7.293721e-09	1.836532e-08	3.925693e+01	2.661152e+03
4.310000e-06	7.255507e-09	1.831174e-08	3.905102e+01	2.653651e+03
4.320000e-06	7.216749e-09	1.825485e-08	3.884224e+01	2.645997e+03
4.330000e-06	7.177489e-09	1.820607e-08	3.863078e+01	2.638187e+03
4.340000e-06	7.137723e-09	1.815295e-08	3.841662e+01	2.630223e+03
4.350000e-06	7.097427e-09	1.809560e-08	3.819958e+01	2.622105e+03
4.360000e-06	7.056524e-09	1.804120e-08	3.797923e+01	2.613833e+03
4.370000e-06	7.015032e-09	1.798522e-08	3.775575e+01	2.605411e+03
4.380000e-06	6.973060e-09	1.792603e-08	3.752969e+01	2.596839e+03
4.390000e-06	6.930672e-09	1.786500e-08	3.730137e+01	2.588120e+03
4.400000e-06	6.887873e-09	1.780187e-08	3.707086e+01	2.579256e+03
4.410000e-06	6.844638e-09	1.773988e-08	3.683798e+01	2.570247e+03
4.420000e-06	6.800905e-09	1.767814e-08	3.660239e+01	2.561095e+03
4.430000e-06	6.756636e-09	1.761452e-08	3.636395e+01	2.551798e+03
4.440000e-06	6.711858e-09	1.755143e-08	3.612278e+01	2.542357e+03
4.450000e-06	6.666552e-09	1.748759e-08	3.587876e+01	2.532770e+03
4.460000e-06	6.620687e-09	1.741905e-08	3.563173e+01	2.523033e+03
4.470000e-06	6.574250e-09	1.734968e-08	3.538160e+01	2.513146e+03
4.480000e-06	6.527246e-09	1.728187e-08	3.512841e+01	2.503104e+03
4.490000e-06	6.479694e-09	1.721134e-08	3.487228e+01	2.492904e+03
4.500000e-06	6.431648e-09	1.713835e-08	3.461350e+01	2.482542e+03
4.510000e-06	6.383145e-09	1.706693e-08	3.435229e+01	2.472015e+03
4.520000e-06	6.334210e-09	1.699506e-08	3.408876e+01	2.461320e+03
4.530000e-06	6.284872e-09	1.692040e-08	3.382304e+01	2.450454e+03
4.540000e-06	6.235144e-09	1.684473e-08	3.355521e+01	2.439414e+03
4.550000e-06	6.184970e-09	1.676791e-08	3.328499e+01	2.428197e+03
4.560000e-06	6.134307e-09	1.668870e-08	3.301213e+01	2.416804e+03
4.570000e-06	6.083149e-09	1.660834e-08	3.273656e+01	2.405233e+03
4.580000e-06	6.031539e-09	1.652789e-08	3.245858e+01	2.393483e+03
4.590000e-06	5.979521e-09	1.644652e-08	3.217845e+01	2.381555e+03
4.600000e-06	5.927092e-09	1.636308e-08	3.189611e+01	2.369449e+03
4.610000e-06	5.874214e-09	1.627786e-08	3.161134e+01	2.357165e+03
4.620000e-06	5.820863e-09	1.619230e-08	3.132400e+01	2.344704e+03
4.630000e-06	5.767055e-09	1.610600e-08	3.103421e+01	2.332066e+03
4.640000e-06	5.712830e-09	1.601872e-08	3.074217e+01	2.319250e+03
4.650000e-06	5.658211e-09	1.593046e-08	3.044804e+01	2.306257e+03
4.660000e-06	5.603210e-09	1.584042e-08	3.015189e+01	2.293084e+03
4.670000e-06	5.547831e-09	1.574794e-08	2.985367e+01	2.279729e+03
4.680000e-06	5.492063e-09	1.565403e-08	2.955332e+01	2.266190e+03
4.690000e-06	5.435887e-09	1.555999e-08	2.925081e+01	2.252463e+03
4.700000e-06	5.379260e-09	1.546455e-08	2.894587e+01	2.238543e+03
4.710000e-06	5.322171e-09	1.536613e-08	2.863841e+01	2.224426e+03
4.720000e-06	5.264642e-09	1.526650e-08	2.832856e+01	2.210107e+03
4.730000e-06	5.206710e-09	1.516732e-08	2.801659e+01	2.195580e+03
4.740000e-06	5.148422e-09	1.506779e-08	2.770275e+01	2.180839e+03
4.750000e-06	5.089794e-09	1.496590e-08	2.738708e+01	2.165878e+03
4.760000e-06	5.030812e-09	1.486059e-08	2.706948e+01	2.150693e+03
4.770000e-06	4.971456e-09	1.475359e-08	2.674983e+01	2.135278e+03
4.780000e-06	4.911725e-09	1.464634e-08	2.642817e+01	2.119628e+03
4.790000e-06	4.851648e-09	1.453717e-08	2.610468e+01	2.103740e+03
4.800000e-06	4.791218e-09	1.442583e-08	2.577930e+01	2.087608e+03
4.810000e-06	4.730430e-09	1.431396e-08	2.545196e+01	2.071231e+03
4.820000e-06	4.669320e-09	1.420150e-08	2.512288e+01	2.054605e+03
4.830000e-06	4.607915e-09	1.408656e-08	2.479224e+01	2.037727e+03
4.840000e-06	4.546209e-09	1.396867e-08	2.446000e+01	2.020596e+03
4.850000e-06	4.484175e-09	1.384817e-08	2.412599e+01	2.003210e+03
4.860000e-06	4.421781e-09	1.372495e-08	2.378999e+01	1.985565e+03
4.870000e-06	4.358999e-09	1.360041e-08	2.345189e+01	1.967661e+03
4.880000e-06	4.295855e-09	1.347545e-08	2.311184e+01	1.949495e+03
4.890000e-06	4.232386e-09	1.334981e-08	2.277006e+01	1.931065e+03
4.900000e-06	4.168583e-09	1.322188e-08	2.242648e+01	1.912369e+03
4.910000e-06	4.104458e-09	1.309082e-08	2.208117e+01	1.893403e+03
4.920000e-06	4.040034e-09	1.295778e-08	2.173427e+01	1.874164e+03
4.930000e-06	3.975345e-09	1.282388e-08	2.138593e+01	1.854649e+03
4.940000e-06	3.910414e-09	1.268841e-08	2.103629e+01	1.834853e+03
4.950000e-06	3.845231e-09	1.255037e-08	2.068530e+01	1.814772e+03
4.960000e-06	3.779778e-09	1.241036e-08	2.033287e+01	1.794400e+03
4.970000e-06	3.714047e-09	1.226879e-08	1.997888e+01	1.773731e+03
4.980000e-06	3.648037e-09	1.212440e-08	1.962339e+01	1.752759e+03
4.990000e-06	3.581735e-09	1.197633e-08	1.926637e+01	1.731477e+03
5.000000e-06	3.515133e-09	1.182550e-08	1.890775e+01	1.709876e+03
5.010000e-06	3.448244e-09	1.167283e-08	1.854756e+01	1.687948e+03
5.020000e-06	3.381073e-09	1.151926e-08	1.818581e+01	1.665685e+03
5.030000e-06	3.313648e-09	1.136507e-08	1.782271e+01	1.643077e+03
5.040000e-06	3.246012e-09	1.120868e-08	1.745851e+01	1.620115e+03
5.050000e-06	3.178180e-09	1.104894e-08	1.709330e+01	1.596789e+03
5.060000e-06	3.110164e-09	1.088651e-08	1.672708e+01	1.573090e+03
5.070000e-06	3.041971e-09	1.072201e-08	1.635990e+01	1.549009e+03
5.080000e-06	2.973599e-09	1.055416e-08	1.599178e+01	1.524537e+03
5.090000e-06	2.905045e-09	1.038233e-08	1.562266e+01	1.499667e+03
5.100000e-06	2.836301e-09	1.020763e-08	1.525251e+01	1.474390e+03
5.110000e-06	2.767366e-09	1.003087e-08	1.488132e+01	1.448700e+03
5.120000e-06	2.698237e-09	9.851991e-09	1.450909e+01	1.422589e+03
5.130000e-06	2.628908e-09	9.670580e-09	1.413581e+01	1.396052e+03
5.140000e-06	2.559378e-09	9.485807e-09	1.376147e+01	1.369083e+03
5.150000e-06	2.489628e-09	9.297438e-09	1.338594e+01	1.341674e+03
5.160000e-06	2.419680e-09	9.106797e-09	1.300928e+01	1.313820e+03
5.170000e-06	2.349555e-09	8.913584e-09	1.263166e+01	1.285513e+03
5.180000e-06	2.279268e-09	8.715720e-09	1.225320e+01	1.256744e+03
5.190000e-06	2.208833e-09	8.512986e-09	1.187396e+01	1.227505e+03
5.200000e-06	2.138249e-09	8.307076e-09	1.149393e+01	1.197786e+03
5.210000e-06	2.067514e-09	8.099036e-09	1.111308e+01	1.167574e+03
5.220000e-06	1.996635e-09	7.888075e-09	1.073142e+01	1.136859e+03
5.230000e-06	1.925613e-09	7.672994e-09	1.034896e+01	1.105626e+03
5.240000e-06	1.854441e-09	7.454006e-09	9.965743e+00	1.073861e+03
5.250000e-06	1.783120e-09	7.232544e-09	9.581735e+00	1.041551e+03
5.260000e-06	1.711630e-09	7.008584e-09	9.196788e+00	1.008681e+03
5.270000e-06	1.639969e-09	6.780179e-09	8.810934e+00	9.752361e+02
5.280000e-06	1.568158e-09	6.546739e-09	8.424267e+00	9.412021e+02
5.290000e-06	1.496207e-09	6.308585e-09	8.036828e+00	9.065650e+02
5.300000e-06	1.424127e-09	6.065860e-09	7.648716e+00	8.713112e+02
5.310000e-06	1.351928e-09	5.819373e-09	7.259971e+00	8.354275e+02
5.320000e-06	1.279628e-09	5.569059e-09	6.870674e+00	7.989009e+02
5.330000e-06	1.207249e-09	5.313894e-09	6.480993e+00	7.617186e+02
5.340000e-06	1.134795e-09	5.053358e-09	6.090950e+00	7.238677e+02
5.350000e-06	1.062259e-09	4.788615e-09	5.700456e+00	6.853356e+02
5.360000e-06	9.896499e-10	4.520784e-09	5.309524e+00	6.461095e+02
5.370000e-06	9.169707e-10	4.248552e-09	4.918221e+00	6.061771e+02
5.380000e-06	8.442151e-10	3.970113e-09	4.526530e+00	5.655268e+02
5.390000e-06	7.713926e-10	3.685177e-09	4.134490e+00	5.241482e+02
5.400000e-06	6.985101e-10	3.394592e-09	3.742113e+00	4.820334e+02
5.410000e-06	6.255606e-10	3.099045e-09	3.349351e+00	4.391779e+02
5.420000e-06	5.525409e-10	2.799236e-09	2.956215e+00	3.955817e+02
5.430000e-06	4.794670e-10	2.495358e-09	2.562802e+00	3.512513e+02
5.440000e-06	4.063516e-10	2.186775e-09	2.169178e+00	3.062009e+02
5.450000e-06	3.332100e-10	1.873435e-09	1.775411e+00	2.604537e+02
5.460000e-06	2.600600e-10	1.555215e-09	1.381568e+00	2.140437e+02
5.470000e-06	1.869120e-10	1.231856e-09	9.877037e-01	1.670165e+02
5.480000e-06	1.137820e-10	9.041031e-10	5.939430e-01	1.194296e+02
5.490000e-06	4.066775e-11	5.732739e-10	2.003077e-01	7.135352e+01
5.500000e-06	-3.244582e-11	2.405659e-10	-1.933208e-01	2.287045e+01
5.510000e-06	-1.055625e-10	-9.350195e-11	-5.869875e-01	-2.592594e+01
5.520000e-06	-1.786836e-10	-4.292657e-10	-9.806813e-01	-7.493229e+01
5.530000e-06	-2.518034e-10	-7.669392e-10	-1.374372e+00	-1.240375e+02
5.540000e-06	-3.249069e-10	-1.105249e-09	-1.767967e+00	-1.731250e+02
5.550000e-06	-3.979877e-10	-1.442483e-09	-2.161424e+00	-2.220760e+02
5.560000e-06	-4.710512e-10	-1.778298e-09	-2.554781e+00	-2.707719e+02
5.570000e-06	-5.440824e-10	-2.111947e-09	-2.947965e+00	-3.190978e+02
5.580000e-06	-6.170568e-10	-2.441985e-09	-3.340839e+00	-3.669450e+02
5.590000e-06	-6.899667e-10	-2.768014e-09	-3.733348e+00	-4.142142e+02
5.600000e-06	-7.628054e-10	-3.089554e-09	-4.125471e+00	-4.608171e+02
5.610000e-06	-8.355650e-10	-3.405929e-09	-4.517176e+00	-5.066785e+02
5.620000e-06	-9.082356e-10	-3.716905e-09	-4.908383e+00	-5.517372e+02
5.630000e-06	-9.808237e-10	-4.022404e-09	-5.299115e+00	-5.959464e+02
5.640000e-06	-1.053331e-09	-4.322260e-09	-5.689424e+00	-6.392738e+02
5.650000e-06	-1.125751e-09	-4.616424e-09	-6.079292e+00	-6.817005e+02
5.660000e-06	-1.198091e-09	-4.904508e-09	-6.468738e+00	-7.232198e+02
5.670000e-06	-1.270347e-09	-5.185681e-09	-6.857739e+00	-7.638354e+02
5.680000e-06	-1.342500e-09	-5.459919e-09	-7.246181e+00	-8.035597e+02
5.690000e-06	-1.414536e-09	-5.728296e-09	-7.633996e+00	-8.424117e+02
5.700000e-06	-1.486459e-09	-5.991714e-09	-8.021212e+00	-8.804147e+02
5.710000e-06	-1.558264e-09	-6.249215e-09	-8.407801e+00	-9.175948e+02
5.720000e-06	-1.629920e-09	-6.500743e-09	-8.793576e+00	-9.539788e+02
5.730000e-06	-1.701404e-09	-6.747771e-09	-9.178412e+00	-9.895934e+02
5.740000e-06	-1.772717e-09	-6.989894e-09	-9.562314e+00	-1.024464e+03
5.750000e-06	-1.843865e-09	-7.226554e-09	-9.945327e+00	-1.058614e+03
5.760000e-06	-1.914841e-09	-7.457861e-09	-1.032739e+01	-1.092065e+03
5.770000e-06	-1.985645e-09	-7.684274e-09	-1.070850e+01	-1.124836e+03
5.780000e-06	-2.056283e-09	-7.906312e-09	-1.108873e+01	-1.156946e+03
5.790000e-06	-2.126755e-09	-8.124316e-09	-1.146807e+01	-1.188410e+03
5.800000e-06	-2.197086e-09	-8.338678e-09	-1.184667e+01	-1.219244e+03
5.810000e-06	-2.267278e-09	-8.549124e-09	-1.222452e+01	-1.249464e+03
5.820000e-06	-2.337293e-09	-8.755349e-09	-1.260142e+01	-1.279086e+03
5.830000e-06	-2.407127e-09	-8.957031e-09	-1.297734e+01	-1.308124e+03
5.840000e-06	-2.476776e-09	-9.153426e-09	-1.335226e+01	-1.336596e+03
5.850000e-06	-2.546237e-09	-9.344770e-09	-1.372617e+01	-1.364517e+03
5.860000e-06	-2.615513e-09	-9.533559e-09	-1.409907e+01	-1.391905e+03
5.870000e-06	-2.684599e-09	-9.720559e-09	-1.447098e+01	-1.418775e+03
5.880000e-06	-2.753503e-09	-9.904278e-09	-1.484190e+01	-1.445144e+03
5.890000e-06	-2.822221e-09	-1.008438e-08	-1.521180e+01	-1.471028e+03
5.900000e-06	-2.890745e-09	-1.026075e-08	-1.558068e+01	-1.496442e+03
5.910000e-06	-2.959070e-09	-1.043282e-08	-1.594849e+01	-1.521398e+03
5.920000e-06	-3.027205e-09	-1.060094e-08	-1.631525e+01	-1.545909e+03
5.930000e-06	-3.095162e-09	-1.076586e-08	-1.668104e+01	-1.569987e+03
5.940000e-06	-3.162941e-09	-1.092818e-08	-1.704588e+01	-1.593644e+03
5.950000e-06	-3.230536e-09	-1.108874e-08	-1.740973e+01	-1.616889e+03
5.960000e-06	-3.297921e-09	-1.124802e-08	-1.777247e+01	-1.639732e+03
5.970000e-06	-3.365067e-09	-1.140501e-08	-1.813395e+01	-1.662186e+03
5.980000e-06	-3.431957e-09	-1.155875e-08	-1.849404e+01	-1.684260e+03
5.990000e-06	-3.498587e-09	-1.170924e-08	-1.885270e+01	-1.705967e+03
6.000000e-06	-3.564947e-09	-1.185696e-08	-1.920987e+01	-1.727319e+03
6.010000e-06	-3.631025e-09	-1.200256e-08	-1.956553e+01	-1.748330e+03
6.020000e-06	-3.696810e-09	-1.214602e-08	-1.991965e+01	-1.769012e+03
6.030000e-06	-3.762294e-09	-1.228761e-08	-2.027216e+01	-1.789379e+03
6.040000e-06	-3.827488e-09	-1.242759e-08	-2.062309e+01	-1.809444e+03
6.050000e-06	-3.892412e-09	-1.256548e-08	-2.097255e+01	-1.829218e+03
6.060000e-06	-3.957079e-09	-1.270084e-08	-2.132061e+01	-1.848711e+03
6.070000e-06	-4.021479e-09	-1.283342e-08	-2.166723e+01	-1.867929e+03
6.080000e-06	-4.085586e-09	-1.296374e-08	-2.201230e+01	-1.886879e+03
6.090000e-06	-4.149386e-09	-1.309229e-08	-2.235574e+01	-1.905563e+03
6.100000e-06	-4.212870e-09	-1.321908e-08	-2.269744e+01	-1.923980e+03
6.110000e-06	-4.276034e-09	-1.334492e-08	-2.303739e+01	-1.942130e+03
6.120000e-06	-4.338852e-09	-1.347028e-08	-2.337546e+01	-1.960008e+03
6.130000e-06	-4.401308e-09	-1.359464e-08	-2.371161e+01	-1.977611e+03
6.140000e-06	-4.463405e-09	-1.371619e-08	-2.404583e+01	-1.994933e+03
6.150000e-06	-4.525153e-09	-1.383409e-08	-2.437816e+01	-2.011974e+03
6.160000e-06	-4.586584e-09	-1.394954e-08	-2.470879e+01	-2.028729e+03
6.170000e-06	-4.647708e-09	-1.406292e-08	-2.503775e+01	-2.045201e+03
6.180000e-06	-4.708498e-09	-1.417395e-08	-2.536497e+01	-2.061394e+03
6.190000e-06	-4.768943e-09	-1.428275e-08	-2.569035e+01	-2.077313e+03
6.200000e-06	-4.829051e-09	-1.439035e-08	-2.601385e+01	-2.092969e+03
6.210000e-06	-4.888812e-09	-1.449761e-08	-2.633545e+01	-2.108373e+03
6.220000e-06	-4.948209e-09	-1.460411e-08	-2.665513e+01	-2.123540e+03
6.230000e-06	-5.007242e-09	-1.470875e-08	-2.697288e+01	-2.138485e+03
6.240000e-06	-5.065927e-09	-1.481103e-08	-2.728873e+01	-2.153222e+03
6.250000e-06	-5.124278e-09	-1.491195e-08	-2.760277e+01	-2.167767e+03
6.260000e-06	-5.182291e-09	-1.501209e-08	-2.791499e+01	-2.182130e+03
6.270000e-06	-5.239930e-09	-1.511102e-08	-2.822520e+01	-2.196323e+03
6.280000e-06	-5.297160e-09	-1.520924e-08	-2.853320e+01	-2.210350e+03
6.290000e-06	-5.353963e-09	-1.530735e-08	-2.883888e+01	-2.224214e+03
6.300000e-06	-5.410312e-09	-1.540475e-08	-2.914214e+01	-2.237914e+03
6.310000e-06	-5.466207e-09	-1.550029e-08	-2.944296e+01	-2.251445e+03
6.320000e-06	-5.521681e-09	-1.559351e-08	-2.974148e+01	-2.264800e+03
6.330000e-06	-5.576752e-09	-1.568494e-08	-3.003784e+01	-2.277969e+03
6.340000e-06	-5.631436e-09	-1.577449e-08	-3.033213e+01	-2.290943e+03
6.350000e-06	-5.685743e-09	-1.586224e-08	-3.062440e+01	-2.303712e+03
6.360000e-06	-5.739652e-09	-1.594882e-08	-3.091453e+01	-2.316268e+03
6.370000e-06	-5.793138e-09	-1.603415e-08	-3.120235e+01	-2.328606e+03
6.380000e-06	-5.846175e-09	-1.611817e-08	-3.148777e+01	-2.340722e+03
6.390000e-06	-5.898770e-09	-1.620058e-08	-3.177085e+01	-2.352618e+03
6.400000e-06	-5.950953e-09	-1.628116e-08	-3.205169e+01	-2.364298e+03
6.410000e-06	-6.002734e-09	-1.636064e-08	-3.233036e+01	-2.375772e+03
6.420000e-06	-6.054098e-09	-1.643915e-08	-3.260681e+01	-2.387051e+03
6.430000e-06	-6.105028e-09	-1.651681e-08	-3.288092e+01	-2.398149e+03
6.440000e-06	-6.155505e-09	-1.659388e-08	-3.315255e+01	-2.409082e+03
6.450000e-06	-6.205517e-09	-1.667025e-08	-3.342167e+01	-2.419863e+03
6.460000e-06	-6.255069e-09	-1.674628e-08	-3.368833e+01	-2.430508e+03
6.470000e-06	-6.304172e-09	-1.682174e-08	-3.395257e+01	-2.441030e+03
6.480000e-06	-6.352836e-09	-1.689576e-08	-3.421445e+01	-2.451437e+03
6.490000e-06	-6.401056e-09	-1.696806e-08	-3.447393e+01	-2.461735e+03
6.500000e-06	-6.448816e-09	-1.703913e-08	-3.473094e+01	-2.471927e+03
6.510000e-06	-6.496077e-09	-1.710936e-08	-3.498522e+01	-2.482011e+03
6.520000e-06	-6.542797e-09	-1.717914e-08	-3.523662e+01	-2.491982e+03
6.530000e-06	-6.588968e-09	-1.724847e-08	-3.548509e+01	-2.501831e+03
6.540000e-06	-6.634591e-09	-1.731667e-08	-3.573058e+01	-2.511549e+03
6.550000e-06	-6.679632e-09	-1.738346e-08	-3.597291e+01	-2.521123e+03
6.560000e-06	-6.724084e-09	-1.744904e-08	-3.621210e+01	-2.530542e+03
6.570000e-06	-6.768025e-09	-1.751353e-08	-3.644854e+01	-2.539794e+03
6.580000e-06	-6.811525e-09	-1.757682e-08	-3.668260e+01	-2.548870e+03
6.590000e-06	-6.854610e-09	-1.763883e-08	-3.691442e+01	-2.557762e+03
6.600000e-06	-6.897274e-09	-1.769963e-08	-3.714397e+01	-2.566465e+03
6.610000e-06	-6.939483e-09	-1.775906e-08	-3.737107e+01	-2.574976e+03
6.620000e-06	-6.981197e-09	-1.781721e-08	-3.759551e+01	-2.583297e+03
6.630000e-06	-7.022376e-09	-1.787375e-08	-3.781706e+01	-2.591429e+03
6.640000e-06	-7.062996e-09	-1.792851e-08	-3.803559e+01	-2.599378e+03
6.650000e-06	-7.103070e-09	-1.798224e-08	-3.825120e+01	-2.607151e+03
6.660000e-06	-7.142655e-09	-1.803492e-08	-3.846420e+01	-2.614754e+03
6.670000e-06	-7.181761e-09	-1.808697e-08	-3.867458e+01	-2.622197e+03
6.680000e-06	-7.220375e-09	-1.813818e-08	-3.888233e+01	-2.629487e+03
6.690000e-06	-7.258487e-09	-1.818771e-08	-3.908737e+01	-2.636632e+03
6.700000e-06	-7.296044e-09	-1.823576e-08	-3.928941e+01	-2.643639e+03
6.710000e-06	-7.333033e-09	-1.828313e-08	-3.948840e+01	-2.650514e+03
6.720000e-06	-7.369496e-09	-1.833035e-08	-3.968458e+01	-2.657263e+03
6.730000e-06	-7.405439e-09	-1.837676e-08	-3.987793e+01	-2.663891e+03
6.740000e-06	-7.440873e-09	-1.842185e-08	-4.006856e+01	-2.670401e+03
6.750000e-06	-7.475822e-09	-1.846620e-08	-4.025658e+01	-2.676798e+03
6.760000e-06	-7.510217e-09	-1.851031e-08	-4.044159e+01	-2.683084e+03
6.770000e-06	-7.544023e-09	-1.855368e-08	-4.062344e+01	-2.689263e+03
6.780000e-06	-7.577306e-09	-1.859589e-08	-4.080248e+01	-2.695339e+03
6.790000e-06	-7.610087e-09	-1.863726e-08	-4.097881e+01	-2.701313e+03
6.800000e-06	-7.642361e-09	-1.867804e-08	-4.115240e+01	-2.707190e+03
6.810000e-06	-7.674094e-09	-1.871828e-08	-4.132304e+01	-2.712969e+03
6.820000e-06	-7.705190e-09	-1.875793e-08	-4.149023e+01	-2.718654e+03
6.830000e-06	-7.735630e-09	-1.879731e-08	-4.165391e+01	-2.724243e+03
6.840000e-06	-7.765469e-09	-1.883645e-08	-4.181439e+01	-2.729736e+03
6.850000e-06	-7.794762e-09	-1.887449e-08	-4.197196e+01	-2.735129e+03
6.860000e-06	-7.823541e-09	-1.891133e-08	-4.212677e+01	-2.740419e+03
6.870000e-06	-7.851764e-09	-1.894724e-08	-4.227858e+01	-2.745600e+03
6.880000e-06	-7.879372e-09	-1.898265e-08	-4.242710e+01	-2.750665e+03
6.890000e-06	-7.906409e-09	-1.901773e-08	-4.257258e+01	-2.755607e+03
6.900000e-06	-7.932925e-09	-1.905194e-08	-4.271525e+01	-2.760417e+03
6.910000e-06	-7.958913e-09	-1.908507e-08	-4.285505e+01	-2.765089e+03
6.920000e-06	-7.984367e-09	-1.911641e-08	-4.299196e+01	-2.769616e+03
6.930000e-06	-8.009209e-09	-1.914573e-08	-4.312555e+01	-2.773992e+03
6.940000e-06	-8.033394e-09	-1.917429e-08	-4.325564e+01	-2.778214e+03
6.950000e-06	-8.057002e-09	-1.920216e-08	-4.338262e+01	-2.782282e+03
6.960000e-06	-8.080065e-09	-1.922868e-08	-4.350668e+01	-2.786197e+03
6.970000e-06	-8.102582e-09	-1.925427e-08	-4.362778e+01	-2.789962e+03
6.980000e-06	-8.124496e-09	-1.927986e-08	-4.374561e+01	-2.793584e+03
6.990000e-06	-8.145697e-09	-1.930537e-08	-4.385960e+01	-2.797071e+03
7.000000e-06	-8.166211e-09	-1.933009e-08	-4.396991e+01	-2.800432e+03
7.010000e-06	-8.186082e-09	-1.935360e-08	-4.407676e+01	-2.803677e+03
7.020000e-06	-8.205241e-09	-1.937588e-08	-4.417975e+01	-2.806815e+03
7.030000e-06	-8.223765e-09	-1.939797e-08	-4.427935e+01	-2.809857e+03
7.040000e-06	-8.241780e-09	-1.942003e-08	-4.437623e+01	-2.812811e+03
7.050000e-06	-8.259302e-09	-1.944073e-08	-4.447048e+01	-2.815684e+03
7.060000e-06	-8.276321e-09	-1.946049e-08	-4.456201e+01	-2.818479e+03
7.070000e-06	-8.292797e-09	-1.948027e-08	-4.465061e+01	-2.821200e+03
7.080000e-06	-8.308731e-09	-1.950011e-08	-4.473628e+01	-2.823847e+03
7.090000e-06	-8.324037e-09	-1.951982e-08	-4.481855e+01	-2.826419e+03
7.100000e-06	-8.338654e-09	-1.953869e-08	-4.489712e+01	-2.828914e+03
7.110000e-06	-8.352668e-09	-1.955662e-08	-4.497247e+01	-2.831327e+03
7.120000e-06	-8.366112e-09	-1.957381e-08	-4.504471e+01	-2.833654e+03
7.130000e-06	-8.378995e-09	-1.959026e-08	-4.511394e+01	-2.835891e+03
7.140000e-06	-8.391265e-09	-1.960618e-08	-4.517988e+01	-2.838034e+03
7.150000e-06	-8.402854e-09	-1.962123e-08	-4.524216e+01	-2.840080e+03
7.160000e-06	-8.413848e-09	-1.963541e-08	-4.530124e+01	-2.842028e+03
7.170000e-06	-8.424285e-09	-1.964942e-08	-4.535731e+01	-2.843875e+03
7.180000e-06	-8.434143e-09	-1.966330e-08	-4.541026e+01	-2.845621e+03
7.190000e-06	-8.443430e-09	-1.967638e-08	-4.546013e+01	-2.847267e+03
7.200000e-06	-8.452044e-09	-1.968777e-08	-4.550636e+01	-2.848814e+03
7.210000e-06	-8.460003e-09	-1.969742e-08	-4.554908e+01	-2.850262e+03
7.220000e-06	-8.467398e-09	-1.970674e-08	-4.558876e+01	-2.851610e+03
7.230000e-06	-8.474218e-09	-1.971639e-08	-4.562533e+01	-2.852860e+03
7.240000e-06	-8.480452e-09	-1.972538e-08	-4.565875e+01	-2.854009e+03
7.250000e-06	-8.485989e-09	-1.973344e-08	-4.568839e+01	-2.855054e+03
7.260000e-06	-8.490791e-09	-1.974031e-08	-4.571409e+01	-2.855992e+03
7.270000e-06	-8.494963e-09	-1.974613e-08	-4.573639e+01	-2.856818e+03
7.280000e-06	-8.498552e-09	-1.975142e-08	-4.575557e+01	-2.857526e+03
7.290000e-06	-8.501587e-09	-1.975568e-08	-4.577175e+01	-2.858110e+03
7.300000e-06	-8.503977e-09	-1.975818e-08	-4.578446e+01	-2.858566e+03
7.310000e-06	-8.505702e-09	-1.975995e-08	-4.579362e+01	-2.858888e+03
7.320000e-06	-8.506870e-09	-1.976215e-08	-4.579979e+01	-2.859073e+03
7.330000e-06	-8.507475e-09	-1.976329e-08	-4.580293e+01	-2.859117e+03
