# Concentracion g/m^3_=_53300.0
# C_Vs_to_Am_M_A/Vsm_=_128687336408.14134
# pendiente_HvsI_1/m_=_3716.3
# ordenada_HvsI_A/m_=_1297.0
# frecuencia_Hz_=_136278.01532886826
# Promedio de 30 ciclos

Tiempo_(s)	Campo_(V.s)	Magnetizacion_(V.s)	Campo_(kA/m)	Magnetizacion_(A/m)
0.000000e+00	-7.117972e-09	-1.719654e-08	-3.844293e+01	-2.778783e+03
1.000000e-08	-7.118161e-09	-1.719627e-08	-3.844403e+01	-2.778661e+03
2.000000e-08	-7.118004e-09	-1.719562e-08	-3.844318e+01	-2.778432e+03
3.000000e-08	-7.117341e-09	-1.719370e-08	-3.843953e+01	-2.778100e+03
4.000000e-08	-7.115978e-09	-1.719071e-08	-3.843207e+01	-2.777669e+03
5.000000e-08	-7.113849e-09	-1.718706e-08	-3.842044e+01	-2.777144e+03
6.000000e-08	-7.111021e-09	-1.718314e-08	-3.840516e+01	-2.776530e+03
7.000000e-08	-7.107654e-09	-1.717956e-08	-3.838708e+01	-2.775828e+03
8.000000e-08	-7.103859e-09	-1.717559e-08	-3.836671e+01	-2.775041e+03
9.000000e-08	-7.099567e-09	-1.716735e-08	-3.834358e+01	-2.774169e+03
1.000000e-07	-7.094572e-09	-1.715615e-08	-3.831658e+01	-2.773215e+03
1.100000e-07	-7.088876e-09	-1.715470e-08	-3.828584e+01	-2.772176e+03
1.200000e-07	-7.082811e-09	-1.715962e-08	-3.825321e+01	-2.771054e+03
1.300000e-07	-7.076577e-09	-1.714303e-08	-3.821959e+01	-2.769848e+03
1.400000e-07	-7.069939e-09	-1.711781e-08	-3.818375e+01	-2.768559e+03
1.500000e-07	-7.062699e-09	-1.712242e-08	-3.814475e+01	-2.767186e+03
1.600000e-07	-7.055018e-09	-1.713494e-08	-3.810340e+01	-2.765731e+03
1.700000e-07	-7.047025e-09	-1.710711e-08	-3.806028e+01	-2.764196e+03
1.800000e-07	-7.038482e-09	-1.706912e-08	-3.801401e+01	-2.762584e+03
1.900000e-07	-7.029131e-09	-1.708146e-08	-3.796327e+01	-2.760898e+03
2.000000e-07	-7.019104e-09	-1.709678e-08	-3.790892e+01	-2.759143e+03
2.100000e-07	-7.008651e-09	-1.705717e-08	-3.785233e+01	-2.757321e+03
2.200000e-07	-6.997683e-09	-1.701930e-08	-3.779294e+01	-2.755436e+03
2.300000e-07	-6.986030e-09	-1.703694e-08	-3.772992e+01	-2.753491e+03
2.400000e-07	-6.973801e-09	-1.703918e-08	-3.766380e+01	-2.751488e+03
2.500000e-07	-6.961065e-09	-1.699076e-08	-3.759483e+01	-2.749427e+03
2.600000e-07	-6.947705e-09	-1.696906e-08	-3.752247e+01	-2.747307e+03
2.700000e-07	-6.933676e-09	-1.698551e-08	-3.744659e+01	-2.745127e+03
2.800000e-07	-6.918978e-09	-1.696475e-08	-3.736708e+01	-2.742882e+03
2.900000e-07	-6.903508e-09	-1.692202e-08	-3.728337e+01	-2.740567e+03
3.000000e-07	-6.887294e-09	-1.692139e-08	-3.719573e+01	-2.738174e+03
3.100000e-07	-6.870546e-09	-1.691796e-08	-3.710531e+01	-2.735696e+03
3.200000e-07	-6.853427e-09	-1.687332e-08	-3.701294e+01	-2.733125e+03
3.300000e-07	-6.835941e-09	-1.685221e-08	-3.691855e+01	-2.730451e+03
3.400000e-07	-6.818059e-09	-1.686358e-08	-3.682195e+01	-2.727667e+03
3.500000e-07	-6.799760e-09	-1.683082e-08	-3.672308e+01	-2.724764e+03
3.600000e-07	-6.780985e-09	-1.678303e-08	-3.662168e+01	-2.721734e+03
3.700000e-07	-6.761722e-09	-1.678478e-08	-3.651773e+01	-2.718573e+03
3.800000e-07	-6.742056e-09	-1.677854e-08	-3.641164e+01	-2.715275e+03
3.900000e-07	-6.722037e-09	-1.672506e-08	-3.630358e+01	-2.711836e+03
4.000000e-07	-6.701595e-09	-1.669780e-08	-3.619312e+01	-2.708257e+03
4.100000e-07	-6.680672e-09	-1.670007e-08	-3.608007e+01	-2.704536e+03
4.200000e-07	-6.659250e-09	-1.666649e-08	-3.596439e+01	-2.700674e+03
4.300000e-07	-6.637344e-09	-1.662594e-08	-3.584613e+01	-2.696675e+03
4.400000e-07	-6.614998e-09	-1.661766e-08	-3.572547e+01	-2.692540e+03
4.500000e-07	-6.592224e-09	-1.659231e-08	-3.560246e+01	-2.688275e+03
4.600000e-07	-6.569011e-09	-1.654641e-08	-3.547710e+01	-2.683884e+03
4.700000e-07	-6.545423e-09	-1.652769e-08	-3.534979e+01	-2.679370e+03
4.800000e-07	-6.521522e-09	-1.650917e-08	-3.522076e+01	-2.674739e+03
4.900000e-07	-6.497194e-09	-1.646351e-08	-3.508935e+01	-2.669993e+03
5.000000e-07	-6.472269e-09	-1.643249e-08	-3.495472e+01	-2.665136e+03
5.100000e-07	-6.446637e-09	-1.641574e-08	-3.481626e+01	-2.660171e+03
5.200000e-07	-6.420257e-09	-1.637676e-08	-3.467373e+01	-2.655099e+03
5.300000e-07	-6.393217e-09	-1.633770e-08	-3.452773e+01	-2.649921e+03
5.400000e-07	-6.365700e-09	-1.631467e-08	-3.437922e+01	-2.644637e+03
5.500000e-07	-6.337852e-09	-1.627972e-08	-3.422889e+01	-2.639247e+03
5.600000e-07	-6.309678e-09	-1.623833e-08	-3.407672e+01	-2.633748e+03
5.700000e-07	-6.281103e-09	-1.620990e-08	-3.392236e+01	-2.628139e+03
5.800000e-07	-6.252091e-09	-1.617558e-08	-3.376566e+01	-2.622417e+03
5.900000e-07	-6.222680e-09	-1.613258e-08	-3.360683e+01	-2.616580e+03
6.000000e-07	-6.192888e-09	-1.609821e-08	-3.344596e+01	-2.610624e+03
6.100000e-07	-6.162671e-09	-1.606301e-08	-3.328274e+01	-2.604547e+03
6.200000e-07	-6.131996e-09	-1.601999e-08	-3.311705e+01	-2.598346e+03
6.300000e-07	-6.100899e-09	-1.598280e-08	-3.294912e+01	-2.592017e+03
6.400000e-07	-6.069455e-09	-1.594647e-08	-3.277938e+01	-2.585560e+03
6.500000e-07	-6.037698e-09	-1.590257e-08	-3.260800e+01	-2.578971e+03
6.600000e-07	-6.005605e-09	-1.586012e-08	-3.243475e+01	-2.572248e+03
6.700000e-07	-5.973060e-09	-1.581957e-08	-3.225892e+01	-2.565391e+03
6.800000e-07	-5.939866e-09	-1.577353e-08	-3.207950e+01	-2.558399e+03
6.900000e-07	-5.905949e-09	-1.572756e-08	-3.189613e+01	-2.551269e+03
7.000000e-07	-5.871384e-09	-1.568385e-08	-3.170931e+01	-2.544002e+03
7.100000e-07	-5.836291e-09	-1.563746e-08	-3.151979e+01	-2.536596e+03
7.200000e-07	-5.800811e-09	-1.559038e-08	-3.132828e+01	-2.529052e+03
7.300000e-07	-5.765054e-09	-1.554406e-08	-3.113526e+01	-2.521368e+03
7.400000e-07	-5.729034e-09	-1.549486e-08	-3.094077e+01	-2.513545e+03
7.500000e-07	-5.692699e-09	-1.544374e-08	-3.074447e+01	-2.505580e+03
7.600000e-07	-5.655973e-09	-1.539329e-08	-3.054600e+01	-2.497474e+03
7.700000e-07	-5.618799e-09	-1.534224e-08	-3.034520e+01	-2.489226e+03
7.800000e-07	-5.581175e-09	-1.528960e-08	-3.014199e+01	-2.480836e+03
7.900000e-07	-5.543138e-09	-1.523651e-08	-2.993655e+01	-2.472302e+03
8.000000e-07	-5.504700e-09	-1.518324e-08	-2.972889e+01	-2.463625e+03
8.100000e-07	-5.465852e-09	-1.512879e-08	-2.951896e+01	-2.454804e+03
8.200000e-07	-5.426627e-09	-1.507285e-08	-2.930703e+01	-2.445839e+03
8.300000e-07	-5.387086e-09	-1.501550e-08	-2.909352e+01	-2.436728e+03
8.400000e-07	-5.347304e-09	-1.495745e-08	-2.887875e+01	-2.427472e+03
8.500000e-07	-5.307286e-09	-1.489905e-08	-2.866261e+01	-2.418071e+03
8.600000e-07	-5.266930e-09	-1.484068e-08	-2.844457e+01	-2.408522e+03
8.700000e-07	-5.226126e-09	-1.478192e-08	-2.822401e+01	-2.398825e+03
8.800000e-07	-5.184777e-09	-1.472168e-08	-2.800052e+01	-2.388977e+03
8.900000e-07	-5.142842e-09	-1.465944e-08	-2.777396e+01	-2.378977e+03
9.000000e-07	-5.100363e-09	-1.459634e-08	-2.754444e+01	-2.368820e+03
9.100000e-07	-5.057396e-09	-1.453232e-08	-2.731230e+01	-2.358503e+03
9.200000e-07	-5.014027e-09	-1.446687e-08	-2.707808e+01	-2.348021e+03
9.300000e-07	-4.970338e-09	-1.440031e-08	-2.684221e+01	-2.337369e+03
9.400000e-07	-4.926385e-09	-1.433354e-08	-2.660485e+01	-2.326541e+03
9.500000e-07	-4.882174e-09	-1.426619e-08	-2.636598e+01	-2.315531e+03
9.600000e-07	-4.837653e-09	-1.419779e-08	-2.612543e+01	-2.304335e+03
9.700000e-07	-4.792782e-09	-1.412765e-08	-2.588304e+01	-2.292947e+03
9.800000e-07	-4.747568e-09	-1.405499e-08	-2.563883e+01	-2.281364e+03
9.900000e-07	-4.702017e-09	-1.398044e-08	-2.539288e+01	-2.269582e+03
1.000000e-06	-4.656163e-09	-1.390545e-08	-2.514531e+01	-2.257599e+03
1.010000e-06	-4.610021e-09	-1.383042e-08	-2.489615e+01	-2.245415e+03
1.020000e-06	-4.563562e-09	-1.375481e-08	-2.464520e+01	-2.233031e+03
1.030000e-06	-4.516772e-09	-1.367795e-08	-2.439246e+01	-2.220447e+03
1.040000e-06	-4.469651e-09	-1.359954e-08	-2.413799e+01	-2.207668e+03
1.050000e-06	-4.422246e-09	-1.351913e-08	-2.388203e+01	-2.194695e+03
1.060000e-06	-4.374582e-09	-1.343665e-08	-2.362470e+01	-2.181532e+03
1.070000e-06	-4.326660e-09	-1.335280e-08	-2.336594e+01	-2.168182e+03
1.080000e-06	-4.278462e-09	-1.326817e-08	-2.310568e+01	-2.154645e+03
1.090000e-06	-4.229897e-09	-1.318347e-08	-2.284346e+01	-2.140922e+03
1.100000e-06	-4.180905e-09	-1.309851e-08	-2.257894e+01	-2.127011e+03
1.110000e-06	-4.131466e-09	-1.301244e-08	-2.231196e+01	-2.112908e+03
1.120000e-06	-4.081551e-09	-1.292488e-08	-2.204237e+01	-2.098607e+03
1.130000e-06	-4.031167e-09	-1.283578e-08	-2.177035e+01	-2.084101e+03
1.140000e-06	-3.980346e-09	-1.274445e-08	-2.149605e+01	-2.069379e+03
1.150000e-06	-3.929170e-09	-1.265091e-08	-2.121983e+01	-2.054430e+03
1.160000e-06	-3.877720e-09	-1.255633e-08	-2.094209e+01	-2.039242e+03
1.170000e-06	-3.825988e-09	-1.246145e-08	-2.066286e+01	-2.023803e+03
1.180000e-06	-3.773975e-09	-1.236539e-08	-2.038211e+01	-2.008099e+03
1.190000e-06	-3.721681e-09	-1.226753e-08	-2.009978e+01	-1.992121e+03
1.200000e-06	-3.669087e-09	-1.216739e-08	-1.981583e+01	-1.975858e+03
1.210000e-06	-3.616190e-09	-1.206452e-08	-1.953023e+01	-1.959302e+03
1.220000e-06	-3.562998e-09	-1.195894e-08	-1.924305e+01	-1.942449e+03
1.230000e-06	-3.509548e-09	-1.185149e-08	-1.895450e+01	-1.925294e+03
1.240000e-06	-3.455870e-09	-1.174277e-08	-1.866470e+01	-1.907837e+03
1.250000e-06	-3.401982e-09	-1.163267e-08	-1.837372e+01	-1.890078e+03
1.260000e-06	-3.347880e-09	-1.152122e-08	-1.808160e+01	-1.872019e+03
1.270000e-06	-3.293556e-09	-1.140854e-08	-1.778833e+01	-1.853661e+03
1.280000e-06	-3.239025e-09	-1.129494e-08	-1.749392e+01	-1.835007e+03
1.290000e-06	-3.184272e-09	-1.117997e-08	-1.719830e+01	-1.816057e+03
1.300000e-06	-3.129293e-09	-1.106268e-08	-1.690149e+01	-1.796811e+03
1.310000e-06	-3.074091e-09	-1.094335e-08	-1.660351e+01	-1.777267e+03
1.320000e-06	-3.018688e-09	-1.082214e-08	-1.630449e+01	-1.757419e+03
1.330000e-06	-2.963125e-09	-1.069849e-08	-1.600459e+01	-1.737260e+03
1.340000e-06	-2.907427e-09	-1.057194e-08	-1.570394e+01	-1.716780e+03
1.350000e-06	-2.851601e-09	-1.044261e-08	-1.540260e+01	-1.695968e+03
1.360000e-06	-2.795632e-09	-1.031076e-08	-1.510047e+01	-1.674809e+03
1.370000e-06	-2.739523e-09	-1.017647e-08	-1.479757e+01	-1.653289e+03
1.380000e-06	-2.683277e-09	-1.004021e-08	-1.449393e+01	-1.631394e+03
1.390000e-06	-2.626852e-09	-9.902432e-09	-1.418934e+01	-1.609108e+03
1.400000e-06	-2.570233e-09	-9.763097e-09	-1.388368e+01	-1.586419e+03
1.410000e-06	-2.513392e-09	-9.621801e-09	-1.357679e+01	-1.563312e+03
1.420000e-06	-2.456282e-09	-9.478230e-09	-1.326839e+01	-1.539778e+03
1.430000e-06	-2.398886e-09	-9.331867e-09	-1.295841e+01	-1.515807e+03
1.440000e-06	-2.341198e-09	-9.182024e-09	-1.264686e+01	-1.491391e+03
1.450000e-06	-2.283224e-09	-9.028287e-09	-1.233380e+01	-1.466524e+03
1.460000e-06	-2.224956e-09	-8.870724e-09	-1.201919e+01	-1.441199e+03
1.470000e-06	-2.166405e-09	-8.709531e-09	-1.170307e+01	-1.415412e+03
1.480000e-06	-2.107589e-09	-8.545492e-09	-1.138555e+01	-1.389154e+03
1.490000e-06	-2.048535e-09	-8.379683e-09	-1.106677e+01	-1.362418e+03
1.500000e-06	-1.989311e-09	-8.211905e-09	-1.074705e+01	-1.335195e+03
1.510000e-06	-1.929965e-09	-8.041020e-09	-1.042664e+01	-1.307471e+03
1.520000e-06	-1.870505e-09	-7.866574e-09	-1.010567e+01	-1.279233e+03
1.530000e-06	-1.810958e-09	-7.688100e-09	-9.784252e+00	-1.250463e+03
1.540000e-06	-1.751337e-09	-7.505956e-09	-9.462427e+00	-1.221143e+03
1.550000e-06	-1.691640e-09	-7.320656e-09	-9.140185e+00	-1.191251e+03
1.560000e-06	-1.631874e-09	-7.131953e-09	-8.817568e+00	-1.160767e+03
1.570000e-06	-1.572039e-09	-6.939926e-09	-8.494608e+00	-1.129667e+03
1.580000e-06	-1.512135e-09	-6.744563e-09	-8.171278e+00	-1.097931e+03
1.590000e-06	-1.452164e-09	-6.544999e-09	-7.847552e+00	-1.065537e+03
1.600000e-06	-1.392119e-09	-6.340592e-09	-7.523385e+00	-1.032466e+03
1.610000e-06	-1.331973e-09	-6.131498e-09	-7.198663e+00	-9.987005e+02
1.620000e-06	-1.271716e-09	-5.917775e-09	-6.873350e+00	-9.642237e+02
1.630000e-06	-1.211366e-09	-5.699675e-09	-6.547520e+00	-9.290209e+02
1.640000e-06	-1.150950e-09	-5.477131e-09	-6.221234e+00	-8.930780e+02
1.650000e-06	-1.090484e-09	-5.249744e-09	-5.894690e+00	-8.563813e+02
1.660000e-06	-1.029978e-09	-5.017606e-09	-5.568031e+00	-8.189166e+02
1.670000e-06	-9.694292e-10	-4.780886e-09	-5.241149e+00	-7.806682e+02
1.680000e-06	-9.088201e-10	-4.539796e-09	-4.913942e+00	-7.416192e+02
1.690000e-06	-8.481393e-10	-4.293788e-09	-4.586366e+00	-7.017503e+02
1.700000e-06	-7.873994e-10	-4.041478e-09	-4.258471e+00	-6.610403e+02
1.710000e-06	-7.265982e-10	-3.782697e-09	-3.930247e+00	-6.194664e+02
1.720000e-06	-6.657314e-10	-3.518636e-09	-3.601646e+00	-5.770055e+02
1.730000e-06	-6.048065e-10	-3.249927e-09	-3.272667e+00	-5.336350e+02
1.740000e-06	-5.438255e-10	-2.975962e-09	-2.943379e+00	-4.893353e+02
1.750000e-06	-4.827846e-10	-2.695835e-09	-2.613828e+00	-4.440915e+02
1.760000e-06	-4.216872e-10	-2.409575e-09	-2.283984e+00	-3.978963e+02
1.770000e-06	-3.605670e-10	-2.118126e-09	-1.953966e+00	-3.507523e+02
1.780000e-06	-2.994234e-10	-1.821601e-09	-1.623780e+00	-3.026747e+02
1.790000e-06	-2.382600e-10	-1.519563e-09	-1.293543e+00	-2.536932e+02
1.800000e-06	-1.771009e-10	-1.211900e-09	-9.633488e-01	-2.038540e+02
1.810000e-06	-1.159534e-10	-8.991166e-10	-6.331461e-01	-1.532211e+02
1.820000e-06	-5.479938e-11	-5.822247e-10	-3.028603e-01	-1.018764e+02
1.830000e-06	6.356897e-12	-2.619967e-10	2.747280e-02	-4.991950e+01
1.840000e-06	6.749352e-11	6.158301e-11	3.576972e-01	2.533416e+00
1.850000e-06	1.286306e-10	3.885179e-10	6.878782e-01	5.535163e+01
1.860000e-06	1.897737e-10	7.172691e-10	1.018022e+00	1.083927e+02
1.870000e-06	2.509040e-10	1.045811e-09	1.348096e+00	1.615056e+02
1.880000e-06	3.120340e-10	1.373202e-09	1.678189e+00	2.145348e+02
1.890000e-06	3.731492e-10	1.698580e-09	2.008217e+00	2.673243e+02
1.900000e-06	4.342308e-10	2.021054e-09	2.338066e+00	3.197212e+02
1.910000e-06	4.952873e-10	2.340093e-09	2.667751e+00	3.715801e+02
1.920000e-06	5.562868e-10	2.654986e-09	2.997117e+00	4.227668e+02
1.930000e-06	6.172191e-10	2.964767e-09	3.326117e+00	4.731606e+02
1.940000e-06	6.780851e-10	3.268516e-09	3.654795e+00	5.226572e+02
1.950000e-06	7.388797e-10	3.565838e-09	3.983092e+00	5.711701e+02
1.960000e-06	7.996183e-10	3.856568e-09	4.311072e+00	6.186314e+02
1.970000e-06	8.603051e-10	4.140218e-09	4.638794e+00	6.649918e+02
1.980000e-06	9.209395e-10	4.416369e-09	4.966244e+00	7.102199e+02
1.990000e-06	9.815143e-10	4.685727e-09	5.293337e+00	7.543009e+02
2.000000e-06	1.042010e-09	4.949428e-09	5.619977e+00	7.972348e+02
2.010000e-06	1.102437e-09	5.207347e-09	5.946243e+00	8.390341e+02
2.020000e-06	1.162811e-09	5.458298e-09	6.272207e+00	8.797214e+02
2.030000e-06	1.223119e-09	5.701548e-09	6.597812e+00	9.193271e+02
2.040000e-06	1.283354e-09	5.937847e-09	6.922994e+00	9.578871e+02
2.050000e-06	1.343501e-09	6.168140e-09	7.247727e+00	9.954403e+02
2.060000e-06	1.403560e-09	6.392110e-09	7.572001e+00	1.032027e+03
2.070000e-06	1.463547e-09	6.609967e-09	7.895828e+00	1.067688e+03
2.080000e-06	1.523467e-09	6.822743e-09	8.219294e+00	1.102460e+03
2.090000e-06	1.583311e-09	7.030786e-09	8.542374e+00	1.136382e+03
2.100000e-06	1.643074e-09	7.233809e-09	8.865024e+00	1.169485e+03
2.110000e-06	1.702775e-09	7.431690e-09	9.187319e+00	1.201802e+03
2.120000e-06	1.762403e-09	7.624796e-09	9.509234e+00	1.233360e+03
2.130000e-06	1.821954e-09	7.813473e-09	9.830765e+00	1.264184e+03
2.140000e-06	1.881434e-09	7.998273e-09	1.015190e+01	1.294297e+03
2.150000e-06	1.940804e-09	8.179450e-09	1.047242e+01	1.323722e+03
2.160000e-06	2.000024e-09	8.356598e-09	1.079218e+01	1.352477e+03
2.170000e-06	2.059090e-09	8.529551e-09	1.111111e+01	1.380583e+03
2.180000e-06	2.117971e-09	8.698545e-09	1.142905e+01	1.408057e+03
2.190000e-06	2.176624e-09	8.863948e-09	1.174581e+01	1.434919e+03
2.200000e-06	2.235029e-09	9.025903e-09	1.206118e+01	1.461188e+03
2.210000e-06	2.293149e-09	9.184465e-09	1.237497e+01	1.486882e+03
2.220000e-06	2.350940e-09	9.339519e-09	1.268701e+01	1.512021e+03
2.230000e-06	2.408409e-09	9.490577e-09	1.299735e+01	1.536626e+03
2.240000e-06	2.465589e-09	9.637651e-09	1.330611e+01	1.560715e+03
2.250000e-06	2.522492e-09	9.781609e-09	1.361335e+01	1.584309e+03
2.260000e-06	2.579131e-09	9.922793e-09	1.391919e+01	1.607429e+03
2.270000e-06	2.635553e-09	1.006071e-08	1.422386e+01	1.630095e+03
2.280000e-06	2.691793e-09	1.019608e-08	1.452755e+01	1.652325e+03
2.290000e-06	2.747876e-09	1.033034e-08	1.483034e+01	1.674139e+03
2.300000e-06	2.803822e-09	1.046345e-08	1.513233e+01	1.695553e+03
2.310000e-06	2.859635e-09	1.059428e-08	1.543360e+01	1.716584e+03
2.320000e-06	2.915316e-09	1.072219e-08	1.573419e+01	1.737247e+03
2.330000e-06	2.970847e-09	1.084670e-08	1.603398e+01	1.757552e+03
2.340000e-06	3.026208e-09	1.096750e-08	1.633286e+01	1.777512e+03
2.350000e-06	3.081391e-09	1.108580e-08	1.663080e+01	1.797133e+03
2.360000e-06	3.136363e-09	1.120268e-08	1.692762e+01	1.816423e+03
2.370000e-06	3.191096e-09	1.131802e-08	1.722321e+01	1.835386e+03
2.380000e-06	3.245602e-09	1.143185e-08	1.751758e+01	1.854026e+03
2.390000e-06	3.299876e-09	1.154455e-08	1.781063e+01	1.872344e+03
2.400000e-06	3.353930e-09	1.165583e-08	1.810243e+01	1.890341e+03
2.410000e-06	3.407778e-09	1.176496e-08	1.839311e+01	1.908021e+03
2.420000e-06	3.461404e-09	1.187205e-08	1.868266e+01	1.925383e+03
2.430000e-06	3.514807e-09	1.197739e-08	1.897107e+01	1.942431e+03
2.440000e-06	3.567962e-09	1.208087e-08	1.925811e+01	1.959169e+03
2.450000e-06	3.620828e-09	1.218280e-08	1.954356e+01	1.975603e+03
2.460000e-06	3.673400e-09	1.228341e-08	1.982742e+01	1.991740e+03
2.470000e-06	3.725693e-09	1.238215e-08	2.010975e+01	2.007590e+03
2.480000e-06	3.777717e-09	1.247833e-08	2.039065e+01	2.023163e+03
2.490000e-06	3.829463e-09	1.257192e-08	2.067007e+01	2.038471e+03
2.500000e-06	3.880896e-09	1.266336e-08	2.094781e+01	2.053527e+03
2.510000e-06	3.931988e-09	1.275312e-08	2.122376e+01	2.068344e+03
2.520000e-06	3.982711e-09	1.284161e-08	2.149773e+01	2.082933e+03
2.530000e-06	4.032979e-09	1.292946e-08	2.176929e+01	2.097307e+03
2.540000e-06	4.082734e-09	1.301667e-08	2.203812e+01	2.111474e+03
2.550000e-06	4.132013e-09	1.310245e-08	2.230435e+01	2.125441e+03
2.560000e-06	4.180861e-09	1.318684e-08	2.256820e+01	2.139213e+03
2.570000e-06	4.229307e-09	1.327010e-08	2.282990e+01	2.152792e+03
2.580000e-06	4.277437e-09	1.335203e-08	2.308983e+01	2.166177e+03
2.590000e-06	4.325333e-09	1.343251e-08	2.334842e+01	2.179367e+03
2.600000e-06	4.373018e-09	1.351223e-08	2.360590e+01	2.192358e+03
2.610000e-06	4.420468e-09	1.359143e-08	2.386216e+01	2.205144e+03
2.620000e-06	4.467635e-09	1.366952e-08	2.411690e+01	2.217721e+03
2.630000e-06	4.514462e-09	1.374641e-08	2.436988e+01	2.230086e+03
2.640000e-06	4.560924e-09	1.382146e-08	2.462094e+01	2.242235e+03
2.650000e-06	4.607043e-09	1.389403e-08	2.487013e+01	2.254169e+03
2.660000e-06	4.652863e-09	1.396494e-08	2.511763e+01	2.265890e+03
2.670000e-06	4.698390e-09	1.403485e-08	2.536354e+01	2.277404e+03
2.680000e-06	4.743616e-09	1.410343e-08	2.560790e+01	2.288717e+03
2.690000e-06	4.788525e-09	1.417069e-08	2.585061e+01	2.299839e+03
2.700000e-06	4.833096e-09	1.423755e-08	2.609147e+01	2.310784e+03
2.710000e-06	4.877357e-09	1.430408e-08	2.633057e+01	2.321563e+03
2.720000e-06	4.921356e-09	1.436962e-08	2.656819e+01	2.332190e+03
2.730000e-06	4.965143e-09	1.443384e-08	2.680469e+01	2.342677e+03
2.740000e-06	5.008721e-09	1.449666e-08	2.704008e+01	2.353035e+03
2.750000e-06	5.052000e-09	1.455885e-08	2.727394e+01	2.363272e+03
2.760000e-06	5.094842e-09	1.462073e-08	2.750558e+01	2.373394e+03
2.770000e-06	5.137131e-09	1.468141e-08	2.773429e+01	2.383403e+03
2.780000e-06	5.178797e-09	1.474088e-08	2.795964e+01	2.393297e+03
2.790000e-06	5.219829e-09	1.480018e-08	2.818155e+01	2.403072e+03
2.800000e-06	5.260345e-09	1.485956e-08	2.840055e+01	2.412720e+03
2.810000e-06	5.300493e-09	1.491838e-08	2.861738e+01	2.422232e+03
2.820000e-06	5.340368e-09	1.497621e-08	2.883270e+01	2.431597e+03
2.830000e-06	5.380014e-09	1.503263e-08	2.904682e+01	2.440803e+03
2.840000e-06	5.419391e-09	1.508781e-08	2.925956e+01	2.449841e+03
2.850000e-06	5.458421e-09	1.514245e-08	2.947048e+01	2.458699e+03
2.860000e-06	5.497055e-09	1.519662e-08	2.967926e+01	2.467371e+03
2.870000e-06	5.535270e-09	1.524960e-08	2.988574e+01	2.475853e+03
2.880000e-06	5.573066e-09	1.530047e-08	3.008998e+01	2.484142e+03
2.890000e-06	5.610467e-09	1.534970e-08	3.029208e+01	2.492240e+03
2.900000e-06	5.647470e-09	1.539824e-08	3.049200e+01	2.500151e+03
2.910000e-06	5.684059e-09	1.544664e-08	3.068966e+01	2.507883e+03
2.920000e-06	5.720275e-09	1.549472e-08	3.088525e+01	2.515444e+03
2.930000e-06	5.756201e-09	1.554137e-08	3.107928e+01	2.522845e+03
2.940000e-06	5.791893e-09	1.558621e-08	3.127205e+01	2.530096e+03
2.950000e-06	5.827330e-09	1.563020e-08	3.146347e+01	2.537209e+03
2.960000e-06	5.862396e-09	1.567366e-08	3.165297e+01	2.544193e+03
2.970000e-06	5.896921e-09	1.571618e-08	3.183965e+01	2.551058e+03
2.980000e-06	5.930758e-09	1.575761e-08	3.202273e+01	2.557811e+03
2.990000e-06	5.963873e-09	1.579833e-08	3.220191e+01	2.564458e+03
3.000000e-06	5.996385e-09	1.583896e-08	3.237771e+01	2.571004e+03
3.010000e-06	6.028481e-09	1.587943e-08	3.255111e+01	2.577452e+03
3.020000e-06	6.060284e-09	1.591919e-08	3.272287e+01	2.583802e+03
3.030000e-06	6.091797e-09	1.595771e-08	3.289308e+01	2.590055e+03
3.040000e-06	6.122937e-09	1.599484e-08	3.306139e+01	2.596211e+03
3.050000e-06	6.153623e-09	1.603127e-08	3.322732e+01	2.602269e+03
3.060000e-06	6.183850e-09	1.606771e-08	3.339074e+01	2.608229e+03
3.070000e-06	6.213650e-09	1.610421e-08	3.355181e+01	2.614090e+03
3.080000e-06	6.243018e-09	1.614014e-08	3.371058e+01	2.619852e+03
3.090000e-06	6.271950e-09	1.617491e-08	3.386693e+01	2.625515e+03
3.100000e-06	6.300470e-09	1.620846e-08	3.402104e+01	2.631078e+03
3.110000e-06	6.328637e-09	1.624152e-08	3.417320e+01	2.636540e+03
3.120000e-06	6.356516e-09	1.627448e-08	3.432373e+01	2.641902e+03
3.130000e-06	6.384104e-09	1.630650e-08	3.447273e+01	2.647161e+03
3.140000e-06	6.411312e-09	1.633778e-08	3.461976e+01	2.652315e+03
3.150000e-06	6.437960e-09	1.636931e-08	3.476385e+01	2.657360e+03
3.160000e-06	6.463860e-09	1.640065e-08	3.490394e+01	2.662293e+03
3.170000e-06	6.488969e-09	1.643071e-08	3.503978e+01	2.667109e+03
3.180000e-06	6.513421e-09	1.645960e-08	3.517199e+01	2.671803e+03
3.190000e-06	6.537404e-09	1.648778e-08	3.530155e+01	2.676370e+03
3.200000e-06	6.561014e-09	1.651488e-08	3.542906e+01	2.680805e+03
3.210000e-06	6.584221e-09	1.654095e-08	3.555444e+01	2.685104e+03
3.220000e-06	6.606967e-09	1.656640e-08	3.567740e+01	2.689264e+03
3.230000e-06	6.629251e-09	1.659114e-08	3.579785e+01	2.693284e+03
3.240000e-06	6.651107e-09	1.661505e-08	3.591594e+01	2.697165e+03
3.250000e-06	6.672528e-09	1.663838e-08	3.603165e+01	2.700909e+03
3.260000e-06	6.693471e-09	1.666104e-08	3.614477e+01	2.704521e+03
3.270000e-06	6.713931e-09	1.668267e-08	3.625528e+01	2.708008e+03
3.280000e-06	6.733997e-09	1.670314e-08	3.636361e+01	2.711377e+03
3.290000e-06	6.753763e-09	1.672247e-08	3.647029e+01	2.714638e+03
3.300000e-06	6.773205e-09	1.674147e-08	3.657528e+01	2.717798e+03
3.310000e-06	6.792213e-09	1.676033e-08	3.667799e+01	2.720867e+03
3.320000e-06	6.810689e-09	1.677834e-08	3.677787e+01	2.723855e+03
3.330000e-06	6.828608e-09	1.679555e-08	3.687478e+01	2.726766e+03
3.340000e-06	6.846053e-09	1.681224e-08	3.696910e+01	2.729608e+03
3.350000e-06	6.863116e-09	1.682834e-08	3.706124e+01	2.732385e+03
3.360000e-06	6.879771e-09	1.684383e-08	3.715119e+01	2.735097e+03
3.370000e-06	6.895921e-09	1.685847e-08	3.723849e+01	2.737746e+03
3.380000e-06	6.911449e-09	1.687193e-08	3.732250e+01	2.740330e+03
3.390000e-06	6.926299e-09	1.688504e-08	3.740282e+01	2.742847e+03
3.400000e-06	6.940514e-09	1.689884e-08	3.747971e+01	2.745293e+03
3.410000e-06	6.954183e-09	1.691325e-08	3.755362e+01	2.747664e+03
3.420000e-06	6.967317e-09	1.692744e-08	3.762462e+01	2.749958e+03
3.430000e-06	6.979925e-09	1.694094e-08	3.769274e+01	2.752170e+03
3.440000e-06	6.992047e-09	1.695349e-08	3.775825e+01	2.754300e+03
3.450000e-06	7.003699e-09	1.696491e-08	3.782128e+01	2.756346e+03
3.460000e-06	7.014830e-09	1.697557e-08	3.788154e+01	2.758308e+03
3.470000e-06	7.025282e-09	1.698618e-08	3.793821e+01	2.760186e+03
3.480000e-06	7.034923e-09	1.699679e-08	3.799054e+01	2.761983e+03
3.490000e-06	7.043784e-09	1.700731e-08	3.803863e+01	2.763701e+03
3.500000e-06	7.052066e-09	1.701781e-08	3.808343e+01	2.765341e+03
3.510000e-06	7.059966e-09	1.702805e-08	3.812608e+01	2.766905e+03
3.520000e-06	7.067524e-09	1.703769e-08	3.816689e+01	2.768394e+03
3.530000e-06	7.074642e-09	1.704632e-08	3.820537e+01	2.769809e+03
3.540000e-06	7.081246e-09	1.705381e-08	3.824110e+01	2.771147e+03
3.550000e-06	7.087338e-09	1.706050e-08	3.827409e+01	2.772407e+03
3.560000e-06	7.092920e-09	1.706693e-08	3.830432e+01	2.773584e+03
3.570000e-06	7.097970e-09	1.707297e-08	3.833167e+01	2.774674e+03
3.580000e-06	7.102518e-09	1.707867e-08	3.835627e+01	2.775671e+03
3.590000e-06	7.106651e-09	1.708451e-08	3.837856e+01	2.776570e+03
3.600000e-06	7.110450e-09	1.709049e-08	3.839901e+01	2.777364e+03
3.610000e-06	7.113915e-09	1.709597e-08	3.841766e+01	2.778049e+03
3.620000e-06	7.116882e-09	1.710054e-08	3.843377e+01	2.778620e+03
3.630000e-06	7.119153e-09	1.710376e-08	3.844622e+01	2.779074e+03
3.640000e-06	7.120638e-09	1.710521e-08	3.845439e+01	2.779409e+03
3.650000e-06	7.121404e-09	1.710565e-08	3.845870e+01	2.779625e+03
3.660000e-06	7.121620e-09	1.710635e-08	3.845998e+01	2.779723e+03
3.670000e-06	7.121443e-09	1.710702e-08	3.845906e+01	2.779706e+03
3.680000e-06	7.120909e-09	1.710689e-08	3.845621e+01	2.779577e+03
3.690000e-06	7.119946e-09	1.710627e-08	3.845109e+01	2.779342e+03
3.700000e-06	7.118489e-09	1.710479e-08	3.844331e+01	2.779003e+03
3.710000e-06	7.116559e-09	1.710203e-08	3.843296e+01	2.778567e+03
3.720000e-06	7.114199e-09	1.709814e-08	3.842030e+01	2.778037e+03
3.730000e-06	7.111387e-09	1.709274e-08	3.840519e+01	2.777417e+03
3.740000e-06	7.108091e-09	1.708648e-08	3.838749e+01	2.776709e+03
3.750000e-06	7.104320e-09	1.708357e-08	3.836719e+01	2.775917e+03
3.760000e-06	7.099964e-09	1.708558e-08	3.834368e+01	2.775040e+03
3.770000e-06	7.094729e-09	1.707689e-08	3.831549e+01	2.774081e+03
3.780000e-06	7.088617e-09	1.705270e-08	3.828272e+01	2.773037e+03
3.790000e-06	7.082114e-09	1.705330e-08	3.824791e+01	2.771910e+03
3.800000e-06	7.075509e-09	1.707192e-08	3.821246e+01	2.770699e+03
3.810000e-06	7.068495e-09	1.705386e-08	3.817474e+01	2.769404e+03
3.820000e-06	7.060809e-09	1.701645e-08	3.813342e+01	2.768026e+03
3.830000e-06	7.052625e-09	1.701950e-08	3.808938e+01	2.766566e+03
3.840000e-06	7.044154e-09	1.704671e-08	3.804366e+01	2.765027e+03
3.850000e-06	7.035269e-09	1.702217e-08	3.799559e+01	2.763410e+03
3.860000e-06	7.025733e-09	1.696972e-08	3.794409e+01	2.761720e+03
3.870000e-06	7.015663e-09	1.697766e-08	3.788977e+01	2.759960e+03
3.880000e-06	7.005254e-09	1.701071e-08	3.783357e+01	2.758134e+03
3.890000e-06	6.994385e-09	1.697565e-08	3.777490e+01	2.756245e+03
3.900000e-06	6.982869e-09	1.692289e-08	3.771280e+01	2.754297e+03
3.910000e-06	6.970780e-09	1.694631e-08	3.764767e+01	2.752290e+03
3.920000e-06	6.958159e-09	1.697303e-08	3.757965e+01	2.750226e+03
3.930000e-06	6.944752e-09	1.692171e-08	3.750737e+01	2.748103e+03
3.940000e-06	6.930421e-09	1.688455e-08	3.743022e+01	2.745919e+03
3.950000e-06	6.915430e-09	1.691994e-08	3.734946e+01	2.743670e+03
3.960000e-06	6.899972e-09	1.691683e-08	3.726605e+01	2.741350e+03
3.970000e-06	6.884020e-09	1.685270e-08	3.717998e+01	2.738952e+03
3.980000e-06	6.867669e-09	1.684797e-08	3.709179e+01	2.736468e+03
3.990000e-06	6.850968e-09	1.687979e-08	3.700168e+01	2.733891e+03
4.000000e-06	6.833792e-09	1.683722e-08	3.690899e+01	2.731211e+03
4.010000e-06	6.816074e-09	1.679023e-08	3.681340e+01	2.728420e+03
4.020000e-06	6.797875e-09	1.681968e-08	3.671517e+01	2.725509e+03
4.030000e-06	6.779216e-09	1.681917e-08	3.661447e+01	2.722471e+03
4.040000e-06	6.760071e-09	1.675369e-08	3.651118e+01	2.719302e+03
4.050000e-06	6.740482e-09	1.674369e-08	3.640550e+01	2.715995e+03
4.060000e-06	6.720532e-09	1.676802e-08	3.629781e+01	2.712548e+03
4.070000e-06	6.700231e-09	1.671957e-08	3.618817e+01	2.708960e+03
4.080000e-06	6.679501e-09	1.666921e-08	3.607629e+01	2.705230e+03
4.090000e-06	6.658220e-09	1.668175e-08	3.596150e+01	2.701360e+03
4.100000e-06	6.636216e-09	1.666134e-08	3.584288e+01	2.697352e+03
4.110000e-06	6.613418e-09	1.660206e-08	3.572002e+01	2.693210e+03
4.120000e-06	6.589981e-09	1.659392e-08	3.559361e+01	2.688937e+03
4.130000e-06	6.566101e-09	1.658831e-08	3.546470e+01	2.684538e+03
4.140000e-06	6.541890e-09	1.653256e-08	3.533397e+01	2.680017e+03
4.150000e-06	6.517347e-09	1.650143e-08	3.520146e+01	2.675378e+03
4.160000e-06	6.492376e-09	1.649797e-08	3.506663e+01	2.670625e+03
4.170000e-06	6.466924e-09	1.645585e-08	3.492923e+01	2.665762e+03
4.180000e-06	6.441004e-09	1.641404e-08	3.478937e+01	2.660790e+03
4.190000e-06	6.414617e-09	1.640160e-08	3.464698e+01	2.655712e+03
4.200000e-06	6.387743e-09	1.636690e-08	3.450197e+01	2.650528e+03
4.210000e-06	6.360388e-09	1.632192e-08	3.435433e+01	2.645237e+03
4.220000e-06	6.332623e-09	1.630184e-08	3.420440e+01	2.639840e+03
4.230000e-06	6.304538e-09	1.626992e-08	3.405275e+01	2.634335e+03
4.240000e-06	6.276163e-09	1.622262e-08	3.389962e+01	2.628719e+03
4.250000e-06	6.247405e-09	1.619391e-08	3.374446e+01	2.622990e+03
4.260000e-06	6.218106e-09	1.616368e-08	3.358648e+01	2.617146e+03
4.270000e-06	6.188157e-09	1.611939e-08	3.342504e+01	2.611183e+03
4.280000e-06	6.157502e-09	1.608470e-08	3.325977e+01	2.605098e+03
4.290000e-06	6.126200e-09	1.604995e-08	3.309094e+01	2.598889e+03
4.300000e-06	6.094406e-09	1.600516e-08	3.291933e+01	2.592553e+03
4.310000e-06	6.062251e-09	1.596831e-08	3.274573e+01	2.586087e+03
4.320000e-06	6.029750e-09	1.593226e-08	3.257028e+01	2.579490e+03
4.330000e-06	5.996868e-09	1.588603e-08	3.239278e+01	2.572759e+03
4.340000e-06	5.963568e-09	1.584318e-08	3.221305e+01	2.565894e+03
4.350000e-06	5.929847e-09	1.580320e-08	3.203102e+01	2.558893e+03
4.360000e-06	5.895736e-09	1.575789e-08	3.184679e+01	2.551755e+03
4.370000e-06	5.861211e-09	1.571439e-08	3.166037e+01	2.544479e+03
4.380000e-06	5.826252e-09	1.567112e-08	3.147168e+01	2.537065e+03
4.390000e-06	5.790891e-09	1.562280e-08	3.128078e+01	2.529513e+03
4.400000e-06	5.755183e-09	1.557573e-08	3.108794e+01	2.521820e+03
4.410000e-06	5.719180e-09	1.553002e-08	3.089351e+01	2.513988e+03
4.420000e-06	5.682918e-09	1.548027e-08	3.069764e+01	2.506015e+03
4.430000e-06	5.646332e-09	1.542954e-08	3.050004e+01	2.497900e+03
4.440000e-06	5.609269e-09	1.537940e-08	3.029992e+01	2.489644e+03
4.450000e-06	5.571604e-09	1.532844e-08	3.009657e+01	2.481245e+03
4.460000e-06	5.533240e-09	1.527732e-08	2.988951e+01	2.472702e+03
4.470000e-06	5.494220e-09	1.522485e-08	2.967891e+01	2.464016e+03
4.480000e-06	5.454701e-09	1.516963e-08	2.946552e+01	2.455186e+03
4.490000e-06	5.414805e-09	1.511334e-08	2.925005e+01	2.446212e+03
4.500000e-06	5.374618e-09	1.505664e-08	2.903298e+01	2.437093e+03
4.510000e-06	5.334163e-09	1.499991e-08	2.881445e+01	2.427828e+03
4.520000e-06	5.293419e-09	1.494307e-08	2.859437e+01	2.418417e+03
4.530000e-06	5.252315e-09	1.488436e-08	2.837242e+01	2.408860e+03
4.540000e-06	5.210851e-09	1.482431e-08	2.814850e+01	2.399153e+03
4.550000e-06	5.169057e-09	1.476477e-08	2.792274e+01	2.389297e+03
4.560000e-06	5.126918e-09	1.470392e-08	2.769512e+01	2.379287e+03
4.570000e-06	5.084429e-09	1.464038e-08	2.746568e+01	2.369120e+03
4.580000e-06	5.041567e-09	1.457581e-08	2.723421e+01	2.358793e+03
4.590000e-06	4.998308e-09	1.451060e-08	2.700054e+01	2.348301e+03
4.600000e-06	4.954701e-09	1.444409e-08	2.676503e+01	2.337638e+03
4.610000e-06	4.910808e-09	1.437721e-08	2.652799e+01	2.326799e+03
4.620000e-06	4.866670e-09	1.431054e-08	2.628960e+01	2.315778e+03
4.630000e-06	4.822310e-09	1.424205e-08	2.605003e+01	2.304570e+03
4.640000e-06	4.777696e-09	1.417130e-08	2.580905e+01	2.293170e+03
4.650000e-06	4.732760e-09	1.409986e-08	2.556637e+01	2.281575e+03
4.660000e-06	4.687471e-09	1.402764e-08	2.532184e+01	2.269781e+03
4.670000e-06	4.641831e-09	1.395358e-08	2.507544e+01	2.257786e+03
4.680000e-06	4.595862e-09	1.387806e-08	2.482724e+01	2.245589e+03
4.690000e-06	4.549576e-09	1.380170e-08	2.457732e+01	2.233193e+03
4.700000e-06	4.502999e-09	1.372454e-08	2.432583e+01	2.220597e+03
4.710000e-06	4.456158e-09	1.364640e-08	2.407290e+01	2.207806e+03
4.720000e-06	4.409049e-09	1.356700e-08	2.381860e+01	2.194821e+03
4.730000e-06	4.361641e-09	1.348528e-08	2.356265e+01	2.181647e+03
4.740000e-06	4.313886e-09	1.340157e-08	2.330481e+01	2.168285e+03
4.750000e-06	4.265740e-09	1.331703e-08	2.304490e+01	2.154737e+03
4.760000e-06	4.217158e-09	1.323196e-08	2.278266e+01	2.141002e+03
4.770000e-06	4.168158e-09	1.314625e-08	2.251809e+01	2.127079e+03
4.780000e-06	4.118792e-09	1.305984e-08	2.225150e+01	2.112965e+03
4.790000e-06	4.069079e-09	1.297193e-08	2.198303e+01	2.098652e+03
4.800000e-06	4.019048e-09	1.288199e-08	2.171278e+01	2.084133e+03
4.810000e-06	3.968716e-09	1.279035e-08	2.144095e+01	2.069397e+03
4.820000e-06	3.918099e-09	1.269772e-08	2.116761e+01	2.054434e+03
4.830000e-06	3.867186e-09	1.260450e-08	2.089262e+01	2.039231e+03
4.840000e-06	3.815947e-09	1.251041e-08	2.061587e+01	2.023775e+03
4.850000e-06	3.764399e-09	1.241491e-08	2.033747e+01	2.008055e+03
4.860000e-06	3.712574e-09	1.231711e-08	2.005756e+01	1.992059e+03
4.870000e-06	3.660480e-09	1.221652e-08	1.977624e+01	1.975779e+03
4.880000e-06	3.608111e-09	1.211389e-08	1.949349e+01	1.959205e+03
4.890000e-06	3.555455e-09	1.200966e-08	1.920923e+01	1.942333e+03
4.900000e-06	3.502513e-09	1.190343e-08	1.892341e+01	1.925160e+03
4.910000e-06	3.449241e-09	1.179517e-08	1.863585e+01	1.907685e+03
4.920000e-06	3.395595e-09	1.168541e-08	1.834634e+01	1.889908e+03
4.930000e-06	3.341557e-09	1.157425e-08	1.805475e+01	1.871830e+03
4.940000e-06	3.287141e-09	1.146076e-08	1.776110e+01	1.853454e+03
4.950000e-06	3.232370e-09	1.134507e-08	1.746549e+01	1.834781e+03
4.960000e-06	3.177263e-09	1.122786e-08	1.716801e+01	1.815814e+03
4.970000e-06	3.121850e-09	1.110901e-08	1.686881e+01	1.796549e+03
4.980000e-06	3.066184e-09	1.098872e-08	1.656820e+01	1.776987e+03
4.990000e-06	3.010319e-09	1.086734e-08	1.626653e+01	1.757120e+03
5.000000e-06	2.954280e-09	1.074399e-08	1.596388e+01	1.736941e+03
5.010000e-06	2.898071e-09	1.061762e-08	1.566028e+01	1.716441e+03
5.020000e-06	2.841714e-09	1.048818e-08	1.535588e+01	1.695608e+03
5.030000e-06	2.785213e-09	1.035597e-08	1.505070e+01	1.674428e+03
5.040000e-06	2.728550e-09	1.022097e-08	1.474465e+01	1.652886e+03
5.050000e-06	2.671742e-09	1.008387e-08	1.443783e+01	1.630967e+03
5.060000e-06	2.614765e-09	9.945559e-09	1.413012e+01	1.608657e+03
5.070000e-06	2.557607e-09	9.805555e-09	1.382144e+01	1.585941e+03
5.080000e-06	2.500272e-09	9.663175e-09	1.351181e+01	1.562809e+03
5.090000e-06	2.442758e-09	9.518612e-09	1.320119e+01	1.539248e+03
5.100000e-06	2.385084e-09	9.372182e-09	1.288968e+01	1.515250e+03
5.110000e-06	2.327231e-09	9.223366e-09	1.257722e+01	1.490807e+03
5.120000e-06	2.269180e-09	9.071167e-09	1.226378e+01	1.465912e+03
5.130000e-06	2.210956e-09	8.915172e-09	1.194941e+01	1.440559e+03
5.140000e-06	2.152572e-09	8.755523e-09	1.163413e+01	1.414743e+03
5.150000e-06	2.094029e-09	8.592821e-09	1.131794e+01	1.388456e+03
5.160000e-06	2.035326e-09	8.427874e-09	1.100089e+01	1.361691e+03
5.170000e-06	1.976486e-09	8.260508e-09	1.068312e+01	1.334437e+03
5.180000e-06	1.917503e-09	8.090254e-09	1.036454e+01	1.306682e+03
5.190000e-06	1.858382e-09	7.916689e-09	1.004522e+01	1.278412e+03
5.200000e-06	1.799151e-09	7.739535e-09	9.725315e+00	1.249609e+03
5.210000e-06	1.739796e-09	7.558731e-09	9.404748e+00	1.220254e+03
5.220000e-06	1.680321e-09	7.373906e-09	9.083552e+00	1.190327e+03
5.230000e-06	1.620746e-09	7.184846e-09	8.761834e+00	1.159805e+03
5.240000e-06	1.561067e-09	6.992438e-09	8.439545e+00	1.128667e+03
5.250000e-06	1.501286e-09	6.797348e-09	8.116665e+00	1.096891e+03
5.260000e-06	1.441429e-09	6.598584e-09	7.793313e+00	1.064456e+03
5.270000e-06	1.381496e-09	6.395259e-09	7.469536e+00	1.031343e+03
5.280000e-06	1.321500e-09	6.187332e-09	7.145426e+00	9.975344e+02
5.290000e-06	1.261452e-09	5.974920e-09	6.821052e+00	9.630135e+02
5.300000e-06	1.201340e-09	5.758119e-09	6.496338e+00	9.277657e+02
5.310000e-06	1.141167e-09	5.537003e-09	6.171296e+00	8.917770e+02
5.320000e-06	1.080951e-09	5.311315e-09	5.846022e+00	8.550337e+02
5.330000e-06	1.020700e-09	5.080476e-09	5.520541e+00	8.175213e+02
5.340000e-06	9.604159e-10	4.844906e-09	5.194852e+00	7.792244e+02
5.350000e-06	9.000934e-10	4.605372e-09	4.868962e+00	7.401257e+02
5.360000e-06	8.397203e-10	4.361253e-09	4.542808e+00	7.002058e+02
5.370000e-06	7.793003e-10	4.111149e-09	4.216406e+00	6.594434e+02
5.380000e-06	7.188433e-10	3.854612e-09	3.889837e+00	6.178158e+02
5.390000e-06	6.583465e-10	3.592069e-09	3.563049e+00	5.752997e+02
5.400000e-06	5.978088e-10	3.324148e-09	3.236028e+00	5.318728e+02
5.410000e-06	5.372279e-10	3.051564e-09	2.908795e+00	4.875155e+02
5.420000e-06	4.765991e-10	2.773678e-09	2.581330e+00	4.422136e+02
5.430000e-06	4.159341e-10	2.489537e-09	2.253657e+00	3.959602e+02
5.440000e-06	3.552439e-10	2.199804e-09	1.925832e+00	3.487587e+02
5.450000e-06	2.945270e-10	1.905259e-09	1.597872e+00	3.006249e+02
5.460000e-06	2.337906e-10	1.605363e-09	1.269821e+00	2.515898e+02
5.470000e-06	1.730652e-10	1.299382e-09	9.417958e-01	2.017005e+02
5.480000e-06	1.123532e-10	9.877952e-10	6.138462e-01	1.510221e+02
5.490000e-06	5.164435e-11	6.716314e-10	2.859991e-01	9.963757e+01
5.500000e-06	-9.048637e-12	3.521094e-10	-4.175665e-02	4.764762e+01
5.510000e-06	-6.974468e-11	2.993006e-11	-3.695719e-01	-4.830638e+00
5.520000e-06	-1.304448e-10	-2.951722e-10	-6.974613e-01	-5.766571e+01
5.530000e-06	-1.911595e-10	-6.224402e-10	-1.025433e+00	-1.107145e+02
5.540000e-06	-2.518911e-10	-9.502869e-10	-1.353464e+00	-1.638258e+02
5.550000e-06	-3.126054e-10	-1.277480e-09	-1.681406e+00	-2.168438e+02
5.560000e-06	-3.732992e-10	-1.603239e-09	-2.009249e+00	-2.696125e+02
5.570000e-06	-4.339715e-10	-1.927040e-09	-2.336971e+00	-3.219796e+02
5.580000e-06	-4.946122e-10	-2.247971e-09	-2.664522e+00	-3.738003e+02
5.590000e-06	-5.552078e-10	-2.564736e-09	-2.991836e+00	-4.249410e+02
5.600000e-06	-6.157599e-10	-2.876036e-09	-3.318921e+00	-4.752820e+02
5.610000e-06	-6.762653e-10	-3.181186e-09	-3.645774e+00	-5.247202e+02
5.620000e-06	-7.367092e-10	-3.480572e-09	-3.972315e+00	-5.731701e+02
5.630000e-06	-7.971010e-10	-3.774136e-09	-4.298555e+00	-6.205650e+02
5.640000e-06	-8.574457e-10	-4.060845e-09	-4.624505e+00	-6.668567e+02
5.650000e-06	-9.177493e-10	-4.340392e-09	-4.950245e+00	-7.120149e+02
5.660000e-06	-9.780230e-10	-4.613193e-09	-5.275849e+00	-7.560256e+02
5.670000e-06	-1.038261e-09	-4.879719e-09	-5.601255e+00	-7.988898e+02
5.680000e-06	-1.098452e-09	-5.139989e-09	-5.926407e+00	-8.406205e+02
5.690000e-06	-1.158597e-09	-5.393133e-09	-6.251330e+00	-8.812409e+02
5.700000e-06	-1.218694e-09	-5.639000e-09	-6.575989e+00	-9.207819e+02
5.710000e-06	-1.278736e-09	-5.878440e-09	-6.900338e+00	-9.592794e+02
5.720000e-06	-1.338711e-09	-6.111802e-09	-7.224304e+00	-9.967727e+02
5.730000e-06	-1.398613e-09	-6.339068e-09	-7.547873e+00	-1.033302e+03
5.740000e-06	-1.458451e-09	-6.560437e-09	-7.871076e+00	-1.068907e+03
5.750000e-06	-1.518199e-09	-6.776267e-09	-8.193784e+00	-1.103627e+03
5.760000e-06	-1.577833e-09	-6.986533e-09	-8.515878e+00	-1.137498e+03
5.770000e-06	-1.637355e-09	-7.191386e-09	-8.837381e+00	-1.170553e+03
5.780000e-06	-1.696762e-09	-7.391352e-09	-9.158268e+00	-1.202822e+03
5.790000e-06	-1.756034e-09	-7.586463e-09	-9.478397e+00	-1.234335e+03
5.800000e-06	-1.815171e-09	-7.776966e-09	-9.797720e+00	-1.265115e+03
5.810000e-06	-1.874197e-09	-7.963524e-09	-1.011639e+01	-1.295186e+03
5.820000e-06	-1.933096e-09	-8.146313e-09	-1.043443e+01	-1.324569e+03
5.830000e-06	-1.991845e-09	-8.325134e-09	-1.075174e+01	-1.353284e+03
5.840000e-06	-2.050459e-09	-8.499853e-09	-1.106832e+01	-1.381351e+03
5.850000e-06	-2.108946e-09	-8.670294e-09	-1.138421e+01	-1.408787e+03
5.860000e-06	-2.167285e-09	-8.836309e-09	-1.169933e+01	-1.435613e+03
5.870000e-06	-2.225442e-09	-8.998469e-09	-1.201343e+01	-1.461846e+03
5.880000e-06	-2.283414e-09	-9.157317e-09	-1.232658e+01	-1.487506e+03
5.890000e-06	-2.341234e-09	-9.312401e-09	-1.263894e+01	-1.512612e+03
5.900000e-06	-2.398868e-09	-9.464117e-09	-1.295021e+01	-1.537184e+03
5.910000e-06	-2.456281e-09	-9.613551e-09	-1.326028e+01	-1.561243e+03
5.920000e-06	-2.513491e-09	-9.760792e-09	-1.356928e+01	-1.584808e+03
5.930000e-06	-2.570509e-09	-9.905222e-09	-1.387724e+01	-1.607899e+03
5.940000e-06	-2.627362e-09	-1.004623e-08	-1.418426e+01	-1.630538e+03
5.950000e-06	-2.684049e-09	-1.018400e-08	-1.449043e+01	-1.652742e+03
5.960000e-06	-2.740580e-09	-1.031936e-08	-1.479579e+01	-1.674531e+03
5.970000e-06	-2.796981e-09	-1.045334e-08	-1.510047e+01	-1.695922e+03
5.980000e-06	-2.853255e-09	-1.058570e-08	-1.540452e+01	-1.716930e+03
5.990000e-06	-2.909397e-09	-1.071506e-08	-1.570786e+01	-1.737570e+03
6.000000e-06	-2.965395e-09	-1.084117e-08	-1.601041e+01	-1.757854e+03
6.010000e-06	-3.021223e-09	-1.096457e-08	-1.631197e+01	-1.777793e+03
6.020000e-06	-3.076834e-09	-1.108585e-08	-1.661228e+01	-1.797394e+03
6.030000e-06	-3.132212e-09	-1.120528e-08	-1.691134e+01	-1.816664e+03
6.040000e-06	-3.187306e-09	-1.132265e-08	-1.720881e+01	-1.835607e+03
6.050000e-06	-3.242041e-09	-1.143834e-08	-1.750426e+01	-1.854227e+03
6.060000e-06	-3.296387e-09	-1.155301e-08	-1.779756e+01	-1.872525e+03
6.070000e-06	-3.350338e-09	-1.166596e-08	-1.808869e+01	-1.890504e+03
6.080000e-06	-3.403906e-09	-1.177600e-08	-1.837779e+01	-1.908163e+03
6.090000e-06	-3.457128e-09	-1.188312e-08	-1.866511e+01	-1.925507e+03
6.100000e-06	-3.510022e-09	-1.198838e-08	-1.895070e+01	-1.942536e+03
6.110000e-06	-3.562604e-09	-1.209226e-08	-1.923468e+01	-1.959255e+03
6.120000e-06	-3.614908e-09	-1.219421e-08	-1.951723e+01	-1.975671e+03
6.130000e-06	-3.666939e-09	-1.229384e-08	-1.979833e+01	-1.991790e+03
6.140000e-06	-3.718700e-09	-1.239122e-08	-2.007794e+01	-2.007623e+03
6.150000e-06	-3.770188e-09	-1.248692e-08	-2.035604e+01	-2.023179e+03
6.160000e-06	-3.821390e-09	-1.258125e-08	-2.063263e+01	-2.038471e+03
6.170000e-06	-3.872292e-09	-1.267424e-08	-2.090760e+01	-2.053512e+03
6.180000e-06	-3.922885e-09	-1.276585e-08	-2.118087e+01	-2.068315e+03
6.190000e-06	-3.973172e-09	-1.285606e-08	-2.145249e+01	-2.082891e+03
6.200000e-06	-4.023149e-09	-1.294533e-08	-2.172241e+01	-2.097252e+03
6.210000e-06	-4.072783e-09	-1.303397e-08	-2.199046e+01	-2.111406e+03
6.220000e-06	-4.122003e-09	-1.312143e-08	-2.225626e+01	-2.125361e+03
6.230000e-06	-4.170768e-09	-1.320735e-08	-2.251961e+01	-2.139121e+03
6.240000e-06	-4.219054e-09	-1.329178e-08	-2.278043e+01	-2.152689e+03
6.250000e-06	-4.266882e-09	-1.337476e-08	-2.303875e+01	-2.166063e+03
6.260000e-06	-4.314310e-09	-1.345647e-08	-2.329484e+01	-2.179240e+03
6.270000e-06	-4.361392e-09	-1.353722e-08	-2.354908e+01	-2.192218e+03
6.280000e-06	-4.408213e-09	-1.361684e-08	-2.380192e+01	-2.204992e+03
6.290000e-06	-4.454802e-09	-1.369487e-08	-2.405355e+01	-2.217556e+03
6.300000e-06	-4.501161e-09	-1.377159e-08	-2.430399e+01	-2.229908e+03
6.310000e-06	-4.547303e-09	-1.384691e-08	-2.455329e+01	-2.242044e+03
6.320000e-06	-4.593190e-09	-1.392031e-08	-2.480124e+01	-2.253965e+03
6.330000e-06	-4.638760e-09	-1.399183e-08	-2.504751e+01	-2.265673e+03
6.340000e-06	-4.683990e-09	-1.406196e-08	-2.529190e+01	-2.277174e+03
6.350000e-06	-4.728884e-09	-1.413175e-08	-2.553445e+01	-2.288475e+03
6.360000e-06	-4.773474e-09	-1.420143e-08	-2.577536e+01	-2.299587e+03
6.370000e-06	-4.817827e-09	-1.427043e-08	-2.601503e+01	-2.310521e+03
6.380000e-06	-4.861985e-09	-1.433865e-08	-2.625365e+01	-2.321291e+03
6.390000e-06	-4.905935e-09	-1.440576e-08	-2.649111e+01	-2.331909e+03
6.400000e-06	-4.949622e-09	-1.447128e-08	-2.672711e+01	-2.342388e+03
6.410000e-06	-4.992971e-09	-1.453533e-08	-2.696129e+01	-2.352738e+03
6.420000e-06	-5.035945e-09	-1.459839e-08	-2.719345e+01	-2.362968e+03
6.430000e-06	-5.078551e-09	-1.466118e-08	-2.742363e+01	-2.373083e+03
6.440000e-06	-5.120813e-09	-1.472401e-08	-2.765201e+01	-2.383085e+03
6.450000e-06	-5.162751e-09	-1.478643e-08	-2.787862e+01	-2.392972e+03
6.460000e-06	-5.204342e-09	-1.484786e-08	-2.810327e+01	-2.402739e+03
6.470000e-06	-5.245547e-09	-1.490828e-08	-2.832587e+01	-2.412379e+03
6.480000e-06	-5.286387e-09	-1.496758e-08	-2.854650e+01	-2.421883e+03
6.490000e-06	-5.326903e-09	-1.502507e-08	-2.876541e+01	-2.431238e+03
6.500000e-06	-5.367149e-09	-1.508126e-08	-2.898290e+01	-2.440435e+03
6.510000e-06	-5.407150e-09	-1.513685e-08	-2.919907e+01	-2.449461e+03
6.520000e-06	-5.446862e-09	-1.519159e-08	-2.941366e+01	-2.458308e+03
6.530000e-06	-5.486179e-09	-1.524525e-08	-2.962608e+01	-2.466969e+03
6.540000e-06	-5.524965e-09	-1.529778e-08	-2.983559e+01	-2.475439e+03
6.550000e-06	-5.563087e-09	-1.534915e-08	-3.004149e+01	-2.483716e+03
6.560000e-06	-5.600537e-09	-1.539920e-08	-3.024371e+01	-2.491803e+03
6.570000e-06	-5.637430e-09	-1.544794e-08	-3.044294e+01	-2.499703e+03
6.580000e-06	-5.673909e-09	-1.549538e-08	-3.064002e+01	-2.507424e+03
6.590000e-06	-5.710101e-09	-1.554161e-08	-3.083557e+01	-2.514975e+03
6.600000e-06	-5.746044e-09	-1.558695e-08	-3.102976e+01	-2.522367e+03
6.610000e-06	-5.781667e-09	-1.563147e-08	-3.122224e+01	-2.529609e+03
6.620000e-06	-5.816900e-09	-1.567556e-08	-3.141261e+01	-2.536713e+03
6.630000e-06	-5.851714e-09	-1.571942e-08	-3.160067e+01	-2.543690e+03
6.640000e-06	-5.886107e-09	-1.576244e-08	-3.178652e+01	-2.550548e+03
6.650000e-06	-5.920090e-09	-1.580442e-08	-3.197020e+01	-2.557295e+03
6.660000e-06	-5.953636e-09	-1.584554e-08	-3.215144e+01	-2.563936e+03
6.670000e-06	-5.986728e-09	-1.588576e-08	-3.233022e+01	-2.570476e+03
6.680000e-06	-6.019406e-09	-1.592506e-08	-3.250682e+01	-2.576917e+03
6.690000e-06	-6.051734e-09	-1.596365e-08	-3.268154e+01	-2.583261e+03
6.700000e-06	-6.083745e-09	-1.600203e-08	-3.285453e+01	-2.589508e+03
6.710000e-06	-6.115396e-09	-1.604017e-08	-3.302555e+01	-2.595658e+03
6.720000e-06	-6.146534e-09	-1.607796e-08	-3.319374e+01	-2.601710e+03
6.730000e-06	-6.177006e-09	-1.611552e-08	-3.335833e+01	-2.607664e+03
6.740000e-06	-6.206767e-09	-1.615227e-08	-3.351909e+01	-2.613520e+03
6.750000e-06	-6.235881e-09	-1.618772e-08	-3.367637e+01	-2.619276e+03
6.760000e-06	-6.264504e-09	-1.622267e-08	-3.383105e+01	-2.624932e+03
6.770000e-06	-6.292795e-09	-1.625769e-08	-3.398396e+01	-2.630489e+03
6.780000e-06	-6.320805e-09	-1.629206e-08	-3.413533e+01	-2.635946e+03
6.790000e-06	-6.348472e-09	-1.632531e-08	-3.428476e+01	-2.641301e+03
6.800000e-06	-6.375689e-09	-1.635770e-08	-3.443174e+01	-2.646553e+03
6.810000e-06	-6.402419e-09	-1.638971e-08	-3.457615e+01	-2.651701e+03
6.820000e-06	-6.428685e-09	-1.642120e-08	-3.471804e+01	-2.656739e+03
6.830000e-06	-6.454482e-09	-1.645176e-08	-3.485733e+01	-2.661665e+03
6.840000e-06	-6.479787e-09	-1.648148e-08	-3.499395e+01	-2.666474e+03
6.850000e-06	-6.504608e-09	-1.651043e-08	-3.512806e+01	-2.671161e+03
6.860000e-06	-6.529053e-09	-1.653835e-08	-3.526019e+01	-2.675719e+03
6.870000e-06	-6.553223e-09	-1.656538e-08	-3.539085e+01	-2.680146e+03
6.880000e-06	-6.577092e-09	-1.659157e-08	-3.551986e+01	-2.684436e+03
6.890000e-06	-6.600514e-09	-1.661682e-08	-3.564634e+01	-2.688588e+03
6.900000e-06	-6.623299e-09	-1.664141e-08	-3.576930e+01	-2.692599e+03
6.910000e-06	-6.645345e-09	-1.666550e-08	-3.588830e+01	-2.696472e+03
6.920000e-06	-6.666659e-09	-1.668890e-08	-3.600340e+01	-2.700208e+03
6.930000e-06	-6.687379e-09	-1.671111e-08	-3.611538e+01	-2.703813e+03
6.940000e-06	-6.707701e-09	-1.673220e-08	-3.622526e+01	-2.707292e+03
6.950000e-06	-6.727710e-09	-1.675297e-08	-3.633340e+01	-2.710654e+03
6.960000e-06	-6.747352e-09	-1.677378e-08	-3.643949e+01	-2.713908e+03
6.970000e-06	-6.766526e-09	-1.679454e-08	-3.654305e+01	-2.717063e+03
6.980000e-06	-6.785212e-09	-1.681436e-08	-3.664398e+01	-2.720127e+03
6.990000e-06	-6.803452e-09	-1.683320e-08	-3.674252e+01	-2.723110e+03
7.000000e-06	-6.821260e-09	-1.685223e-08	-3.683869e+01	-2.726017e+03
7.010000e-06	-6.838598e-09	-1.687158e-08	-3.693228e+01	-2.728855e+03
7.020000e-06	-6.855439e-09	-1.689014e-08	-3.702328e+01	-2.731627e+03
7.030000e-06	-6.871869e-09	-1.690739e-08	-3.711210e+01	-2.734336e+03
7.040000e-06	-6.887978e-09	-1.692412e-08	-3.719918e+01	-2.736981e+03
7.050000e-06	-6.903693e-09	-1.694083e-08	-3.728407e+01	-2.739561e+03
7.060000e-06	-6.918779e-09	-1.695711e-08	-3.736551e+01	-2.742073e+03
7.070000e-06	-6.933035e-09	-1.697315e-08	-3.744246e+01	-2.744515e+03
7.080000e-06	-6.946467e-09	-1.698908e-08	-3.751494e+01	-2.746881e+03
7.090000e-06	-6.959244e-09	-1.700444e-08	-3.758394e+01	-2.749170e+03
7.100000e-06	-6.971520e-09	-1.701925e-08	-3.765028e+01	-2.751378e+03
7.110000e-06	-6.983321e-09	-1.703343e-08	-3.771406e+01	-2.753502e+03
7.120000e-06	-6.994595e-09	-1.704666e-08	-3.777505e+01	-2.755543e+03
7.130000e-06	-7.005351e-09	-1.705908e-08	-3.783325e+01	-2.757500e+03
7.140000e-06	-7.015646e-09	-1.707110e-08	-3.788895e+01	-2.759373e+03
7.150000e-06	-7.025488e-09	-1.708300e-08	-3.794220e+01	-2.761165e+03
7.160000e-06	-7.034843e-09	-1.709489e-08	-3.799284e+01	-2.762878e+03
7.170000e-06	-7.043710e-09	-1.710648e-08	-3.804083e+01	-2.764513e+03
7.180000e-06	-7.052169e-09	-1.711711e-08	-3.808661e+01	-2.766073e+03
7.190000e-06	-7.060300e-09	-1.712634e-08	-3.813060e+01	-2.767558e+03
7.200000e-06	-7.068062e-09	-1.713445e-08	-3.817255e+01	-2.768968e+03
7.210000e-06	-7.075289e-09	-1.714199e-08	-3.821152e+01	-2.770301e+03
7.220000e-06	-7.081777e-09	-1.714961e-08	-3.824651e+01	-2.771556e+03
7.230000e-06	-7.087455e-09	-1.715721e-08	-3.827719e+01	-2.772728e+03
7.240000e-06	-7.092427e-09	-1.716415e-08	-3.830417e+01	-2.773813e+03
7.250000e-06	-7.096906e-09	-1.717042e-08	-3.832853e+01	-2.774804e+03
7.260000e-06	-7.101051e-09	-1.717644e-08	-3.835101e+01	-2.775697e+03
7.270000e-06	-7.104838e-09	-1.718201e-08	-3.837153e+01	-2.776484e+03
7.280000e-06	-7.108157e-09	-1.718649e-08	-3.838951e+01	-2.777162e+03
7.290000e-06	-7.110964e-09	-1.719005e-08	-3.840478e+01	-2.777726e+03
7.300000e-06	-7.113318e-09	-1.719301e-08	-3.841760e+01	-2.778173e+03
7.310000e-06	-7.115232e-09	-1.719539e-08	-3.842796e+01	-2.778500e+03
7.320000e-06	-7.116617e-09	-1.719684e-08	-3.843540e+01	-2.778709e+03
7.330000e-06	-7.117479e-09	-1.719704e-08	-3.844013e+01	-2.778800e+03
