# Concentracion g/m^3_=_53300.0
# C_Vs_to_Am_M_A/Vsm_=_128687336408.14134
# pendiente_HvsI_1/m_=_3716.3
# ordenada_HvsI_A/m_=_1297.0
# frecuencia_Hz_=_136011.16974366945
# Promedio de 30 ciclos

Tiempo_(s)	Campo_(V.s)	Magnetizacion_(V.s)	Campo_(kA/m)	Magnetizacion_(A/m)
0.000000e+00	-4.242615e-09	-1.535776e-08	-2.356017e+01	-2.562191e+03
1.000000e-08	-4.242836e-09	-1.535662e-08	-2.356134e+01	-2.562053e+03
2.000000e-08	-4.242885e-09	-1.535436e-08	-2.356154e+01	-2.561792e+03
3.000000e-08	-4.242705e-09	-1.535177e-08	-2.356039e+01	-2.561414e+03
4.000000e-08	-4.242211e-09	-1.534975e-08	-2.355746e+01	-2.560923e+03
5.000000e-08	-4.241268e-09	-1.534810e-08	-2.355203e+01	-2.560325e+03
6.000000e-08	-4.239734e-09	-1.533966e-08	-2.354324e+01	-2.559627e+03
7.000000e-08	-4.237563e-09	-1.531734e-08	-2.353083e+01	-2.558834e+03
8.000000e-08	-4.234862e-09	-1.530417e-08	-2.351557e+01	-2.557951e+03
9.000000e-08	-4.231809e-09	-1.532098e-08	-2.349844e+01	-2.556980e+03
1.000000e-07	-4.228516e-09	-1.534948e-08	-2.347999e+01	-2.555924e+03
1.100000e-07	-4.225048e-09	-1.533967e-08	-2.346069e+01	-2.554784e+03
1.200000e-07	-4.221433e-09	-1.528184e-08	-2.344057e+01	-2.553557e+03
1.300000e-07	-4.217632e-09	-1.526607e-08	-2.341938e+01	-2.552244e+03
1.400000e-07	-4.213614e-09	-1.531141e-08	-2.339702e+01	-2.550839e+03
1.500000e-07	-4.209356e-09	-1.529169e-08	-2.337333e+01	-2.549340e+03
1.600000e-07	-4.204807e-09	-1.521208e-08	-2.334803e+01	-2.547743e+03
1.700000e-07	-4.199941e-09	-1.521760e-08	-2.332085e+01	-2.546044e+03
1.800000e-07	-4.194748e-09	-1.527165e-08	-2.329181e+01	-2.544240e+03
1.900000e-07	-4.189266e-09	-1.525665e-08	-2.326122e+01	-2.542329e+03
2.000000e-07	-4.183511e-09	-1.521098e-08	-2.322913e+01	-2.540308e+03
2.100000e-07	-4.177443e-09	-1.519407e-08	-2.319530e+01	-2.538178e+03
2.200000e-07	-4.171012e-09	-1.518432e-08	-2.315947e+01	-2.535938e+03
2.300000e-07	-4.164207e-09	-1.517299e-08	-2.312150e+01	-2.533590e+03
2.400000e-07	-4.157095e-09	-1.516118e-08	-2.308181e+01	-2.531136e+03
2.500000e-07	-4.149728e-09	-1.513250e-08	-2.304081e+01	-2.528576e+03
2.600000e-07	-4.142144e-09	-1.511120e-08	-2.299865e+01	-2.525914e+03
2.700000e-07	-4.134392e-09	-1.512376e-08	-2.295555e+01	-2.523150e+03
2.800000e-07	-4.126476e-09	-1.512340e-08	-2.291153e+01	-2.520286e+03
2.900000e-07	-4.118347e-09	-1.507347e-08	-2.286630e+01	-2.517322e+03
3.000000e-07	-4.109918e-09	-1.502796e-08	-2.281940e+01	-2.514258e+03
3.100000e-07	-4.101116e-09	-1.502804e-08	-2.277038e+01	-2.511093e+03
3.200000e-07	-4.091850e-09	-1.502983e-08	-2.271874e+01	-2.507825e+03
3.300000e-07	-4.082084e-09	-1.500067e-08	-2.266431e+01	-2.504451e+03
3.400000e-07	-4.071850e-09	-1.496998e-08	-2.260730e+01	-2.500970e+03
3.500000e-07	-4.061176e-09	-1.495446e-08	-2.254790e+01	-2.497378e+03
3.600000e-07	-4.050099e-09	-1.493609e-08	-2.248629e+01	-2.493674e+03
3.700000e-07	-4.038657e-09	-1.490925e-08	-2.242266e+01	-2.489855e+03
3.800000e-07	-4.026907e-09	-1.487975e-08	-2.235731e+01	-2.485920e+03
3.900000e-07	-4.014898e-09	-1.484789e-08	-2.229052e+01	-2.481870e+03
4.000000e-07	-4.002625e-09	-1.482290e-08	-2.222227e+01	-2.477703e+03
4.100000e-07	-3.990050e-09	-1.481160e-08	-2.215237e+01	-2.473421e+03
4.200000e-07	-3.977160e-09	-1.479545e-08	-2.208072e+01	-2.469026e+03
4.300000e-07	-3.963978e-09	-1.475799e-08	-2.200742e+01	-2.464518e+03
4.400000e-07	-3.950497e-09	-1.471587e-08	-2.193252e+01	-2.459900e+03
4.500000e-07	-3.936711e-09	-1.468954e-08	-2.185595e+01	-2.455173e+03
4.600000e-07	-3.922611e-09	-1.466826e-08	-2.177759e+01	-2.450338e+03
4.700000e-07	-3.908158e-09	-1.463549e-08	-2.169716e+01	-2.445396e+03
4.800000e-07	-3.893286e-09	-1.460148e-08	-2.161451e+01	-2.440345e+03
4.900000e-07	-3.877983e-09	-1.457780e-08	-2.152948e+01	-2.435186e+03
5.000000e-07	-3.862263e-09	-1.455150e-08	-2.144207e+01	-2.429916e+03
5.100000e-07	-3.846149e-09	-1.451303e-08	-2.135262e+01	-2.424532e+03
5.200000e-07	-3.829702e-09	-1.447432e-08	-2.126125e+01	-2.419031e+03
5.300000e-07	-3.812946e-09	-1.444038e-08	-2.116809e+01	-2.413410e+03
5.400000e-07	-3.795914e-09	-1.440287e-08	-2.107351e+01	-2.407665e+03
5.500000e-07	-3.778677e-09	-1.436632e-08	-2.097780e+01	-2.401793e+03
5.600000e-07	-3.761276e-09	-1.433851e-08	-2.088115e+01	-2.395791e+03
5.700000e-07	-3.743700e-09	-1.430791e-08	-2.078353e+01	-2.389658e+03
5.800000e-07	-3.725907e-09	-1.426529e-08	-2.068468e+01	-2.383392e+03
5.900000e-07	-3.707859e-09	-1.422121e-08	-2.058439e+01	-2.376992e+03
6.000000e-07	-3.689534e-09	-1.418151e-08	-2.048258e+01	-2.370460e+03
6.100000e-07	-3.670884e-09	-1.413941e-08	-2.037895e+01	-2.363795e+03
6.200000e-07	-3.651908e-09	-1.409674e-08	-2.027347e+01	-2.356999e+03
6.300000e-07	-3.632662e-09	-1.405841e-08	-2.016650e+01	-2.350073e+03
6.400000e-07	-3.613209e-09	-1.401776e-08	-2.005839e+01	-2.343020e+03
6.500000e-07	-3.593597e-09	-1.397229e-08	-1.994942e+01	-2.335839e+03
6.600000e-07	-3.573846e-09	-1.392899e-08	-1.983972e+01	-2.328531e+03
6.700000e-07	-3.553966e-09	-1.388554e-08	-1.972932e+01	-2.321097e+03
6.800000e-07	-3.533942e-09	-1.383491e-08	-1.961810e+01	-2.313535e+03
6.900000e-07	-3.513735e-09	-1.378355e-08	-1.950589e+01	-2.305844e+03
7.000000e-07	-3.493298e-09	-1.373905e-08	-1.939240e+01	-2.298022e+03
7.100000e-07	-3.472589e-09	-1.369579e-08	-1.927738e+01	-2.290066e+03
7.200000e-07	-3.451604e-09	-1.364793e-08	-1.916085e+01	-2.281974e+03
7.300000e-07	-3.430350e-09	-1.359675e-08	-1.904280e+01	-2.273742e+03
7.400000e-07	-3.408848e-09	-1.354251e-08	-1.892337e+01	-2.265370e+03
7.500000e-07	-3.387133e-09	-1.348735e-08	-1.880274e+01	-2.256854e+03
7.600000e-07	-3.365181e-09	-1.343549e-08	-1.868085e+01	-2.248195e+03
7.700000e-07	-3.342977e-09	-1.338434e-08	-1.855756e+01	-2.239392e+03
7.800000e-07	-3.320534e-09	-1.332982e-08	-1.843294e+01	-2.230445e+03
7.900000e-07	-3.297837e-09	-1.327484e-08	-1.830690e+01	-2.221358e+03
8.000000e-07	-3.274860e-09	-1.322125e-08	-1.817930e+01	-2.212131e+03
8.100000e-07	-3.251635e-09	-1.316536e-08	-1.805037e+01	-2.202768e+03
8.200000e-07	-3.228219e-09	-1.310565e-08	-1.792032e+01	-2.193271e+03
8.300000e-07	-3.204638e-09	-1.304488e-08	-1.778932e+01	-2.183642e+03
8.400000e-07	-3.180917e-09	-1.298525e-08	-1.765757e+01	-2.173883e+03
8.500000e-07	-3.157043e-09	-1.292791e-08	-1.752502e+01	-2.163996e+03
8.600000e-07	-3.132996e-09	-1.287193e-08	-1.739152e+01	-2.153979e+03
8.700000e-07	-3.108745e-09	-1.281224e-08	-1.725680e+01	-2.143832e+03
8.800000e-07	-3.084258e-09	-1.274750e-08	-1.712073e+01	-2.133551e+03
8.900000e-07	-3.059477e-09	-1.268242e-08	-1.698309e+01	-2.123132e+03
9.000000e-07	-3.034355e-09	-1.261842e-08	-1.684350e+01	-2.112570e+03
9.100000e-07	-3.008886e-09	-1.255333e-08	-1.670178e+01	-2.101859e+03
9.200000e-07	-2.983017e-09	-1.248784e-08	-1.655779e+01	-2.090992e+03
9.300000e-07	-2.956763e-09	-1.242327e-08	-1.641166e+01	-2.079963e+03
9.400000e-07	-2.930142e-09	-1.235858e-08	-1.626363e+01	-2.068764e+03
9.500000e-07	-2.903193e-09	-1.229295e-08	-1.611385e+01	-2.057391e+03
9.600000e-07	-2.876007e-09	-1.222516e-08	-1.596277e+01	-2.045839e+03
9.700000e-07	-2.848626e-09	-1.215306e-08	-1.581064e+01	-2.034104e+03
9.800000e-07	-2.821094e-09	-1.207797e-08	-1.565764e+01	-2.022185e+03
9.900000e-07	-2.793441e-09	-1.200382e-08	-1.550400e+01	-2.010080e+03
1.000000e-06	-2.765686e-09	-1.193156e-08	-1.534985e+01	-1.997791e+03
1.010000e-06	-2.737834e-09	-1.185878e-08	-1.519518e+01	-1.985319e+03
1.020000e-06	-2.709873e-09	-1.178379e-08	-1.503989e+01	-1.972668e+03
1.030000e-06	-2.681768e-09	-1.170646e-08	-1.488381e+01	-1.959841e+03
1.040000e-06	-2.653506e-09	-1.162707e-08	-1.472680e+01	-1.946841e+03
1.050000e-06	-2.625058e-09	-1.154673e-08	-1.456864e+01	-1.933672e+03
1.060000e-06	-2.596373e-09	-1.146581e-08	-1.440917e+01	-1.920337e+03
1.070000e-06	-2.567454e-09	-1.138409e-08	-1.424839e+01	-1.906836e+03
1.080000e-06	-2.538332e-09	-1.130248e-08	-1.408649e+01	-1.893171e+03
1.090000e-06	-2.509034e-09	-1.122173e-08	-1.392359e+01	-1.879340e+03
1.100000e-06	-2.479577e-09	-1.114073e-08	-1.375983e+01	-1.865340e+03
1.110000e-06	-2.449988e-09	-1.105675e-08	-1.359538e+01	-1.851169e+03
1.120000e-06	-2.420268e-09	-1.096905e-08	-1.343027e+01	-1.836820e+03
1.130000e-06	-2.390408e-09	-1.087982e-08	-1.326443e+01	-1.822287e+03
1.140000e-06	-2.360407e-09	-1.079127e-08	-1.309782e+01	-1.807562e+03
1.150000e-06	-2.330271e-09	-1.070346e-08	-1.293038e+01	-1.792639e+03
1.160000e-06	-2.299992e-09	-1.061483e-08	-1.276209e+01	-1.777509e+03
1.170000e-06	-2.269535e-09	-1.052345e-08	-1.259292e+01	-1.762164e+03
1.180000e-06	-2.238891e-09	-1.042949e-08	-1.242275e+01	-1.746598e+03
1.190000e-06	-2.208080e-09	-1.033495e-08	-1.225161e+01	-1.730805e+03
1.200000e-06	-2.177131e-09	-1.023889e-08	-1.207964e+01	-1.714780e+03
1.210000e-06	-2.146036e-09	-1.013973e-08	-1.190689e+01	-1.698518e+03
1.220000e-06	-2.114794e-09	-1.003881e-08	-1.173339e+01	-1.682016e+03
1.230000e-06	-2.083418e-09	-9.938038e-09	-1.155912e+01	-1.665274e+03
1.240000e-06	-2.051922e-09	-9.837552e-09	-1.138416e+01	-1.648289e+03
1.250000e-06	-2.020321e-09	-9.736002e-09	-1.120864e+01	-1.631061e+03
1.260000e-06	-1.988630e-09	-9.631636e-09	-1.103263e+01	-1.613591e+03
1.270000e-06	-1.956865e-09	-9.523420e-09	-1.085619e+01	-1.595880e+03
1.280000e-06	-1.925020e-09	-9.413734e-09	-1.067933e+01	-1.577927e+03
1.290000e-06	-1.893103e-09	-9.305273e-09	-1.050207e+01	-1.559734e+03
1.300000e-06	-1.861089e-09	-9.196780e-09	-1.032428e+01	-1.541298e+03
1.310000e-06	-1.828957e-09	-9.086416e-09	-1.014580e+01	-1.522620e+03
1.320000e-06	-1.796703e-09	-8.974290e-09	-9.966586e+00	-1.503696e+03
1.330000e-06	-1.764316e-09	-8.861055e-09	-9.786605e+00	-1.484525e+03
1.340000e-06	-1.731791e-09	-8.746380e-09	-9.605842e+00	-1.465103e+03
1.350000e-06	-1.699108e-09	-8.629679e-09	-9.424287e+00	-1.445424e+03
1.360000e-06	-1.666269e-09	-8.510161e-09	-9.241866e+00	-1.425484e+03
1.370000e-06	-1.633262e-09	-8.387366e-09	-9.058490e+00	-1.405277e+03
1.380000e-06	-1.600068e-09	-8.263419e-09	-8.874076e+00	-1.384796e+03
1.390000e-06	-1.566696e-09	-8.139867e-09	-8.688622e+00	-1.364034e+03
1.400000e-06	-1.533127e-09	-8.014635e-09	-8.502070e+00	-1.342986e+03
1.410000e-06	-1.499352e-09	-7.886066e-09	-8.314360e+00	-1.321643e+03
1.420000e-06	-1.465377e-09	-7.755358e-09	-8.125521e+00	-1.300001e+03
1.430000e-06	-1.431203e-09	-7.623749e-09	-7.935575e+00	-1.278053e+03
1.440000e-06	-1.396826e-09	-7.491064e-09	-7.744505e+00	-1.255793e+03
1.450000e-06	-1.362249e-09	-7.356732e-09	-7.552315e+00	-1.233215e+03
1.460000e-06	-1.327510e-09	-7.220023e-09	-7.359249e+00	-1.210314e+03
1.470000e-06	-1.292632e-09	-7.080984e-09	-7.165412e+00	-1.187086e+03
1.480000e-06	-1.257639e-09	-6.940170e-09	-6.970914e+00	-1.163525e+03
1.490000e-06	-1.222523e-09	-6.797432e-09	-6.775741e+00	-1.139627e+03
1.500000e-06	-1.187280e-09	-6.651603e-09	-6.579899e+00	-1.115386e+03
1.510000e-06	-1.151956e-09	-6.501973e-09	-6.383653e+00	-1.090798e+03
1.520000e-06	-1.116573e-09	-6.349964e-09	-6.187092e+00	-1.065857e+03
1.530000e-06	-1.081108e-09	-6.197254e-09	-5.990109e+00	-1.040557e+03
1.540000e-06	-1.045581e-09	-6.043456e-09	-5.792757e+00	-1.014892e+03
1.550000e-06	-1.010011e-09	-5.887299e-09	-5.595134e+00	-9.888565e+02
1.560000e-06	-9.743905e-10	-5.728519e-09	-5.397288e+00	-9.624434e+02
1.570000e-06	-9.387342e-10	-5.567520e-09	-5.199271e+00	-9.356461e+02
1.580000e-06	-9.030440e-10	-5.404140e-09	-5.001080e+00	-9.084580e+02
1.590000e-06	-8.673224e-10	-5.238237e-09	-4.802754e+00	-8.808724e+02
1.600000e-06	-8.315807e-10	-5.070523e-09	-4.604319e+00	-8.528830e+02
1.610000e-06	-7.958228e-10	-4.900640e-09	-4.405795e+00	-8.244836e+02
1.620000e-06	-7.600446e-10	-4.727890e-09	-4.207167e+00	-7.956686e+02
1.630000e-06	-7.242512e-10	-4.553160e-09	-4.008459e+00	-7.664329e+02
1.640000e-06	-6.884414e-10	-4.376883e-09	-3.809663e+00	-7.367716e+02
1.650000e-06	-6.526097e-10	-4.197657e-09	-3.610726e+00	-7.066808e+02
1.660000e-06	-6.167511e-10	-4.014643e-09	-3.411644e+00	-6.761565e+02
1.670000e-06	-5.808795e-10	-3.829127e-09	-3.212533e+00	-6.451956e+02
1.680000e-06	-5.450057e-10	-3.642148e-09	-3.013405e+00	-6.137952e+02
1.690000e-06	-5.091099e-10	-3.453036e-09	-2.814135e+00	-5.819528e+02
1.700000e-06	-4.731834e-10	-3.260894e-09	-2.614689e+00	-5.496663e+02
1.710000e-06	-4.372385e-10	-3.064752e-09	-2.415124e+00	-5.169339e+02
1.720000e-06	-4.012874e-10	-2.864889e-09	-2.215532e+00	-4.837546e+02
1.730000e-06	-3.653145e-10	-2.662799e-09	-2.015842e+00	-4.501280e+02
1.740000e-06	-3.293144e-10	-2.458668e-09	-1.815974e+00	-4.160547e+02
1.750000e-06	-2.932996e-10	-2.252163e-09	-1.615993e+00	-3.815367e+02
1.760000e-06	-2.572703e-10	-2.043334e-09	-1.415929e+00	-3.465777e+02
1.770000e-06	-2.212247e-10	-1.832499e-09	-1.215787e+00	-3.111839e+02
1.780000e-06	-1.851755e-10	-1.619400e-09	-1.015612e+00	-2.753639e+02
1.790000e-06	-1.491227e-10	-1.403465e-09	-8.154075e-01	-2.391300e+02
1.800000e-06	-1.130721e-10	-1.184689e-09	-6.152150e-01	-2.024977e+02
1.810000e-06	-7.701927e-11	-9.632568e-10	-4.149916e-01	-1.654871e+02
1.820000e-06	-4.095347e-11	-7.394064e-10	-2.147586e-01	-1.281225e+02
1.830000e-06	-4.888043e-12	-5.136717e-10	-1.454600e-02	-9.043315e+01
1.840000e-06	3.118214e-11	-2.866369e-10	1.857089e-01	-5.245274e+01
1.850000e-06	6.725925e-11	-5.832025e-11	3.859812e-01	-1.421974e+01
1.860000e-06	1.033239e-10	1.712450e-10	5.861821e-01	2.422305e+01
1.870000e-06	1.393733e-10	4.018569e-10	7.863094e-01	6.282897e+01
1.880000e-06	1.754228e-10	6.331791e-10	9.864856e-01	1.015480e+02
1.890000e-06	2.114750e-10	8.648620e-10	1.186681e+00	1.403276e+02
1.900000e-06	2.475059e-10	1.096587e-09	1.386759e+00	1.791135e+02
1.910000e-06	2.835162e-10	1.327950e-09	1.586727e+00	2.178505e+02
1.920000e-06	3.195190e-10	1.558160e-09	1.786617e+00	2.564835e+02
1.930000e-06	3.555044e-10	1.786871e-09	1.986409e+00	2.949586e+02
1.940000e-06	3.914671e-10	2.014926e-09	2.186091e+00	3.332235e+02
1.950000e-06	4.274079e-10	2.242446e-09	2.385645e+00	3.712287e+02
1.960000e-06	4.633365e-10	2.468279e-09	2.585149e+00	4.089280e+02
1.970000e-06	4.992462e-10	2.691626e-09	2.784550e+00	4.462791e+02
1.980000e-06	5.351295e-10	2.911828e-09	2.983764e+00	4.832440e+02
1.990000e-06	5.709921e-10	3.128859e-09	3.182857e+00	5.197890e+02
2.000000e-06	6.068431e-10	3.343700e-09	3.381915e+00	5.558851e+02
2.010000e-06	6.426824e-10	3.556232e-09	3.580904e+00	5.915080e+02
2.020000e-06	6.785046e-10	3.765487e-09	3.779785e+00	6.266376e+02
2.030000e-06	7.143114e-10	3.971653e-09	3.978567e+00	6.612581e+02
2.040000e-06	7.500963e-10	4.175368e-09	4.177208e+00	6.953575e+02
2.050000e-06	7.858584e-10	4.376237e-09	4.375735e+00	7.289271e+02
2.060000e-06	8.216006e-10	4.573603e-09	4.574147e+00	7.619617e+02
2.070000e-06	8.573222e-10	4.767281e-09	4.772456e+00	7.944582e+02
2.080000e-06	8.930188e-10	4.957485e-09	4.970643e+00	8.264161e+02
2.090000e-06	9.286824e-10	5.144131e-09	5.168634e+00	8.578368e+02
2.100000e-06	9.643088e-10	5.327682e-09	5.366389e+00	8.887231e+02
2.110000e-06	9.998968e-10	5.508357e-09	5.563906e+00	9.190790e+02
2.120000e-06	1.035453e-09	5.685279e-09	5.761303e+00	9.489096e+02
2.130000e-06	1.070968e-09	5.859263e-09	5.958568e+00	9.782206e+02
2.140000e-06	1.106432e-09	6.031635e-09	6.155554e+00	1.007018e+03
2.150000e-06	1.141826e-09	6.201829e-09	6.352118e+00	1.035310e+03
2.160000e-06	1.177129e-09	6.368389e-09	6.548180e+00	1.063101e+03
2.170000e-06	1.212345e-09	6.530773e-09	6.743752e+00	1.090400e+03
2.180000e-06	1.247455e-09	6.689752e-09	6.938741e+00	1.117215e+03
2.190000e-06	1.282430e-09	6.846410e-09	7.133013e+00	1.143551e+03
2.200000e-06	1.317262e-09	7.001294e-09	7.326532e+00	1.169419e+03
2.210000e-06	1.351932e-09	7.153937e-09	7.519180e+00	1.194825e+03
2.220000e-06	1.386441e-09	7.303325e-09	7.710870e+00	1.219778e+03
2.230000e-06	1.420782e-09	7.449180e-09	7.901553e+00	1.244287e+03
2.240000e-06	1.454913e-09	7.592150e-09	8.091096e+00	1.268362e+03
2.250000e-06	1.488820e-09	7.732470e-09	8.279458e+00	1.292013e+03
2.260000e-06	1.522517e-09	7.869735e-09	8.466592e+00	1.315251e+03
2.270000e-06	1.556013e-09	8.003976e-09	8.652553e+00	1.338087e+03
2.280000e-06	1.589304e-09	8.136231e-09	8.837417e+00	1.360533e+03
2.290000e-06	1.622411e-09	8.267778e-09	9.021225e+00	1.382602e+03
2.300000e-06	1.655346e-09	8.398420e-09	9.204061e+00	1.404307e+03
2.310000e-06	1.688098e-09	8.526831e-09	9.385916e+00	1.425660e+03
2.320000e-06	1.720666e-09	8.652335e-09	9.566759e+00	1.446675e+03
2.330000e-06	1.753050e-09	8.775502e-09	9.746627e+00	1.467364e+03
2.340000e-06	1.785289e-09	8.896836e-09	9.925694e+00	1.487739e+03
2.350000e-06	1.817413e-09	9.016075e-09	1.010412e+01	1.507808e+03
2.360000e-06	1.849443e-09	9.132960e-09	1.028198e+01	1.527583e+03
2.370000e-06	1.881399e-09	9.247682e-09	1.045942e+01	1.547068e+03
2.380000e-06	1.913288e-09	9.360775e-09	1.063647e+01	1.566271e+03
2.390000e-06	1.945116e-09	9.472869e-09	1.081319e+01	1.585195e+03
2.400000e-06	1.976886e-09	9.583673e-09	1.098957e+01	1.603842e+03
2.410000e-06	2.008590e-09	9.692125e-09	1.116558e+01	1.622212e+03
2.420000e-06	2.040226e-09	9.798507e-09	1.134127e+01	1.640305e+03
2.430000e-06	2.071780e-09	9.903955e-09	1.151655e+01	1.658120e+03
2.440000e-06	2.103238e-09	1.000883e-08	1.169125e+01	1.675655e+03
2.450000e-06	2.134566e-09	1.011266e-08	1.186521e+01	1.692909e+03
2.460000e-06	2.165715e-09	1.021464e-08	1.203824e+01	1.709882e+03
2.470000e-06	2.196668e-09	1.031472e-08	1.221015e+01	1.726575e+03
2.480000e-06	2.227424e-09	1.041333e-08	1.238090e+01	1.742992e+03
2.490000e-06	2.257969e-09	1.050998e-08	1.255045e+01	1.759135e+03
2.500000e-06	2.288316e-09	1.060402e-08	1.271894e+01	1.775012e+03
2.510000e-06	2.318498e-09	1.069574e-08	1.288649e+01	1.790632e+03
2.520000e-06	2.348535e-09	1.078626e-08	1.305317e+01	1.806003e+03
2.530000e-06	2.378444e-09	1.087596e-08	1.321914e+01	1.821138e+03
2.540000e-06	2.408237e-09	1.096445e-08	1.338450e+01	1.836048e+03
2.550000e-06	2.437921e-09	1.105182e-08	1.354934e+01	1.850745e+03
2.560000e-06	2.467491e-09	1.113776e-08	1.371358e+01	1.865239e+03
2.570000e-06	2.496915e-09	1.122204e-08	1.387700e+01	1.879541e+03
2.580000e-06	2.526161e-09	1.130514e-08	1.403942e+01	1.893658e+03
2.590000e-06	2.555215e-09	1.138744e-08	1.420078e+01	1.907596e+03
2.600000e-06	2.584054e-09	1.146871e-08	1.436088e+01	1.921360e+03
2.610000e-06	2.612679e-09	1.154870e-08	1.451971e+01	1.934948e+03
2.620000e-06	2.641094e-09	1.162784e-08	1.467743e+01	1.948361e+03
2.630000e-06	2.669320e-09	1.170641e-08	1.483413e+01	1.961595e+03
2.640000e-06	2.697399e-09	1.178435e-08	1.499001e+01	1.974645e+03
2.650000e-06	2.725362e-09	1.186116e-08	1.514527e+01	1.987505e+03
2.660000e-06	2.753232e-09	1.193643e-08	1.530000e+01	2.000169e+03
2.670000e-06	2.781019e-09	1.201074e-08	1.545425e+01	2.012634e+03
2.680000e-06	2.808725e-09	1.208452e-08	1.560808e+01	2.024894e+03
2.690000e-06	2.836336e-09	1.215721e-08	1.576139e+01	2.036949e+03
2.700000e-06	2.863797e-09	1.222829e-08	1.591380e+01	2.048799e+03
2.710000e-06	2.891046e-09	1.229783e-08	1.606505e+01	2.060447e+03
2.720000e-06	2.918037e-09	1.236624e-08	1.621493e+01	2.071899e+03
2.730000e-06	2.944692e-09	1.243384e-08	1.636293e+01	2.083164e+03
2.740000e-06	2.970958e-09	1.250016e-08	1.650873e+01	2.094252e+03
2.750000e-06	2.996810e-09	1.256485e-08	1.665217e+01	2.105173e+03
2.760000e-06	3.022240e-09	1.262806e-08	1.679324e+01	2.115941e+03
2.770000e-06	3.047292e-09	1.269080e-08	1.693222e+01	2.126567e+03
2.780000e-06	3.072027e-09	1.275372e-08	1.706952e+01	2.137063e+03
2.790000e-06	3.096482e-09	1.281597e-08	1.720528e+01	2.147436e+03
2.800000e-06	3.120698e-09	1.287704e-08	1.733969e+01	2.157695e+03
2.810000e-06	3.144724e-09	1.293743e-08	1.747304e+01	2.167843e+03
2.820000e-06	3.168603e-09	1.299727e-08	1.760560e+01	2.177881e+03
2.830000e-06	3.192349e-09	1.305627e-08	1.773742e+01	2.187807e+03
2.840000e-06	3.215935e-09	1.311447e-08	1.786833e+01	2.197616e+03
2.850000e-06	3.239313e-09	1.317182e-08	1.799807e+01	2.207301e+03
2.860000e-06	3.262442e-09	1.322823e-08	1.812637e+01	2.216854e+03
2.870000e-06	3.285322e-09	1.328416e-08	1.825326e+01	2.226263e+03
2.880000e-06	3.307958e-09	1.333982e-08	1.837876e+01	2.235518e+03
2.890000e-06	3.330339e-09	1.339389e-08	1.850281e+01	2.244609e+03
2.900000e-06	3.352474e-09	1.344627e-08	1.862560e+01	2.253528e+03
2.910000e-06	3.374409e-09	1.349820e-08	1.874729e+01	2.262266e+03
2.920000e-06	3.396160e-09	1.354983e-08	1.886796e+01	2.270819e+03
2.930000e-06	3.417721e-09	1.360085e-08	1.898759e+01	2.279184e+03
2.940000e-06	3.439054e-09	1.365045e-08	1.910596e+01	2.287361e+03
2.950000e-06	3.460110e-09	1.369781e-08	1.922274e+01	2.295352e+03
2.960000e-06	3.480876e-09	1.374357e-08	1.933788e+01	2.303162e+03
2.970000e-06	3.501377e-09	1.378879e-08	1.945157e+01	2.310797e+03
2.980000e-06	3.521643e-09	1.383374e-08	1.956395e+01	2.318264e+03
2.990000e-06	3.541706e-09	1.387810e-08	1.967523e+01	2.325573e+03
3.000000e-06	3.561628e-09	1.392166e-08	1.978575e+01	2.332734e+03
3.010000e-06	3.581431e-09	1.396414e-08	1.989564e+01	2.339754e+03
3.020000e-06	3.601099e-09	1.400548e-08	2.000478e+01	2.346644e+03
3.030000e-06	3.620623e-09	1.404566e-08	2.011306e+01	2.353411e+03
3.040000e-06	3.639950e-09	1.408461e-08	2.022025e+01	2.360062e+03
3.050000e-06	3.659015e-09	1.412302e-08	2.032602e+01	2.366606e+03
3.060000e-06	3.677771e-09	1.416113e-08	2.043008e+01	2.373045e+03
3.070000e-06	3.696204e-09	1.419890e-08	2.053234e+01	2.379386e+03
3.080000e-06	3.714303e-09	1.423681e-08	2.063272e+01	2.385632e+03
3.090000e-06	3.732083e-09	1.427424e-08	2.073136e+01	2.391785e+03
3.100000e-06	3.749610e-09	1.431030e-08	2.082860e+01	2.397848e+03
3.110000e-06	3.766930e-09	1.434520e-08	2.092464e+01	2.403820e+03
3.120000e-06	3.784065e-09	1.437979e-08	2.101967e+01	2.409704e+03
3.130000e-06	3.800988e-09	1.441405e-08	2.111358e+01	2.415499e+03
3.140000e-06	3.817690e-09	1.444757e-08	2.120620e+01	2.421204e+03
3.150000e-06	3.834170e-09	1.448086e-08	2.129750e+01	2.426817e+03
3.160000e-06	3.850338e-09	1.451409e-08	2.138715e+01	2.432337e+03
3.170000e-06	3.866143e-09	1.454707e-08	2.147475e+01	2.437759e+03
3.180000e-06	3.881577e-09	1.457956e-08	2.156016e+01	2.443079e+03
3.190000e-06	3.896597e-09	1.461116e-08	2.164329e+01	2.448294e+03
3.200000e-06	3.911222e-09	1.464146e-08	2.172422e+01	2.453397e+03
3.210000e-06	3.925513e-09	1.467075e-08	2.180329e+01	2.458383e+03
3.220000e-06	3.939507e-09	1.470013e-08	2.188075e+01	2.463246e+03
3.230000e-06	3.953230e-09	1.472942e-08	2.195674e+01	2.467979e+03
3.240000e-06	3.966674e-09	1.475775e-08	2.203126e+01	2.472579e+03
3.250000e-06	3.979814e-09	1.478501e-08	2.210408e+01	2.477039e+03
3.260000e-06	3.992640e-09	1.481107e-08	2.217510e+01	2.481358e+03
3.270000e-06	4.005161e-09	1.483610e-08	2.224440e+01	2.485533e+03
3.280000e-06	4.017388e-09	1.486054e-08	2.231214e+01	2.489563e+03
3.290000e-06	4.029354e-09	1.488415e-08	2.237850e+01	2.493451e+03
3.300000e-06	4.041077e-09	1.490667e-08	2.244353e+01	2.497199e+03
3.310000e-06	4.052529e-09	1.492876e-08	2.250703e+01	2.500811e+03
3.320000e-06	4.063683e-09	1.495051e-08	2.256876e+01	2.504293e+03
3.330000e-06	4.074448e-09	1.497150e-08	2.262831e+01	2.507651e+03
3.340000e-06	4.084740e-09	1.499129e-08	2.268519e+01	2.510892e+03
3.350000e-06	4.094536e-09	1.500981e-08	2.273930e+01	2.514024e+03
3.360000e-06	4.103842e-09	1.502754e-08	2.279077e+01	2.517052e+03
3.370000e-06	4.112701e-09	1.504460e-08	2.283974e+01	2.519983e+03
3.380000e-06	4.121161e-09	1.506133e-08	2.288654e+01	2.522822e+03
3.390000e-06	4.129323e-09	1.507759e-08	2.293176e+01	2.525573e+03
3.400000e-06	4.137283e-09	1.509291e-08	2.297591e+01	2.528238e+03
3.410000e-06	4.145070e-09	1.510735e-08	2.301914e+01	2.530820e+03
3.420000e-06	4.152686e-09	1.512131e-08	2.306138e+01	2.533319e+03
3.430000e-06	4.160098e-09	1.513536e-08	2.310239e+01	2.535735e+03
3.440000e-06	4.167242e-09	1.514901e-08	2.314190e+01	2.538068e+03
3.450000e-06	4.174070e-09	1.516187e-08	2.317967e+01	2.540317e+03
3.460000e-06	4.180576e-09	1.517436e-08	2.321564e+01	2.542480e+03
3.470000e-06	4.186770e-09	1.518640e-08	2.324991e+01	2.544558e+03
3.480000e-06	4.192679e-09	1.519808e-08	2.328260e+01	2.546550e+03
3.490000e-06	4.198319e-09	1.520948e-08	2.331376e+01	2.548455e+03
3.500000e-06	4.203663e-09	1.522024e-08	2.334329e+01	2.550275e+03
3.510000e-06	4.208702e-09	1.523048e-08	2.337110e+01	2.552009e+03
3.520000e-06	4.213420e-09	1.524040e-08	2.339711e+01	2.553659e+03
3.530000e-06	4.217829e-09	1.525000e-08	2.342146e+01	2.555224e+03
3.540000e-06	4.221990e-09	1.525919e-08	2.344448e+01	2.556705e+03
3.550000e-06	4.225948e-09	1.526690e-08	2.346639e+01	2.558100e+03
3.560000e-06	4.229735e-09	1.527335e-08	2.348739e+01	2.559408e+03
3.570000e-06	4.233350e-09	1.527974e-08	2.350745e+01	2.560627e+03
3.580000e-06	4.236760e-09	1.528630e-08	2.352632e+01	2.561752e+03
3.590000e-06	4.239882e-09	1.529314e-08	2.354351e+01	2.562780e+03
3.600000e-06	4.242613e-09	1.529960e-08	2.355847e+01	2.563705e+03
3.610000e-06	4.244888e-09	1.530496e-08	2.357084e+01	2.564521e+03
3.620000e-06	4.246664e-09	1.530934e-08	2.358047e+01	2.565223e+03
3.630000e-06	4.247935e-09	1.531262e-08	2.358731e+01	2.565807e+03
3.640000e-06	4.248741e-09	1.531441e-08	2.359166e+01	2.566266e+03
3.650000e-06	4.249182e-09	1.531562e-08	2.359399e+01	2.566599e+03
3.660000e-06	4.249342e-09	1.531723e-08	2.359477e+01	2.566803e+03
3.670000e-06	4.249292e-09	1.531821e-08	2.359441e+01	2.566877e+03
3.680000e-06	4.249069e-09	1.531842e-08	2.359309e+01	2.566823e+03
3.690000e-06	4.248659e-09	1.531867e-08	2.359074e+01	2.566644e+03
3.700000e-06	4.248028e-09	1.531760e-08	2.358714e+01	2.566343e+03
3.710000e-06	4.247110e-09	1.531278e-08	2.358191e+01	2.565926e+03
3.720000e-06	4.245873e-09	1.530710e-08	2.357493e+01	2.565399e+03
3.730000e-06	4.244315e-09	1.530881e-08	2.356623e+01	2.564767e+03
3.740000e-06	4.242461e-09	1.531354e-08	2.355590e+01	2.564037e+03
3.750000e-06	4.240332e-09	1.531953e-08	2.354403e+01	2.563213e+03
3.760000e-06	4.237848e-09	1.530504e-08	2.353018e+01	2.562300e+03
3.770000e-06	4.234942e-09	1.524945e-08	2.351389e+01	2.561301e+03
3.780000e-06	4.231681e-09	1.524041e-08	2.349559e+01	2.560216e+03
3.790000e-06	4.228199e-09	1.530702e-08	2.347614e+01	2.559047e+03
3.800000e-06	4.224572e-09	1.530861e-08	2.345599e+01	2.557792e+03
3.810000e-06	4.220780e-09	1.523291e-08	2.343490e+01	2.556448e+03
3.820000e-06	4.216804e-09	1.522647e-08	2.341274e+01	2.555013e+03
3.830000e-06	4.212646e-09	1.528208e-08	2.338959e+01	2.553481e+03
3.840000e-06	4.208278e-09	1.527126e-08	2.336528e+01	2.551850e+03
3.850000e-06	4.203613e-09	1.520421e-08	2.333927e+01	2.550117e+03
3.860000e-06	4.198551e-09	1.517624e-08	2.331100e+01	2.548277e+03
3.870000e-06	4.193082e-09	1.519781e-08	2.328043e+01	2.546329e+03
3.880000e-06	4.187243e-09	1.521552e-08	2.324780e+01	2.544272e+03
3.890000e-06	4.180970e-09	1.519585e-08	2.321280e+01	2.542105e+03
3.900000e-06	4.174176e-09	1.515587e-08	2.317492e+01	2.539829e+03
3.910000e-06	4.166890e-09	1.513892e-08	2.313436e+01	2.537446e+03
3.920000e-06	4.159228e-09	1.515386e-08	2.309174e+01	2.534956e+03
3.930000e-06	4.151300e-09	1.514481e-08	2.304767e+01	2.532362e+03
3.940000e-06	4.143171e-09	1.508802e-08	2.300253e+01	2.529665e+03
3.950000e-06	4.134869e-09	1.505317e-08	2.295644e+01	2.526868e+03
3.960000e-06	4.126390e-09	1.508196e-08	2.290934e+01	2.523970e+03
3.970000e-06	4.117671e-09	1.509777e-08	2.286086e+01	2.520973e+03
3.980000e-06	4.108645e-09	1.504541e-08	2.281064e+01	2.517875e+03
3.990000e-06	4.099313e-09	1.499306e-08	2.275870e+01	2.514676e+03
4.000000e-06	4.089680e-09	1.499644e-08	2.270510e+01	2.511373e+03
4.010000e-06	4.079756e-09	1.499765e-08	2.264996e+01	2.507963e+03
4.020000e-06	4.069552e-09	1.495349e-08	2.259328e+01	2.504445e+03
4.030000e-06	4.059082e-09	1.491884e-08	2.253515e+01	2.500816e+03
4.040000e-06	4.048364e-09	1.492398e-08	2.247565e+01	2.497074e+03
4.050000e-06	4.037356e-09	1.491397e-08	2.241450e+01	2.493216e+03
4.060000e-06	4.026014e-09	1.486931e-08	2.235143e+01	2.489243e+03
4.070000e-06	4.014343e-09	1.484187e-08	2.228654e+01	2.485154e+03
4.080000e-06	4.002360e-09	1.483282e-08	2.222000e+01	2.480948e+03
4.090000e-06	3.990099e-09	1.479413e-08	2.215194e+01	2.476628e+03
4.100000e-06	3.977555e-09	1.474875e-08	2.208220e+01	2.472195e+03
4.110000e-06	3.964694e-09	1.474738e-08	2.201065e+01	2.467650e+03
4.120000e-06	3.951460e-09	1.474561e-08	2.193704e+01	2.462996e+03
4.130000e-06	3.937784e-09	1.469302e-08	2.186097e+01	2.458233e+03
4.140000e-06	3.923621e-09	1.464419e-08	2.178216e+01	2.453362e+03
4.150000e-06	3.908945e-09	1.463816e-08	2.170053e+01	2.448384e+03
4.160000e-06	3.893790e-09	1.461473e-08	2.161632e+01	2.443297e+03
4.170000e-06	3.878264e-09	1.455787e-08	2.152999e+01	2.438101e+03
4.180000e-06	3.862453e-09	1.453013e-08	2.144208e+01	2.432793e+03
4.190000e-06	3.846435e-09	1.452533e-08	2.135309e+01	2.427370e+03
4.200000e-06	3.830255e-09	1.448555e-08	2.126325e+01	2.421829e+03
4.210000e-06	3.813903e-09	1.443604e-08	2.117244e+01	2.416167e+03
4.220000e-06	3.797351e-09	1.441726e-08	2.108050e+01	2.410380e+03
4.230000e-06	3.780575e-09	1.438601e-08	2.098729e+01	2.404465e+03
4.240000e-06	3.763516e-09	1.432405e-08	2.089247e+01	2.398420e+03
4.250000e-06	3.746154e-09	1.428835e-08	2.079595e+01	2.392242e+03
4.260000e-06	3.728517e-09	1.427868e-08	2.069795e+01	2.385932e+03
4.270000e-06	3.710630e-09	1.423858e-08	2.059861e+01	2.379488e+03
4.280000e-06	3.692512e-09	1.418331e-08	2.049803e+01	2.372911e+03
4.290000e-06	3.674179e-09	1.415303e-08	2.039624e+01	2.366202e+03
4.300000e-06	3.655610e-09	1.411939e-08	2.029305e+01	2.359362e+03
4.310000e-06	3.636727e-09	1.406441e-08	2.018812e+01	2.352394e+03
4.320000e-06	3.617551e-09	1.402297e-08	2.008161e+01	2.345298e+03
4.330000e-06	3.598125e-09	1.399215e-08	1.997368e+01	2.338075e+03
4.340000e-06	3.578465e-09	1.394256e-08	1.986450e+01	2.330725e+03
4.350000e-06	3.558614e-09	1.389417e-08	1.975430e+01	2.323248e+03
4.360000e-06	3.538605e-09	1.386297e-08	1.964321e+01	2.315643e+03
4.370000e-06	3.518471e-09	1.381745e-08	1.953144e+01	2.307909e+03
4.380000e-06	3.498213e-09	1.375563e-08	1.941900e+01	2.300042e+03
4.390000e-06	3.477810e-09	1.370902e-08	1.930572e+01	2.292041e+03
4.400000e-06	3.457223e-09	1.367017e-08	1.919137e+01	2.283902e+03
4.410000e-06	3.436369e-09	1.361928e-08	1.907552e+01	2.275624e+03
4.420000e-06	3.415153e-09	1.356920e-08	1.895762e+01	2.267204e+03
4.430000e-06	3.393498e-09	1.352276e-08	1.883731e+01	2.258640e+03
4.440000e-06	3.371395e-09	1.346633e-08	1.871450e+01	2.249933e+03
4.450000e-06	3.348869e-09	1.340919e-08	1.858923e+01	2.241082e+03
4.460000e-06	3.325920e-09	1.336044e-08	1.846164e+01	2.232088e+03
4.470000e-06	3.302604e-09	1.330620e-08	1.833213e+01	2.222954e+03
4.480000e-06	3.279010e-09	1.324625e-08	1.820109e+01	2.213681e+03
4.490000e-06	3.255194e-09	1.319394e-08	1.806884e+01	2.204273e+03
4.500000e-06	3.231215e-09	1.314336e-08	1.793568e+01	2.194731e+03
4.510000e-06	3.207098e-09	1.308543e-08	1.780181e+01	2.185059e+03
4.520000e-06	3.182865e-09	1.302586e-08	1.766733e+01	2.175258e+03
4.530000e-06	3.158523e-09	1.296572e-08	1.753218e+01	2.165327e+03
4.540000e-06	3.134029e-09	1.290290e-08	1.739615e+01	2.155267e+03
4.550000e-06	3.109327e-09	1.284329e-08	1.725895e+01	2.145076e+03
4.560000e-06	3.084395e-09	1.278573e-08	1.712044e+01	2.134749e+03
4.570000e-06	3.059227e-09	1.272231e-08	1.698059e+01	2.124283e+03
4.580000e-06	3.033817e-09	1.265592e-08	1.683938e+01	2.113672e+03
4.590000e-06	3.008165e-09	1.259189e-08	1.669683e+01	2.102909e+03
4.600000e-06	2.982289e-09	1.252671e-08	1.655310e+01	2.091989e+03
4.610000e-06	2.956205e-09	1.245971e-08	1.640827e+01	2.080904e+03
4.620000e-06	2.929943e-09	1.239266e-08	1.626242e+01	2.069648e+03
4.630000e-06	2.903500e-09	1.232394e-08	1.611557e+01	2.058215e+03
4.640000e-06	2.876851e-09	1.225535e-08	1.596762e+01	2.046603e+03
4.650000e-06	2.849990e-09	1.218907e-08	1.581844e+01	2.034806e+03
4.660000e-06	2.822905e-09	1.211999e-08	1.566796e+01	2.022825e+03
4.670000e-06	2.795586e-09	1.204521e-08	1.551619e+01	2.010658e+03
4.680000e-06	2.768057e-09	1.196954e-08	1.536322e+01	1.998308e+03
4.690000e-06	2.740346e-09	1.189536e-08	1.520924e+01	1.985776e+03
4.700000e-06	2.712472e-09	1.182094e-08	1.505440e+01	1.973066e+03
4.710000e-06	2.684469e-09	1.174615e-08	1.489892e+01	1.960181e+03
4.720000e-06	2.656367e-09	1.166941e-08	1.474291e+01	1.947124e+03
4.730000e-06	2.628175e-09	1.159002e-08	1.458644e+01	1.933899e+03
4.740000e-06	2.599895e-09	1.151037e-08	1.442948e+01	1.920508e+03
4.750000e-06	2.571512e-09	1.143077e-08	1.427188e+01	1.906952e+03
4.760000e-06	2.542982e-09	1.134870e-08	1.411339e+01	1.893232e+03
4.770000e-06	2.514265e-09	1.126373e-08	1.395390e+01	1.879345e+03
4.780000e-06	2.485344e-09	1.117870e-08	1.379326e+01	1.865289e+03
4.790000e-06	2.456187e-09	1.109490e-08	1.363120e+01	1.851059e+03
4.800000e-06	2.426739e-09	1.101071e-08	1.346757e+01	1.836649e+03
4.810000e-06	2.397018e-09	1.092377e-08	1.330243e+01	1.822053e+03
4.820000e-06	2.367028e-09	1.083383e-08	1.313565e+01	1.807263e+03
4.830000e-06	2.336703e-09	1.074280e-08	1.296699e+01	1.792271e+03
4.840000e-06	2.306045e-09	1.065223e-08	1.279657e+01	1.777070e+03
4.850000e-06	2.275089e-09	1.056175e-08	1.262457e+01	1.761653e+03
4.860000e-06	2.243870e-09	1.046966e-08	1.245115e+01	1.746012e+03
4.870000e-06	2.212430e-09	1.037505e-08	1.227648e+01	1.730142e+03
4.880000e-06	2.180807e-09	1.027937e-08	1.210081e+01	1.714038e+03
4.890000e-06	2.149044e-09	1.018393e-08	1.192445e+01	1.697696e+03
4.900000e-06	2.117154e-09	1.008659e-08	1.174746e+01	1.681114e+03
4.910000e-06	2.085152e-09	9.985054e-09	1.156983e+01	1.664291e+03
4.920000e-06	2.053067e-09	9.880804e-09	1.139170e+01	1.647225e+03
4.930000e-06	2.020909e-09	9.776462e-09	1.121317e+01	1.629916e+03
4.940000e-06	1.988681e-09	9.672355e-09	1.103425e+01	1.612366e+03
4.950000e-06	1.956361e-09	9.566701e-09	1.085482e+01	1.594574e+03
4.960000e-06	1.923941e-09	9.458074e-09	1.067481e+01	1.576541e+03
4.970000e-06	1.891395e-09	9.347274e-09	1.049407e+01	1.558267e+03
4.980000e-06	1.858711e-09	9.235967e-09	1.031258e+01	1.539750e+03
4.990000e-06	1.825901e-09	9.124127e-09	1.013038e+01	1.520990e+03
5.000000e-06	1.792956e-09	9.010519e-09	9.947426e+00	1.501985e+03
5.010000e-06	1.759882e-09	8.894589e-09	9.763629e+00	1.482730e+03
5.020000e-06	1.726657e-09	8.777403e-09	9.578957e+00	1.463223e+03
5.030000e-06	1.693305e-09	8.659900e-09	9.393583e+00	1.443458e+03
5.040000e-06	1.659841e-09	8.541317e-09	9.207582e+00	1.423429e+03
5.050000e-06	1.626256e-09	8.420381e-09	9.020948e+00	1.403131e+03
5.060000e-06	1.592551e-09	8.296652e-09	8.833684e+00	1.382557e+03
5.070000e-06	1.558725e-09	8.170565e-09	8.645782e+00	1.361700e+03
5.080000e-06	1.524800e-09	8.042983e-09	8.457299e+00	1.340555e+03
5.090000e-06	1.490780e-09	7.914152e-09	8.268311e+00	1.319113e+03
5.100000e-06	1.456669e-09	7.783431e-09	8.078864e+00	1.297369e+03
5.110000e-06	1.422471e-09	7.650148e-09	7.888900e+00	1.275318e+03
5.120000e-06	1.388176e-09	7.515108e-09	7.698402e+00	1.252952e+03
5.130000e-06	1.353782e-09	7.380074e-09	7.507385e+00	1.230267e+03
5.140000e-06	1.319304e-09	7.244770e-09	7.315869e+00	1.207258e+03
5.150000e-06	1.284736e-09	7.107042e-09	7.123848e+00	1.183919e+03
5.160000e-06	1.250072e-09	6.966190e-09	6.931321e+00	1.160246e+03
5.170000e-06	1.215320e-09	6.823443e-09	6.738298e+00	1.136234e+03
5.180000e-06	1.180499e-09	6.679287e-09	6.544805e+00	1.111878e+03
5.190000e-06	1.145608e-09	6.533222e-09	6.350903e+00	1.087173e+03
5.200000e-06	1.110621e-09	6.384582e-09	6.156497e+00	1.062112e+03
5.210000e-06	1.075532e-09	6.232892e-09	5.961515e+00	1.036692e+03
5.220000e-06	1.040353e-09	6.078217e-09	5.765996e+00	1.010904e+03
5.230000e-06	1.005092e-09	5.921699e-09	5.570007e+00	9.847431e+02
5.240000e-06	9.697412e-10	5.763714e-09	5.373529e+00	9.582026e+02
5.250000e-06	9.342977e-10	5.602933e-09	5.176586e+00	9.312757e+02
5.260000e-06	8.987807e-10	5.439419e-09	4.979221e+00	9.039557e+02
5.270000e-06	8.631826e-10	5.274807e-09	4.781393e+00	8.762361e+02
5.280000e-06	8.275201e-10	5.108508e-09	4.583214e+00	8.481105e+02
5.290000e-06	7.918066e-10	4.938662e-09	4.384766e+00	8.195731e+02
5.300000e-06	7.560292e-10	4.765630e-09	4.186020e+00	7.906184e+02
5.310000e-06	7.202190e-10	4.590519e-09	3.987139e+00	7.612412e+02
5.320000e-06	6.843833e-10	4.412943e-09	3.788153e+00	7.314371e+02
5.330000e-06	6.485172e-10	4.232265e-09	3.588969e+00	7.012021e+02
5.340000e-06	6.126177e-10	4.048886e-09	3.389620e+00	6.705325e+02
5.350000e-06	5.766814e-10	3.863399e-09	3.190081e+00	6.394253e+02
5.360000e-06	5.407211e-10	3.675805e-09	2.990374e+00	6.078778e+02
5.370000e-06	5.047423e-10	3.485961e-09	2.790564e+00	5.758874e+02
5.380000e-06	4.687407e-10	3.293504e-09	2.590676e+00	5.434523e+02
5.390000e-06	4.327239e-10	3.097576e-09	2.390709e+00	5.105710e+02
5.400000e-06	3.967008e-10	2.898028e-09	2.190654e+00	4.772425e+02
5.410000e-06	3.606610e-10	2.695586e-09	1.990529e+00	4.434667e+02
5.420000e-06	3.246039e-10	2.490942e-09	1.790366e+00	4.092448e+02
5.430000e-06	2.885497e-10	2.284118e-09	1.590222e+00	3.745792e+02
5.440000e-06	2.524933e-10	2.074926e-09	1.390071e+00	3.394744e+02
5.450000e-06	2.164291e-10	1.862899e-09	1.189896e+00	3.039373e+02
5.460000e-06	1.803585e-10	1.648307e-09	9.896600e-01	2.679777e+02
5.470000e-06	1.442816e-10	1.432223e-09	7.893550e-01	2.316089e+02
5.480000e-06	1.082007e-10	1.214111e-09	5.890519e-01	1.948480e+02
5.490000e-06	7.210582e-11	9.928615e-10	3.887135e-01	1.577164e+02
5.500000e-06	3.601116e-11	7.687567e-10	1.883817e-01	1.202400e+02
5.510000e-06	-7.480375e-14	5.426127e-10	-1.191296e-02	8.244949e+01
5.520000e-06	-3.616112e-11	3.152511e-10	-2.122220e-01	4.438030e+01
5.530000e-06	-7.225230e-11	8.678953e-11	-4.125857e-01	6.072312e+00
5.540000e-06	-1.083445e-10	-1.433302e-10	-6.129622e-01	-3.243032e+01
5.550000e-06	-1.444281e-10	-3.745798e-10	-8.132871e-01	-7.107974e+01
5.560000e-06	-1.805050e-10	-6.061241e-10	-1.013587e+00	-1.098250e+02
5.570000e-06	-2.165826e-10	-8.379574e-10	-1.213890e+00	-1.486129e+02
5.580000e-06	-2.526584e-10	-1.069878e-09	-1.414170e+00	-1.873887e+02
5.590000e-06	-2.887237e-10	-1.301421e-09	-1.614383e+00	-2.260972e+02
5.600000e-06	-3.247799e-10	-1.532342e-09	-1.814558e+00	-2.646837e+02
5.610000e-06	-3.608252e-10	-1.762129e-09	-2.014701e+00	-3.030944e+02
5.620000e-06	-3.968487e-10	-1.990699e-09	-2.214729e+00	-3.412782e+02
5.630000e-06	-4.328454e-10	-2.218194e-09	-2.414605e+00	-3.791865e+02
5.640000e-06	-4.688305e-10	-2.443942e-09	-2.614407e+00	-4.167744e+02
5.650000e-06	-5.048133e-10	-2.667196e-09	-2.814179e+00	-4.540009e+02
5.660000e-06	-5.407761e-10	-2.887740e-09	-3.013889e+00	-4.908293e+02
5.670000e-06	-5.767059e-10	-3.105604e-09	-3.213437e+00	-5.272278e+02
5.680000e-06	-6.126067e-10	-3.320784e-09	-3.412784e+00	-5.631688e+02
5.690000e-06	-6.484746e-10	-3.533225e-09	-3.611967e+00	-5.986293e+02
5.700000e-06	-6.843140e-10	-3.743420e-09	-3.810992e+00	-6.335909e+02
5.710000e-06	-7.201116e-10	-3.951295e-09	-4.009796e+00	-6.680390e+02
5.720000e-06	-7.558495e-10	-4.155700e-09	-4.208303e+00	-7.019627e+02
5.730000e-06	-7.915214e-10	-4.356419e-09	-4.406465e+00	-7.353545e+02
5.740000e-06	-8.271220e-10	-4.554400e-09	-4.604242e+00	-7.682100e+02
5.750000e-06	-8.626529e-10	-4.749421e-09	-4.801539e+00	-8.005271e+02
5.760000e-06	-8.980943e-10	-4.940071e-09	-4.998305e+00	-8.323058e+02
5.770000e-06	-9.334370e-10	-5.126838e-09	-5.194573e+00	-8.635480e+02
5.780000e-06	-9.686874e-10	-5.311021e-09	-5.390395e+00	-8.942571e+02
5.790000e-06	-1.003861e-09	-5.492924e-09	-5.585805e+00	-9.244374e+02
5.800000e-06	-1.038954e-09	-5.672373e-09	-5.780751e+00	-9.540943e+02
5.810000e-06	-1.073962e-09	-5.848930e-09	-5.975232e+00	-9.832336e+02
5.820000e-06	-1.108901e-09	-6.022491e-09	-6.169322e+00	-1.011862e+03
5.830000e-06	-1.143755e-09	-6.192362e-09	-6.362981e+00	-1.039986e+03
5.840000e-06	-1.178508e-09	-6.357995e-09	-6.556069e+00	-1.067613e+03
5.850000e-06	-1.213158e-09	-6.520064e-09	-6.748511e+00	-1.094749e+03
5.860000e-06	-1.247717e-09	-6.679206e-09	-6.940411e+00	-1.121404e+03
5.870000e-06	-1.282205e-09	-6.835811e-09	-7.131880e+00	-1.147583e+03
5.880000e-06	-1.316609e-09	-6.990268e-09	-7.322854e+00	-1.173296e+03
5.890000e-06	-1.350916e-09	-7.142764e-09	-7.513336e+00	-1.198550e+03
5.900000e-06	-1.385143e-09	-7.292709e-09	-7.703391e+00	-1.223355e+03
5.910000e-06	-1.419299e-09	-7.439424e-09	-7.892986e+00	-1.247718e+03
5.920000e-06	-1.453367e-09	-7.582558e-09	-8.082121e+00	-1.271651e+03
5.930000e-06	-1.487342e-09	-7.722269e-09	-8.270806e+00	-1.295163e+03
5.940000e-06	-1.521230e-09	-7.859460e-09	-8.459062e+00	-1.318265e+03
5.950000e-06	-1.555022e-09	-7.995108e-09	-8.646746e+00	-1.340970e+03
5.960000e-06	-1.588696e-09	-8.129572e-09	-8.833742e+00	-1.363289e+03
5.970000e-06	-1.622230e-09	-8.262779e-09	-9.020065e+00	-1.385235e+03
5.980000e-06	-1.655628e-09	-8.394482e-09	-9.205685e+00	-1.406822e+03
5.990000e-06	-1.688883e-09	-8.524042e-09	-9.390476e+00	-1.428061e+03
6.000000e-06	-1.721992e-09	-8.650894e-09	-9.574381e+00	-1.448966e+03
6.010000e-06	-1.754948e-09	-8.774580e-09	-9.757435e+00	-1.469549e+03
6.020000e-06	-1.787762e-09	-8.895209e-09	-9.939668e+00	-1.489821e+03
6.030000e-06	-1.820443e-09	-9.013837e-09	-1.012114e+01	-1.509791e+03
6.040000e-06	-1.852998e-09	-9.131290e-09	-1.030191e+01	-1.529469e+03
6.050000e-06	-1.885473e-09	-9.247546e-09	-1.048223e+01	-1.548860e+03
6.060000e-06	-1.917862e-09	-9.362450e-09	-1.066206e+01	-1.567970e+03
6.070000e-06	-1.950153e-09	-9.476104e-09	-1.084132e+01	-1.586801e+03
6.080000e-06	-1.982378e-09	-9.588060e-09	-1.102019e+01	-1.605356e+03
6.090000e-06	-2.014542e-09	-9.698289e-09	-1.119871e+01	-1.623634e+03
6.100000e-06	-2.046631e-09	-9.806688e-09	-1.137681e+01	-1.641634e+03
6.110000e-06	-2.078629e-09	-9.913140e-09	-1.155443e+01	-1.659356e+03
6.120000e-06	-2.110523e-09	-1.001833e-08	-1.173145e+01	-1.676797e+03
6.130000e-06	-2.142272e-09	-1.012177e-08	-1.190765e+01	-1.693958e+03
6.140000e-06	-2.173862e-09	-1.022324e-08	-1.208297e+01	-1.710838e+03
6.150000e-06	-2.205270e-09	-1.032306e-08	-1.225733e+01	-1.727438e+03
6.160000e-06	-2.236473e-09	-1.042106e-08	-1.243055e+01	-1.743763e+03
6.170000e-06	-2.267445e-09	-1.051747e-08	-1.260247e+01	-1.759817e+03
6.180000e-06	-2.298138e-09	-1.061243e-08	-1.277293e+01	-1.775608e+03
6.190000e-06	-2.328539e-09	-1.070548e-08	-1.294176e+01	-1.791143e+03
6.200000e-06	-2.358630e-09	-1.079693e-08	-1.310883e+01	-1.806435e+03
6.210000e-06	-2.388396e-09	-1.088740e-08	-1.327408e+01	-1.821494e+03
6.220000e-06	-2.417870e-09	-1.097673e-08	-1.343766e+01	-1.836331e+03
6.230000e-06	-2.447069e-09	-1.106526e-08	-1.359978e+01	-1.850959e+03
6.240000e-06	-2.475995e-09	-1.115316e-08	-1.376044e+01	-1.865388e+03
6.250000e-06	-2.504694e-09	-1.123950e-08	-1.391975e+01	-1.879628e+03
6.260000e-06	-2.533210e-09	-1.132417e-08	-1.407802e+01	-1.893685e+03
6.270000e-06	-2.561592e-09	-1.140803e-08	-1.423555e+01	-1.907565e+03
6.280000e-06	-2.589870e-09	-1.149129e-08	-1.439249e+01	-1.921270e+03
6.290000e-06	-2.618058e-09	-1.157364e-08	-1.454892e+01	-1.934801e+03
6.300000e-06	-2.646174e-09	-1.165494e-08	-1.470492e+01	-1.948154e+03
6.310000e-06	-2.674205e-09	-1.173537e-08	-1.486046e+01	-1.961328e+03
6.320000e-06	-2.702128e-09	-1.181423e-08	-1.501545e+01	-1.974315e+03
6.330000e-06	-2.729903e-09	-1.189096e-08	-1.516965e+01	-1.987110e+03
6.340000e-06	-2.757493e-09	-1.196612e-08	-1.532286e+01	-1.999709e+03
6.350000e-06	-2.784880e-09	-1.203999e-08	-1.547491e+01	-2.012106e+03
6.360000e-06	-2.812026e-09	-1.211281e-08	-1.562556e+01	-2.024298e+03
6.370000e-06	-2.838920e-09	-1.218500e-08	-1.577478e+01	-2.036284e+03
6.380000e-06	-2.865593e-09	-1.225617e-08	-1.592277e+01	-2.048066e+03
6.390000e-06	-2.892067e-09	-1.232586e-08	-1.606971e+01	-2.059648e+03
6.400000e-06	-2.918347e-09	-1.239441e-08	-1.621561e+01	-2.071037e+03
6.410000e-06	-2.944426e-09	-1.246212e-08	-1.636038e+01	-2.082242e+03
6.420000e-06	-2.970298e-09	-1.252869e-08	-1.650398e+01	-2.093273e+03
6.430000e-06	-2.995963e-09	-1.259401e-08	-1.664639e+01	-2.104142e+03
6.440000e-06	-3.021404e-09	-1.265878e-08	-1.678753e+01	-2.114862e+03
6.450000e-06	-3.046601e-09	-1.272340e-08	-1.692737e+01	-2.125443e+03
6.460000e-06	-3.071555e-09	-1.278766e-08	-1.706588e+01	-2.135897e+03
6.470000e-06	-3.096281e-09	-1.285124e-08	-1.720305e+01	-2.146232e+03
6.480000e-06	-3.120814e-09	-1.291398e-08	-1.733916e+01	-2.156453e+03
6.490000e-06	-3.145194e-09	-1.297555e-08	-1.747442e+01	-2.166565e+03
6.500000e-06	-3.169457e-09	-1.303611e-08	-1.760900e+01	-2.176566e+03
6.510000e-06	-3.193604e-09	-1.309576e-08	-1.774296e+01	-2.186454e+03
6.520000e-06	-3.217636e-09	-1.315415e-08	-1.787627e+01	-2.196223e+03
6.530000e-06	-3.241518e-09	-1.321163e-08	-1.800879e+01	-2.205865e+03
6.540000e-06	-3.265188e-09	-1.326877e-08	-1.814021e+01	-2.215371e+03
6.550000e-06	-3.288619e-09	-1.332513e-08	-1.827028e+01	-2.224730e+03
6.560000e-06	-3.311756e-09	-1.338062e-08	-1.839865e+01	-2.233931e+03
6.570000e-06	-3.334529e-09	-1.343542e-08	-1.852501e+01	-2.242966e+03
6.580000e-06	-3.356900e-09	-1.348859e-08	-1.864915e+01	-2.251826e+03
6.590000e-06	-3.378839e-09	-1.353993e-08	-1.877093e+01	-2.260503e+03
6.600000e-06	-3.400370e-09	-1.359024e-08	-1.889040e+01	-2.268993e+03
6.610000e-06	-3.421527e-09	-1.363970e-08	-1.900774e+01	-2.277296e+03
6.620000e-06	-3.442354e-09	-1.368833e-08	-1.912326e+01	-2.285410e+03
6.630000e-06	-3.462919e-09	-1.373600e-08	-1.923732e+01	-2.293340e+03
6.640000e-06	-3.483295e-09	-1.378238e-08	-1.935032e+01	-2.301091e+03
6.650000e-06	-3.503537e-09	-1.382764e-08	-1.946256e+01	-2.308669e+03
6.660000e-06	-3.523652e-09	-1.387219e-08	-1.957412e+01	-2.316083e+03
6.670000e-06	-3.543628e-09	-1.391569e-08	-1.968499e+01	-2.323342e+03
6.680000e-06	-3.563429e-09	-1.395742e-08	-1.979486e+01	-2.330454e+03
6.690000e-06	-3.583000e-09	-1.399828e-08	-1.990344e+01	-2.337430e+03
6.700000e-06	-3.602289e-09	-1.403909e-08	-2.001051e+01	-2.344278e+03
6.710000e-06	-3.621293e-09	-1.407911e-08	-2.011596e+01	-2.351006e+03
6.720000e-06	-3.640025e-09	-1.411820e-08	-2.021988e+01	-2.357621e+03
6.730000e-06	-3.658514e-09	-1.415679e-08	-2.032245e+01	-2.364129e+03
6.740000e-06	-3.676802e-09	-1.419477e-08	-2.042390e+01	-2.370536e+03
6.750000e-06	-3.694895e-09	-1.423207e-08	-2.052429e+01	-2.376845e+03
6.760000e-06	-3.712761e-09	-1.426927e-08	-2.062343e+01	-2.383060e+03
6.770000e-06	-3.730341e-09	-1.430652e-08	-2.072101e+01	-2.389183e+03
6.780000e-06	-3.747634e-09	-1.434296e-08	-2.081694e+01	-2.395215e+03
6.790000e-06	-3.764642e-09	-1.437820e-08	-2.091127e+01	-2.401158e+03
6.800000e-06	-3.781371e-09	-1.441299e-08	-2.100405e+01	-2.407013e+03
6.810000e-06	-3.797872e-09	-1.444799e-08	-2.109559e+01	-2.412778e+03
6.820000e-06	-3.814194e-09	-1.448291e-08	-2.118613e+01	-2.418452e+03
6.830000e-06	-3.830367e-09	-1.451691e-08	-2.127583e+01	-2.424035e+03
6.840000e-06	-3.846374e-09	-1.455004e-08	-2.136458e+01	-2.429522e+03
6.850000e-06	-3.862145e-09	-1.458281e-08	-2.145203e+01	-2.434911e+03
6.860000e-06	-3.877592e-09	-1.461416e-08	-2.153771e+01	-2.440197e+03
6.870000e-06	-3.892641e-09	-1.464356e-08	-2.162114e+01	-2.445375e+03
6.880000e-06	-3.907207e-09	-1.467251e-08	-2.170185e+01	-2.450440e+03
6.890000e-06	-3.921264e-09	-1.470225e-08	-2.177966e+01	-2.455385e+03
6.900000e-06	-3.934847e-09	-1.473240e-08	-2.185480e+01	-2.460206e+03
6.910000e-06	-3.948026e-09	-1.476196e-08	-2.192780e+01	-2.464895e+03
6.920000e-06	-3.960868e-09	-1.479029e-08	-2.199895e+01	-2.469449e+03
6.930000e-06	-3.973408e-09	-1.481686e-08	-2.206842e+01	-2.473863e+03
6.940000e-06	-3.985699e-09	-1.484189e-08	-2.213651e+01	-2.478134e+03
6.950000e-06	-3.997742e-09	-1.486616e-08	-2.220329e+01	-2.482260e+03
6.960000e-06	-4.009503e-09	-1.488935e-08	-2.226856e+01	-2.486243e+03
6.970000e-06	-4.020953e-09	-1.491111e-08	-2.233213e+01	-2.490084e+03
6.980000e-06	-4.032075e-09	-1.493249e-08	-2.239387e+01	-2.493786e+03
6.990000e-06	-4.042889e-09	-1.495453e-08	-2.245387e+01	-2.497354e+03
7.000000e-06	-4.053436e-09	-1.497675e-08	-2.251236e+01	-2.500794e+03
7.010000e-06	-4.063747e-09	-1.499760e-08	-2.256952e+01	-2.504113e+03
7.020000e-06	-4.073823e-09	-1.501643e-08	-2.262537e+01	-2.507317e+03
7.030000e-06	-4.083638e-09	-1.503428e-08	-2.267978e+01	-2.510413e+03
7.040000e-06	-4.093159e-09	-1.505239e-08	-2.273256e+01	-2.513409e+03
7.050000e-06	-4.102358e-09	-1.507085e-08	-2.278359e+01	-2.516309e+03
7.060000e-06	-4.111247e-09	-1.508882e-08	-2.283290e+01	-2.519118e+03
7.070000e-06	-4.119868e-09	-1.510600e-08	-2.288064e+01	-2.521840e+03
7.080000e-06	-4.128268e-09	-1.512276e-08	-2.292716e+01	-2.524477e+03
7.090000e-06	-4.136503e-09	-1.513917e-08	-2.297281e+01	-2.527032e+03
7.100000e-06	-4.144591e-09	-1.515537e-08	-2.301766e+01	-2.529503e+03
7.110000e-06	-4.152489e-09	-1.517100e-08	-2.306148e+01	-2.531892e+03
7.120000e-06	-4.160100e-09	-1.518541e-08	-2.310372e+01	-2.534197e+03
7.130000e-06	-4.167360e-09	-1.519883e-08	-2.314399e+01	-2.536417e+03
7.140000e-06	-4.174228e-09	-1.521220e-08	-2.318199e+01	-2.538553e+03
7.150000e-06	-4.180653e-09	-1.522596e-08	-2.321749e+01	-2.540602e+03
7.160000e-06	-4.186577e-09	-1.523898e-08	-2.325029e+01	-2.542565e+03
7.170000e-06	-4.191985e-09	-1.525038e-08	-2.328031e+01	-2.544442e+03
7.180000e-06	-4.196958e-09	-1.526083e-08	-2.330788e+01	-2.546233e+03
7.190000e-06	-4.201615e-09	-1.527145e-08	-2.333363e+01	-2.547939e+03
7.200000e-06	-4.206043e-09	-1.528217e-08	-2.335810e+01	-2.549561e+03
7.210000e-06	-4.210297e-09	-1.529189e-08	-2.338164e+01	-2.551098e+03
7.220000e-06	-4.214390e-09	-1.529991e-08	-2.340432e+01	-2.552550e+03
7.230000e-06	-4.218276e-09	-1.530690e-08	-2.342589e+01	-2.553917e+03
7.240000e-06	-4.221886e-09	-1.531430e-08	-2.344597e+01	-2.555196e+03
7.250000e-06	-4.225177e-09	-1.532203e-08	-2.346419e+01	-2.556384e+03
7.260000e-06	-4.228144e-09	-1.532883e-08	-2.348058e+01	-2.557477e+03
7.270000e-06	-4.230818e-09	-1.533451e-08	-2.349538e+01	-2.558471e+03
7.280000e-06	-4.233235e-09	-1.534008e-08	-2.350879e+01	-2.559361e+03
7.290000e-06	-4.235428e-09	-1.534522e-08	-2.352094e+01	-2.560140e+03
7.300000e-06	-4.237390e-09	-1.534884e-08	-2.353177e+01	-2.560803e+03
7.310000e-06	-4.238991e-09	-1.535154e-08	-2.354056e+01	-2.561346e+03
7.320000e-06	-4.240210e-09	-1.535416e-08	-2.354719e+01	-2.561763e+03
7.330000e-06	-4.241165e-09	-1.535607e-08	-2.355238e+01	-2.562053e+03
7.340000e-06	-4.241855e-09	-1.535684e-08	-2.355614e+01	-2.562214e+03
7.350000e-06	-4.242297e-09	-1.535746e-08	-2.355852e+01	-2.562245e+03
