# Concentracion g/m^3_=_53300.0
# C_Vs_to_Am_M_A/Vsm_=_128687336408.14134
# pendiente_HvsI_1/m_=_3716.3
# ordenada_HvsI_A/m_=_1297.0
# frecuencia_Hz_=_136110.61451170399
# Promedio de 30 ciclos

Tiempo_(s)	Campo_(V.s)	Magnetizacion_(V.s)	Campo_(kA/m)	Magnetizacion_(A/m)
0.000000e+00	-4.956916e-09	-1.474799e-08	-2.729808e+01	-2.355918e+03
1.000000e-08	-4.956994e-09	-1.474724e-08	-2.729859e+01	-2.355812e+03
2.000000e-08	-4.956877e-09	-1.474513e-08	-2.729803e+01	-2.355607e+03
3.000000e-08	-4.956515e-09	-1.474236e-08	-2.729609e+01	-2.355306e+03
4.000000e-08	-4.955822e-09	-1.473849e-08	-2.729229e+01	-2.354913e+03
5.000000e-08	-4.954671e-09	-1.473238e-08	-2.728597e+01	-2.354430e+03
6.000000e-08	-4.952954e-09	-1.472518e-08	-2.727647e+01	-2.353860e+03
7.000000e-08	-4.950587e-09	-1.472239e-08	-2.726342e+01	-2.353204e+03
8.000000e-08	-4.947555e-09	-1.472999e-08	-2.724677e+01	-2.352465e+03
9.000000e-08	-4.944011e-09	-1.473485e-08	-2.722728e+01	-2.351643e+03
1.000000e-07	-4.940184e-09	-1.471945e-08	-2.720625e+01	-2.350738e+03
1.100000e-07	-4.936209e-09	-1.470559e-08	-2.718437e+01	-2.349751e+03
1.200000e-07	-4.932096e-09	-1.469444e-08	-2.716177e+01	-2.348681e+03
1.300000e-07	-4.927802e-09	-1.466840e-08	-2.713822e+01	-2.347527e+03
1.400000e-07	-4.923215e-09	-1.467013e-08	-2.711307e+01	-2.346289e+03
1.500000e-07	-4.918199e-09	-1.468653e-08	-2.708554e+01	-2.344966e+03
1.600000e-07	-4.912739e-09	-1.466036e-08	-2.705548e+01	-2.343558e+03
1.700000e-07	-4.906913e-09	-1.464059e-08	-2.702339e+01	-2.342065e+03
1.800000e-07	-4.900762e-09	-1.466405e-08	-2.698959e+01	-2.340485e+03
1.900000e-07	-4.894274e-09	-1.466026e-08	-2.695395e+01	-2.338819e+03
2.000000e-07	-4.887404e-09	-1.461376e-08	-2.691614e+01	-2.337066e+03
2.100000e-07	-4.880176e-09	-1.459145e-08	-2.687636e+01	-2.335225e+03
2.200000e-07	-4.872652e-09	-1.459802e-08	-2.683501e+01	-2.333296e+03
2.300000e-07	-4.864863e-09	-1.459155e-08	-2.679220e+01	-2.331277e+03
2.400000e-07	-4.856833e-09	-1.456678e-08	-2.674806e+01	-2.329169e+03
2.500000e-07	-4.848566e-09	-1.454909e-08	-2.670259e+01	-2.326969e+03
2.600000e-07	-4.839994e-09	-1.454787e-08	-2.665545e+01	-2.324676e+03
2.700000e-07	-4.830945e-09	-1.453999e-08	-2.660564e+01	-2.322290e+03
2.800000e-07	-4.821292e-09	-1.450989e-08	-2.655248e+01	-2.319809e+03
2.900000e-07	-4.811038e-09	-1.448205e-08	-2.649607e+01	-2.317233e+03
3.000000e-07	-4.800240e-09	-1.447321e-08	-2.643666e+01	-2.314560e+03
3.100000e-07	-4.788976e-09	-1.446396e-08	-2.637472e+01	-2.311790e+03
3.200000e-07	-4.777334e-09	-1.444408e-08	-2.631072e+01	-2.308924e+03
3.300000e-07	-4.765378e-09	-1.442627e-08	-2.624497e+01	-2.305960e+03
3.400000e-07	-4.753108e-09	-1.440937e-08	-2.617742e+01	-2.302899e+03
3.500000e-07	-4.740490e-09	-1.438315e-08	-2.610796e+01	-2.299742e+03
3.600000e-07	-4.727497e-09	-1.435940e-08	-2.603655e+01	-2.296488e+03
3.700000e-07	-4.714108e-09	-1.434621e-08	-2.596294e+01	-2.293138e+03
3.800000e-07	-4.700330e-09	-1.432521e-08	-2.588714e+01	-2.289692e+03
3.900000e-07	-4.686190e-09	-1.429259e-08	-2.580936e+01	-2.286150e+03
4.000000e-07	-4.671658e-09	-1.427262e-08	-2.572937e+01	-2.282511e+03
4.100000e-07	-4.656666e-09	-1.426196e-08	-2.564680e+01	-2.278774e+03
4.200000e-07	-4.641174e-09	-1.423299e-08	-2.556142e+01	-2.274939e+03
4.300000e-07	-4.625177e-09	-1.419399e-08	-2.547333e+01	-2.271004e+03
4.400000e-07	-4.608715e-09	-1.417088e-08	-2.538284e+01	-2.266968e+03
4.500000e-07	-4.591868e-09	-1.415264e-08	-2.529022e+01	-2.262829e+03
4.600000e-07	-4.574731e-09	-1.412272e-08	-2.519592e+01	-2.258587e+03
4.700000e-07	-4.557354e-09	-1.409495e-08	-2.510033e+01	-2.254240e+03
4.800000e-07	-4.539734e-09	-1.407444e-08	-2.500347e+01	-2.249787e+03
4.900000e-07	-4.521865e-09	-1.404489e-08	-2.490517e+01	-2.245228e+03
5.000000e-07	-4.503712e-09	-1.400985e-08	-2.480523e+01	-2.240563e+03
5.100000e-07	-4.485210e-09	-1.398225e-08	-2.470342e+01	-2.235791e+03
5.200000e-07	-4.466318e-09	-1.395296e-08	-2.459953e+01	-2.230913e+03
5.300000e-07	-4.447032e-09	-1.391589e-08	-2.449348e+01	-2.225929e+03
5.400000e-07	-4.427419e-09	-1.388399e-08	-2.438562e+01	-2.220838e+03
5.500000e-07	-4.407598e-09	-1.385750e-08	-2.427661e+01	-2.215642e+03
5.600000e-07	-4.387631e-09	-1.382353e-08	-2.416679e+01	-2.210338e+03
5.700000e-07	-4.367508e-09	-1.378554e-08	-2.405610e+01	-2.204927e+03
5.800000e-07	-4.347192e-09	-1.375126e-08	-2.394433e+01	-2.199408e+03
5.900000e-07	-4.326609e-09	-1.371405e-08	-2.383107e+01	-2.193777e+03
6.000000e-07	-4.305695e-09	-1.367347e-08	-2.371602e+01	-2.188033e+03
6.100000e-07	-4.284441e-09	-1.363841e-08	-2.359912e+01	-2.182175e+03
6.200000e-07	-4.262849e-09	-1.360412e-08	-2.348033e+01	-2.176198e+03
6.300000e-07	-4.240961e-09	-1.356371e-08	-2.335988e+01	-2.170102e+03
6.400000e-07	-4.218806e-09	-1.352425e-08	-2.323796e+01	-2.163884e+03
6.500000e-07	-4.196368e-09	-1.348716e-08	-2.311450e+01	-2.157542e+03
6.600000e-07	-4.173600e-09	-1.344493e-08	-2.298920e+01	-2.151077e+03
6.700000e-07	-4.150484e-09	-1.340068e-08	-2.286202e+01	-2.144487e+03
6.800000e-07	-4.127068e-09	-1.335916e-08	-2.273325e+01	-2.137773e+03
6.900000e-07	-4.103400e-09	-1.331578e-08	-2.260307e+01	-2.130936e+03
7.000000e-07	-4.079518e-09	-1.327053e-08	-2.247168e+01	-2.123979e+03
7.100000e-07	-4.055466e-09	-1.322780e-08	-2.233930e+01	-2.116902e+03
7.200000e-07	-4.031214e-09	-1.318347e-08	-2.220577e+01	-2.109707e+03
7.300000e-07	-4.006691e-09	-1.313453e-08	-2.207077e+01	-2.102397e+03
7.400000e-07	-3.981823e-09	-1.308624e-08	-2.193384e+01	-2.094971e+03
7.500000e-07	-3.956509e-09	-1.303948e-08	-2.179447e+01	-2.087429e+03
7.600000e-07	-3.930715e-09	-1.299053e-08	-2.165242e+01	-2.079771e+03
7.700000e-07	-3.904419e-09	-1.294100e-08	-2.150744e+01	-2.071995e+03
7.800000e-07	-3.877645e-09	-1.289217e-08	-2.135982e+01	-2.064097e+03
7.900000e-07	-3.850468e-09	-1.284128e-08	-2.121014e+01	-2.056074e+03
8.000000e-07	-3.822965e-09	-1.278903e-08	-2.105881e+01	-2.047922e+03
8.100000e-07	-3.795223e-09	-1.273713e-08	-2.090621e+01	-2.039635e+03
8.200000e-07	-3.767307e-09	-1.268289e-08	-2.075264e+01	-2.031209e+03
8.300000e-07	-3.739257e-09	-1.262674e-08	-2.059837e+01	-2.022641e+03
8.400000e-07	-3.711060e-09	-1.257249e-08	-2.044324e+01	-2.013927e+03
8.500000e-07	-3.682679e-09	-1.251873e-08	-2.028700e+01	-2.005065e+03
8.600000e-07	-3.654068e-09	-1.246223e-08	-2.012943e+01	-1.996054e+03
8.700000e-07	-3.625173e-09	-1.240397e-08	-1.997030e+01	-1.986896e+03
8.800000e-07	-3.595967e-09	-1.234472e-08	-1.980950e+01	-1.977591e+03
8.900000e-07	-3.566463e-09	-1.228402e-08	-1.964707e+01	-1.968144e+03
9.000000e-07	-3.536718e-09	-1.222384e-08	-1.948337e+01	-1.958558e+03
9.100000e-07	-3.506773e-09	-1.216400e-08	-1.931855e+01	-1.948837e+03
9.200000e-07	-3.476621e-09	-1.210198e-08	-1.915258e+01	-1.938985e+03
9.300000e-07	-3.446221e-09	-1.203893e-08	-1.898526e+01	-1.929005e+03
9.400000e-07	-3.415566e-09	-1.197675e-08	-1.881651e+01	-1.918900e+03
9.500000e-07	-3.384674e-09	-1.191371e-08	-1.864644e+01	-1.908669e+03
9.600000e-07	-3.353541e-09	-1.184831e-08	-1.847506e+01	-1.898311e+03
9.700000e-07	-3.322175e-09	-1.178120e-08	-1.830239e+01	-1.887823e+03
9.800000e-07	-3.290612e-09	-1.171382e-08	-1.812864e+01	-1.877198e+03
9.900000e-07	-3.258879e-09	-1.164712e-08	-1.795404e+01	-1.866431e+03
1.000000e-06	-3.226998e-09	-1.158083e-08	-1.777865e+01	-1.855512e+03
1.010000e-06	-3.194989e-09	-1.151348e-08	-1.760248e+01	-1.844432e+03
1.020000e-06	-3.162839e-09	-1.144339e-08	-1.742552e+01	-1.833183e+03
1.030000e-06	-3.130508e-09	-1.137081e-08	-1.724755e+01	-1.821755e+03
1.040000e-06	-3.097942e-09	-1.129738e-08	-1.706825e+01	-1.810141e+03
1.050000e-06	-3.065107e-09	-1.122337e-08	-1.688737e+01	-1.798335e+03
1.060000e-06	-3.031958e-09	-1.114837e-08	-1.670469e+01	-1.786333e+03
1.070000e-06	-2.998471e-09	-1.107250e-08	-1.652011e+01	-1.774133e+03
1.080000e-06	-2.964616e-09	-1.099575e-08	-1.633350e+01	-1.761736e+03
1.090000e-06	-2.930389e-09	-1.091819e-08	-1.614484e+01	-1.749145e+03
1.100000e-06	-2.895813e-09	-1.083912e-08	-1.595429e+01	-1.736363e+03
1.110000e-06	-2.860879e-09	-1.075709e-08	-1.576179e+01	-1.723397e+03
1.120000e-06	-2.825637e-09	-1.067245e-08	-1.556763e+01	-1.710251e+03
1.130000e-06	-2.790151e-09	-1.058753e-08	-1.537225e+01	-1.696933e+03
1.140000e-06	-2.754480e-09	-1.050356e-08	-1.517594e+01	-1.683446e+03
1.150000e-06	-2.718686e-09	-1.041995e-08	-1.497898e+01	-1.669794e+03
1.160000e-06	-2.682798e-09	-1.033552e-08	-1.478150e+01	-1.655978e+03
1.170000e-06	-2.646815e-09	-1.024928e-08	-1.458352e+01	-1.641997e+03
1.180000e-06	-2.610736e-09	-1.016118e-08	-1.438501e+01	-1.627848e+03
1.190000e-06	-2.574549e-09	-1.007182e-08	-1.418588e+01	-1.613524e+03
1.200000e-06	-2.538226e-09	-9.981271e-09	-1.398593e+01	-1.599018e+03
1.210000e-06	-2.501738e-09	-9.889086e-09	-1.378504e+01	-1.584319e+03
1.220000e-06	-2.465082e-09	-9.795689e-09	-1.358316e+01	-1.569418e+03
1.230000e-06	-2.428238e-09	-9.702237e-09	-1.338019e+01	-1.554303e+03
1.240000e-06	-2.391186e-09	-9.608009e-09	-1.317610e+01	-1.538962e+03
1.250000e-06	-2.353940e-09	-9.511511e-09	-1.297100e+01	-1.523386e+03
1.260000e-06	-2.316521e-09	-9.412631e-09	-1.276498e+01	-1.507565e+03
1.270000e-06	-2.278927e-09	-9.311324e-09	-1.255807e+01	-1.491494e+03
1.280000e-06	-2.241168e-09	-9.207706e-09	-1.235031e+01	-1.475166e+03
1.290000e-06	-2.203277e-09	-9.102949e-09	-1.214182e+01	-1.458578e+03
1.300000e-06	-2.165249e-09	-8.997324e-09	-1.193251e+01	-1.441730e+03
1.310000e-06	-2.127068e-09	-8.889444e-09	-1.172229e+01	-1.424621e+03
1.320000e-06	-2.088725e-09	-8.779397e-09	-1.151117e+01	-1.407252e+03
1.330000e-06	-2.050219e-09	-8.668766e-09	-1.129920e+01	-1.389625e+03
1.340000e-06	-2.011557e-09	-8.557288e-09	-1.108631e+01	-1.371742e+03
1.350000e-06	-1.972741e-09	-8.443747e-09	-1.087246e+01	-1.353604e+03
1.360000e-06	-1.933785e-09	-8.328455e-09	-1.065785e+01	-1.335211e+03
1.370000e-06	-1.894696e-09	-8.211919e-09	-1.044259e+01	-1.316563e+03
1.380000e-06	-1.855474e-09	-8.094374e-09	-1.022660e+01	-1.297656e+03
1.390000e-06	-1.816115e-09	-7.976050e-09	-1.000985e+01	-1.278488e+03
1.400000e-06	-1.776600e-09	-7.856154e-09	-9.792272e+00	-1.259052e+03
1.410000e-06	-1.736957e-09	-7.733800e-09	-9.574039e+00	-1.239343e+03
1.420000e-06	-1.697239e-09	-7.609181e-09	-9.355419e+00	-1.219353e+03
1.430000e-06	-1.657443e-09	-7.482646e-09	-9.136402e+00	-1.199073e+03
1.440000e-06	-1.617579e-09	-7.353586e-09	-8.917027e+00	-1.178497e+03
1.450000e-06	-1.577659e-09	-7.221792e-09	-8.697343e+00	-1.157615e+03
1.460000e-06	-1.537684e-09	-7.087712e-09	-8.477376e+00	-1.136420e+03
1.470000e-06	-1.497660e-09	-6.952017e-09	-8.257138e+00	-1.114904e+03
1.480000e-06	-1.457579e-09	-6.815129e-09	-8.036568e+00	-1.093060e+03
1.490000e-06	-1.417452e-09	-6.676494e-09	-7.815729e+00	-1.070882e+03
1.500000e-06	-1.377277e-09	-6.536196e-09	-7.594631e+00	-1.048363e+03
1.510000e-06	-1.337033e-09	-6.394334e-09	-7.373138e+00	-1.025497e+03
1.520000e-06	-1.296729e-09	-6.250230e-09	-7.151247e+00	-1.002278e+03
1.530000e-06	-1.256346e-09	-6.103565e-09	-6.928868e+00	-9.786988e+02
1.540000e-06	-1.215872e-09	-5.954043e-09	-6.705961e+00	-9.547517e+02
1.550000e-06	-1.175331e-09	-5.801243e-09	-6.482684e+00	-9.304288e+02
1.560000e-06	-1.134712e-09	-5.645266e-09	-6.258990e+00	-9.057215e+02
1.570000e-06	-1.093992e-09	-5.486821e-09	-6.034812e+00	-8.806202e+02
1.580000e-06	-1.053157e-09	-5.326283e-09	-5.810023e+00	-8.551151e+02
1.590000e-06	-1.012195e-09	-5.163409e-09	-5.584397e+00	-8.291961e+02
1.600000e-06	-9.711024e-10	-4.998285e-09	-5.357963e+00	-8.028529e+02
1.610000e-06	-9.298818e-10	-4.830913e-09	-5.130763e+00	-7.760761e+02
1.620000e-06	-8.885383e-10	-4.660528e-09	-4.902871e+00	-7.488565e+02
1.630000e-06	-8.470894e-10	-4.486780e-09	-4.674422e+00	-7.211859e+02
1.640000e-06	-8.055414e-10	-4.309992e-09	-4.445412e+00	-6.930575e+02
1.650000e-06	-7.639164e-10	-4.130436e-09	-4.215922e+00	-6.644652e+02
1.660000e-06	-7.222221e-10	-3.948237e-09	-3.986060e+00	-6.354045e+02
1.670000e-06	-6.804353e-10	-3.763572e-09	-3.755714e+00	-6.058714e+02
1.680000e-06	-6.385658e-10	-3.576437e-09	-3.524864e+00	-5.758631e+02
1.690000e-06	-5.966037e-10	-3.386492e-09	-3.293502e+00	-5.453771e+02
1.700000e-06	-5.545478e-10	-3.193514e-09	-3.061650e+00	-5.144115e+02
1.710000e-06	-5.124257e-10	-2.997007e-09	-2.829457e+00	-4.829644e+02
1.720000e-06	-4.702514e-10	-2.796798e-09	-2.596956e+00	-4.510340e+02
1.730000e-06	-4.280161e-10	-2.593409e-09	-2.364102e+00	-4.186186e+02
1.740000e-06	-3.857299e-10	-2.386849e-09	-2.131051e+00	-3.857171e+02
1.750000e-06	-3.434117e-10	-2.177154e-09	-1.897957e+00	-3.523291e+02
1.760000e-06	-3.010638e-10	-1.964574e-09	-1.664707e+00	-3.184558e+02
1.770000e-06	-2.586574e-10	-1.749554e-09	-1.431040e+00	-2.841005e+02
1.780000e-06	-2.161888e-10	-1.532434e-09	-1.197035e+00	-2.492699e+02
1.790000e-06	-1.736937e-10	-1.312741e-09	-9.629014e-01	-2.139747e+02
1.800000e-06	-1.311788e-10	-1.089993e-09	-7.286047e-01	-1.782308e+02
1.810000e-06	-8.864976e-11	-8.644554e-10	-4.941540e-01	-1.420601e+02
1.820000e-06	-4.612862e-11	-6.364341e-10	-2.597309e-01	-1.054913e+02
1.830000e-06	-3.626067e-12	-4.060282e-10	-2.544761e-02	-6.856001e+01
1.840000e-06	3.890286e-11	-1.733008e-10	2.089477e-01	-3.130950e+01
1.850000e-06	8.144924e-11	6.149380e-11	4.433909e-01	6.209943e+00
1.860000e-06	1.239714e-10	2.980739e-10	6.777612e-01	4.394135e+01
1.870000e-06	1.664888e-10	5.360166e-10	9.122028e-01	8.182196e+01
1.880000e-06	2.090020e-10	7.741437e-10	1.146562e+00	1.197845e+02
1.890000e-06	2.514838e-10	1.011799e-09	1.380726e+00	1.577584e+02
1.900000e-06	2.939279e-10	1.248841e-09	1.614754e+00	1.956717e+02
1.910000e-06	3.363321e-10	1.485006e-09	1.848565e+00	2.334527e+02
1.920000e-06	3.786752e-10	1.719681e-09	2.082031e+00	2.710315e+02
1.930000e-06	4.209444e-10	1.951809e-09	2.315080e+00	3.083417e+02
1.940000e-06	4.631399e-10	2.181247e-09	2.547732e+00	3.453218e+02
1.950000e-06	5.052619e-10	2.408777e-09	2.779933e+00	3.819164e+02
1.960000e-06	5.472940e-10	2.633808e-09	3.011599e+00	4.180769e+02
1.970000e-06	5.892220e-10	2.855233e-09	3.242786e+00	4.537621e+02
1.980000e-06	6.310938e-10	3.073347e-09	3.473596e+00	4.889382e+02
1.990000e-06	6.729268e-10	3.289238e-09	3.704152e+00	5.235784e+02
2.000000e-06	7.146840e-10	3.502580e-09	3.934327e+00	5.576627e+02
2.010000e-06	7.563478e-10	3.712011e-09	4.163975e+00	5.911773e+02
2.020000e-06	7.979215e-10	3.917432e-09	4.393158e+00	6.241129e+02
2.030000e-06	8.393627e-10	4.118882e-09	4.621576e+00	6.564647e+02
2.040000e-06	8.806533e-10	4.316490e-09	4.849099e+00	6.882310e+02
2.050000e-06	9.218122e-10	4.510674e-09	5.075845e+00	7.194122e+02
2.060000e-06	9.628449e-10	4.701070e-09	5.301908e+00	7.500102e+02
2.070000e-06	1.003786e-09	4.887149e-09	5.527482e+00	7.800281e+02
2.080000e-06	1.044647e-09	5.069878e-09	5.752584e+00	8.094694e+02
2.090000e-06	1.085422e-09	5.250161e-09	5.977193e+00	8.383381e+02
2.100000e-06	1.126092e-09	5.427336e-09	6.201229e+00	8.666388e+02
2.110000e-06	1.166659e-09	5.600626e-09	6.424664e+00	8.943767e+02
2.120000e-06	1.207153e-09	5.770060e-09	6.647596e+00	9.215579e+02
2.130000e-06	1.247568e-09	5.936472e-09	6.870036e+00	9.481897e+02
2.140000e-06	1.287909e-09	6.099811e-09	7.092048e+00	9.742811e+02
2.150000e-06	1.328172e-09	6.259791e-09	7.313670e+00	9.998429e+02
2.160000e-06	1.368362e-09	6.416127e-09	7.534878e+00	1.024888e+03
2.170000e-06	1.408492e-09	6.568340e-09	7.755701e+00	1.049430e+03
2.180000e-06	1.448570e-09	6.717404e-09	7.976235e+00	1.073487e+03
2.190000e-06	1.488601e-09	6.863925e-09	8.196508e+00	1.097075e+03
2.200000e-06	1.528569e-09	7.007465e-09	8.416448e+00	1.120215e+03
2.210000e-06	1.568476e-09	7.148307e-09	8.636093e+00	1.142925e+03
2.220000e-06	1.608331e-09	7.286948e-09	8.855461e+00	1.165224e+03
2.230000e-06	1.648134e-09	7.423655e-09	9.074540e+00	1.187132e+03
2.240000e-06	1.687866e-09	7.558554e-09	9.293276e+00	1.208665e+03
2.250000e-06	1.727515e-09	7.691127e-09	9.511625e+00	1.229840e+03
2.260000e-06	1.767074e-09	7.820839e-09	9.729490e+00	1.250668e+03
2.270000e-06	1.806507e-09	7.947813e-09	9.946680e+00	1.271162e+03
2.280000e-06	1.845785e-09	8.072549e-09	1.016303e+01	1.291328e+03
2.290000e-06	1.884900e-09	8.195188e-09	1.037846e+01	1.311173e+03
2.300000e-06	1.923849e-09	8.315629e-09	1.059298e+01	1.330701e+03
2.310000e-06	1.962631e-09	8.434077e-09	1.080656e+01	1.349913e+03
2.320000e-06	2.001248e-09	8.550830e-09	1.101923e+01	1.368811e+03
2.330000e-06	2.039710e-09	8.665857e-09	1.123102e+01	1.387393e+03
2.340000e-06	2.078031e-09	8.778886e-09	1.144201e+01	1.405660e+03
2.350000e-06	2.116216e-09	8.890209e-09	1.165227e+01	1.423613e+03
2.360000e-06	2.154275e-09	9.000517e-09	1.186185e+01	1.441253e+03
2.370000e-06	2.192216e-09	9.110090e-09	1.207072e+01	1.458583e+03
2.380000e-06	2.230025e-09	9.217870e-09	1.227886e+01	1.475609e+03
2.390000e-06	2.267689e-09	9.322932e-09	1.248626e+01	1.492336e+03
2.400000e-06	2.305192e-09	9.425580e-09	1.269278e+01	1.508774e+03
2.410000e-06	2.342515e-09	9.526349e-09	1.289835e+01	1.524933e+03
2.420000e-06	2.379645e-09	9.625482e-09	1.310286e+01	1.540824e+03
2.430000e-06	2.416569e-09	9.722479e-09	1.330616e+01	1.556460e+03
2.440000e-06	2.453282e-09	9.817242e-09	1.350827e+01	1.571853e+03
2.450000e-06	2.489810e-09	9.910723e-09	1.370932e+01	1.587016e+03
2.460000e-06	2.526178e-09	1.000355e-08	1.390943e+01	1.601960e+03
2.470000e-06	2.562407e-09	1.009532e-08	1.410880e+01	1.616697e+03
2.480000e-06	2.598535e-09	1.018548e-08	1.430759e+01	1.631234e+03
2.490000e-06	2.634583e-09	1.027390e-08	1.450591e+01	1.645578e+03
2.500000e-06	2.670548e-09	1.036104e-08	1.470381e+01	1.659734e+03
2.510000e-06	2.706421e-09	1.044759e-08	1.490124e+01	1.673704e+03
2.520000e-06	2.742183e-09	1.053325e-08	1.509812e+01	1.687489e+03
2.530000e-06	2.777786e-09	1.061715e-08	1.529425e+01	1.701086e+03
2.540000e-06	2.813184e-09	1.069991e-08	1.548935e+01	1.714492e+03
2.550000e-06	2.848359e-09	1.078287e-08	1.568322e+01	1.727703e+03
2.560000e-06	2.883252e-09	1.086557e-08	1.587564e+01	1.740715e+03
2.570000e-06	2.917784e-09	1.094657e-08	1.606619e+01	1.753523e+03
2.580000e-06	2.951919e-09	1.102555e-08	1.625448e+01	1.766124e+03
2.590000e-06	2.985643e-09	1.110298e-08	1.644052e+01	1.778515e+03
2.600000e-06	3.018966e-09	1.117904e-08	1.662432e+01	1.790697e+03
2.610000e-06	3.051952e-09	1.125380e-08	1.680608e+01	1.802669e+03
2.620000e-06	3.084650e-09	1.132719e-08	1.698607e+01	1.814437e+03
2.630000e-06	3.117095e-09	1.139912e-08	1.716466e+01	1.826005e+03
2.640000e-06	3.149357e-09	1.146996e-08	1.734225e+01	1.837382e+03
2.650000e-06	3.181481e-09	1.153964e-08	1.751904e+01	1.848577e+03
2.660000e-06	3.213492e-09	1.160794e-08	1.769523e+01	1.859601e+03
2.670000e-06	3.245400e-09	1.167524e-08	1.787085e+01	1.870464e+03
2.680000e-06	3.277178e-09	1.174167e-08	1.804580e+01	1.881179e+03
2.690000e-06	3.308765e-09	1.180696e-08	1.821980e+01	1.891756e+03
2.700000e-06	3.340129e-09	1.187138e-08	1.839261e+01	1.902205e+03
2.710000e-06	3.371229e-09	1.193540e-08	1.856392e+01	1.912534e+03
2.720000e-06	3.402033e-09	1.199898e-08	1.873359e+01	1.922749e+03
2.730000e-06	3.432545e-09	1.206190e-08	1.890166e+01	1.932852e+03
2.740000e-06	3.462798e-09	1.212390e-08	1.906826e+01	1.942846e+03
2.750000e-06	3.492855e-09	1.218480e-08	1.923372e+01	1.952727e+03
2.760000e-06	3.522731e-09	1.224504e-08	1.939819e+01	1.962491e+03
2.770000e-06	3.552385e-09	1.230466e-08	1.956148e+01	1.972133e+03
2.780000e-06	3.581807e-09	1.236353e-08	1.972354e+01	1.981643e+03
2.790000e-06	3.610985e-09	1.242206e-08	1.988427e+01	1.991014e+03
2.800000e-06	3.639887e-09	1.248023e-08	2.004344e+01	2.000236e+03
2.810000e-06	3.668523e-09	1.253735e-08	2.020104e+01	2.009300e+03
2.820000e-06	3.696932e-09	1.259311e-08	2.035735e+01	2.018198e+03
2.830000e-06	3.725154e-09	1.264781e-08	2.051261e+01	2.026923e+03
2.840000e-06	3.753223e-09	1.270189e-08	2.066706e+01	2.035472e+03
2.850000e-06	3.781152e-09	1.275553e-08	2.082080e+01	2.043842e+03
2.860000e-06	3.808913e-09	1.280793e-08	2.097367e+01	2.052032e+03
2.870000e-06	3.836453e-09	1.285836e-08	2.112539e+01	2.060045e+03
2.880000e-06	3.863674e-09	1.290689e-08	2.127546e+01	2.067886e+03
2.890000e-06	3.890454e-09	1.295416e-08	2.142318e+01	2.075560e+03
2.900000e-06	3.916746e-09	1.300113e-08	2.156818e+01	2.083076e+03
2.910000e-06	3.942536e-09	1.304763e-08	2.171038e+01	2.090441e+03
2.920000e-06	3.967843e-09	1.309277e-08	2.184982e+01	2.097665e+03
2.930000e-06	3.992726e-09	1.313699e-08	2.198680e+01	2.104757e+03
2.940000e-06	4.017255e-09	1.318113e-08	2.212179e+01	2.111726e+03
2.950000e-06	4.041529e-09	1.322467e-08	2.225542e+01	2.118578e+03
2.960000e-06	4.065599e-09	1.326687e-08	2.238791e+01	2.125323e+03
2.970000e-06	4.089462e-09	1.330775e-08	2.251928e+01	2.131964e+03
2.980000e-06	4.113098e-09	1.334791e-08	2.264946e+01	2.138506e+03
2.990000e-06	4.136462e-09	1.338808e-08	2.277813e+01	2.144954e+03
3.000000e-06	4.159514e-09	1.342808e-08	2.290506e+01	2.151309e+03
3.010000e-06	4.182225e-09	1.346711e-08	2.303012e+01	2.157572e+03
3.020000e-06	4.204619e-09	1.350530e-08	2.315343e+01	2.163746e+03
3.030000e-06	4.226767e-09	1.354310e-08	2.327535e+01	2.169830e+03
3.040000e-06	4.248667e-09	1.358073e-08	2.339590e+01	2.175825e+03
3.050000e-06	4.270289e-09	1.361790e-08	2.351489e+01	2.181731e+03
3.060000e-06	4.291620e-09	1.365393e-08	2.363224e+01	2.187548e+03
3.070000e-06	4.312621e-09	1.368896e-08	2.374779e+01	2.193275e+03
3.080000e-06	4.333288e-09	1.372369e-08	2.386152e+01	2.198912e+03
3.090000e-06	4.353680e-09	1.375809e-08	2.397373e+01	2.204458e+03
3.100000e-06	4.373867e-09	1.379171e-08	2.408476e+01	2.209913e+03
3.110000e-06	4.393884e-09	1.382461e-08	2.419486e+01	2.215273e+03
3.120000e-06	4.413727e-09	1.385711e-08	2.430403e+01	2.220537e+03
3.130000e-06	4.433359e-09	1.388889e-08	2.441207e+01	2.225700e+03
3.140000e-06	4.452714e-09	1.392007e-08	2.451862e+01	2.230760e+03
3.150000e-06	4.471699e-09	1.395127e-08	2.462315e+01	2.235711e+03
3.160000e-06	4.490268e-09	1.398183e-08	2.472543e+01	2.240549e+03
3.170000e-06	4.508444e-09	1.401105e-08	2.482551e+01	2.245268e+03
3.180000e-06	4.526269e-09	1.403929e-08	2.492364e+01	2.249864e+03
3.190000e-06	4.543801e-09	1.406707e-08	2.502016e+01	2.254331e+03
3.200000e-06	4.561096e-09	1.409412e-08	2.511534e+01	2.258668e+03
3.210000e-06	4.578162e-09	1.412017e-08	2.520929e+01	2.262871e+03
3.220000e-06	4.594952e-09	1.414524e-08	2.530178e+01	2.266940e+03
3.230000e-06	4.611400e-09	1.416942e-08	2.539248e+01	2.270875e+03
3.240000e-06	4.627418e-09	1.419318e-08	2.548076e+01	2.274680e+03
3.250000e-06	4.642982e-09	1.421672e-08	2.556643e+01	2.278358e+03
3.260000e-06	4.658107e-09	1.423951e-08	2.564968e+01	2.281916e+03
3.270000e-06	4.672765e-09	1.426090e-08	2.573040e+01	2.285360e+03
3.280000e-06	4.687031e-09	1.428132e-08	2.580890e+01	2.288697e+03
3.290000e-06	4.700970e-09	1.430160e-08	2.588562e+01	2.291935e+03
3.300000e-06	4.714596e-09	1.432169e-08	2.596065e+01	2.295083e+03
3.310000e-06	4.727880e-09	1.434106e-08	2.603380e+01	2.298147e+03
3.320000e-06	4.740784e-09	1.435963e-08	2.610486e+01	2.301134e+03
3.330000e-06	4.753331e-09	1.437783e-08	2.617394e+01	2.304049e+03
3.340000e-06	4.765556e-09	1.439569e-08	2.624122e+01	2.306895e+03
3.350000e-06	4.777485e-09	1.441272e-08	2.630686e+01	2.309676e+03
3.360000e-06	4.789098e-09	1.442848e-08	2.637078e+01	2.312391e+03
3.370000e-06	4.800304e-09	1.444335e-08	2.643253e+01	2.315041e+03
3.380000e-06	4.811021e-09	1.445839e-08	2.649168e+01	2.317624e+03
3.390000e-06	4.821179e-09	1.447384e-08	2.654779e+01	2.320138e+03
3.400000e-06	4.830737e-09	1.448870e-08	2.660058e+01	2.322580e+03
3.410000e-06	4.839765e-09	1.450263e-08	2.665038e+01	2.324947e+03
3.420000e-06	4.848364e-09	1.451626e-08	2.669773e+01	2.327237e+03
3.430000e-06	4.856634e-09	1.452970e-08	2.674323e+01	2.329449e+03
3.440000e-06	4.864694e-09	1.454243e-08	2.678754e+01	2.331580e+03
3.450000e-06	4.872557e-09	1.455410e-08	2.683075e+01	2.333631e+03
3.460000e-06	4.880156e-09	1.456526e-08	2.687255e+01	2.335602e+03
3.470000e-06	4.887437e-09	1.457662e-08	2.691264e+01	2.337492e+03
3.480000e-06	4.894358e-09	1.458828e-08	2.695071e+01	2.339304e+03
3.490000e-06	4.900909e-09	1.460000e-08	2.698675e+01	2.341038e+03
3.500000e-06	4.907114e-09	1.461103e-08	2.702092e+01	2.342694e+03
3.510000e-06	4.912991e-09	1.462088e-08	2.705329e+01	2.344275e+03
3.520000e-06	4.918525e-09	1.462998e-08	2.708374e+01	2.345779e+03
3.530000e-06	4.923690e-09	1.463867e-08	2.711217e+01	2.347205e+03
3.540000e-06	4.928496e-09	1.464667e-08	2.713865e+01	2.348551e+03
3.550000e-06	4.932971e-09	1.465394e-08	2.716324e+01	2.349816e+03
3.560000e-06	4.937190e-09	1.466078e-08	2.718640e+01	2.350995e+03
3.570000e-06	4.941213e-09	1.466743e-08	2.720847e+01	2.352085e+03
3.580000e-06	4.945033e-09	1.467403e-08	2.722943e+01	2.353082e+03
3.590000e-06	4.948575e-09	1.468052e-08	2.724893e+01	2.353980e+03
3.600000e-06	4.951712e-09	1.468602e-08	2.726625e+01	2.354777e+03
3.610000e-06	4.954343e-09	1.469015e-08	2.728082e+01	2.355468e+03
3.620000e-06	4.956411e-09	1.469377e-08	2.729235e+01	2.356051e+03
3.630000e-06	4.957905e-09	1.469680e-08	2.730076e+01	2.356525e+03
3.640000e-06	4.958880e-09	1.469899e-08	2.730621e+01	2.356888e+03
3.650000e-06	4.959441e-09	1.470114e-08	2.730932e+01	2.357141e+03
3.660000e-06	4.959708e-09	1.470321e-08	2.731079e+01	2.357285e+03
3.670000e-06	4.959754e-09	1.470425e-08	2.731098e+01	2.357323e+03
3.680000e-06	4.959573e-09	1.470428e-08	2.730997e+01	2.357257e+03
3.690000e-06	4.959124e-09	1.470338e-08	2.730755e+01	2.357090e+03
3.700000e-06	4.958342e-09	1.470122e-08	2.730332e+01	2.356826e+03
3.710000e-06	4.957195e-09	1.469941e-08	2.729708e+01	2.356469e+03
3.720000e-06	4.955704e-09	1.470034e-08	2.728893e+01	2.356021e+03
3.730000e-06	4.953875e-09	1.470037e-08	2.727892e+01	2.355484e+03
3.740000e-06	4.951692e-09	1.469069e-08	2.726699e+01	2.354862e+03
3.750000e-06	4.949127e-09	1.467361e-08	2.725294e+01	2.354156e+03
3.760000e-06	4.946166e-09	1.466501e-08	2.723669e+01	2.353366e+03
3.770000e-06	4.942842e-09	1.466801e-08	2.721841e+01	2.352494e+03
3.780000e-06	4.939223e-09	1.467754e-08	2.719849e+01	2.351539e+03
3.790000e-06	4.935380e-09	1.468458e-08	2.717730e+01	2.350501e+03
3.800000e-06	4.931367e-09	1.466847e-08	2.715516e+01	2.349380e+03
3.810000e-06	4.927147e-09	1.464005e-08	2.713196e+01	2.348175e+03
3.820000e-06	4.922586e-09	1.463786e-08	2.710697e+01	2.346885e+03
3.830000e-06	4.917549e-09	1.464933e-08	2.707941e+01	2.345511e+03
3.840000e-06	4.912036e-09	1.462914e-08	2.704927e+01	2.344051e+03
3.850000e-06	4.906075e-09	1.458760e-08	2.701666e+01	2.342505e+03
3.860000e-06	4.899612e-09	1.458727e-08	2.698121e+01	2.340873e+03
3.870000e-06	4.892598e-09	1.461984e-08	2.694263e+01	2.339154e+03
3.880000e-06	4.885112e-09	1.460904e-08	2.690141e+01	2.337347e+03
3.890000e-06	4.877331e-09	1.455764e-08	2.685855e+01	2.335453e+03
3.900000e-06	4.869312e-09	1.454147e-08	2.681441e+01	2.333469e+03
3.910000e-06	4.861002e-09	1.456395e-08	2.676871e+01	2.331396e+03
3.920000e-06	4.852385e-09	1.455211e-08	2.672132e+01	2.329232e+03
3.930000e-06	4.843464e-09	1.450101e-08	2.667227e+01	2.326976e+03
3.940000e-06	4.834219e-09	1.448353e-08	2.662142e+01	2.324626e+03
3.950000e-06	4.824625e-09	1.451060e-08	2.656865e+01	2.322183e+03
3.960000e-06	4.814702e-09	1.450503e-08	2.651409e+01	2.319644e+03
3.970000e-06	4.804490e-09	1.445185e-08	2.645797e+01	2.317009e+03
3.980000e-06	4.793962e-09	1.442347e-08	2.640010e+01	2.314277e+03
3.990000e-06	4.783041e-09	1.443383e-08	2.634007e+01	2.311449e+03
4.000000e-06	4.771724e-09	1.441863e-08	2.627785e+01	2.308523e+03
4.010000e-06	4.760081e-09	1.437647e-08	2.621377e+01	2.305500e+03
4.020000e-06	4.748087e-09	1.436419e-08	2.614777e+01	2.302380e+03
4.030000e-06	4.735697e-09	1.436814e-08	2.607961e+01	2.299164e+03
4.040000e-06	4.722907e-09	1.433639e-08	2.600925e+01	2.295852e+03
4.050000e-06	4.709663e-09	1.429728e-08	2.593646e+01	2.292444e+03
4.060000e-06	4.695820e-09	1.429247e-08	2.586047e+01	2.288939e+03
4.070000e-06	4.681319e-09	1.427868e-08	2.578084e+01	2.285338e+03
4.080000e-06	4.666278e-09	1.422932e-08	2.569812e+01	2.281640e+03
4.090000e-06	4.650854e-09	1.420292e-08	2.561321e+01	2.277843e+03
4.100000e-06	4.635155e-09	1.421099e-08	2.552679e+01	2.273948e+03
4.110000e-06	4.619238e-09	1.418610e-08	2.543913e+01	2.269951e+03
4.120000e-06	4.603119e-09	1.413252e-08	2.535036e+01	2.265853e+03
4.130000e-06	4.586764e-09	1.411366e-08	2.526035e+01	2.261651e+03
4.140000e-06	4.570099e-09	1.410746e-08	2.516861e+01	2.257345e+03
4.150000e-06	4.553067e-09	1.406435e-08	2.507487e+01	2.252934e+03
4.160000e-06	4.535685e-09	1.402434e-08	2.497922e+01	2.248417e+03
4.170000e-06	4.517990e-09	1.401591e-08	2.488184e+01	2.243793e+03
4.180000e-06	4.500014e-09	1.398996e-08	2.478286e+01	2.239063e+03
4.190000e-06	4.481767e-09	1.394143e-08	2.468235e+01	2.234226e+03
4.200000e-06	4.463202e-09	1.391767e-08	2.458013e+01	2.229284e+03
4.210000e-06	4.444284e-09	1.389962e-08	2.447599e+01	2.224235e+03
4.220000e-06	4.425022e-09	1.385246e-08	2.436997e+01	2.219080e+03
4.230000e-06	4.405474e-09	1.381180e-08	2.426237e+01	2.213818e+03
4.240000e-06	4.385726e-09	1.379541e-08	2.415363e+01	2.208450e+03
4.250000e-06	4.365819e-09	1.376437e-08	2.404406e+01	2.202973e+03
4.260000e-06	4.345746e-09	1.372020e-08	2.393355e+01	2.197386e+03
4.270000e-06	4.325447e-09	1.369132e-08	2.382187e+01	2.191686e+03
4.280000e-06	4.304833e-09	1.365970e-08	2.370852e+01	2.185873e+03
4.290000e-06	4.283799e-09	1.361289e-08	2.359282e+01	2.179943e+03
4.300000e-06	4.262269e-09	1.357649e-08	2.347444e+01	2.173894e+03
4.310000e-06	4.240168e-09	1.354649e-08	2.335297e+01	2.167724e+03
4.320000e-06	4.217507e-09	1.350166e-08	2.322842e+01	2.161431e+03
4.330000e-06	4.194377e-09	1.345894e-08	2.310123e+01	2.155014e+03
4.340000e-06	4.170895e-09	1.342773e-08	2.297203e+01	2.148472e+03
4.350000e-06	4.147187e-09	1.338643e-08	2.284154e+01	2.141807e+03
4.360000e-06	4.123307e-09	1.333727e-08	2.271003e+01	2.135018e+03
4.370000e-06	4.099271e-09	1.329624e-08	2.257767e+01	2.128108e+03
4.380000e-06	4.075052e-09	1.325361e-08	2.244432e+01	2.121078e+03
4.390000e-06	4.050586e-09	1.320643e-08	2.230966e+01	2.113929e+03
4.400000e-06	4.025835e-09	1.316673e-08	2.217354e+01	2.106664e+03
4.410000e-06	4.000784e-09	1.312566e-08	2.203583e+01	2.099283e+03
4.420000e-06	3.975427e-09	1.307422e-08	2.189636e+01	2.091786e+03
4.430000e-06	3.949785e-09	1.302589e-08	2.175524e+01	2.084174e+03
4.440000e-06	3.923870e-09	1.298157e-08	2.161263e+01	2.076445e+03
4.450000e-06	3.897675e-09	1.293046e-08	2.146849e+01	2.068595e+03
4.460000e-06	3.871185e-09	1.287858e-08	2.132273e+01	2.060621e+03
4.470000e-06	3.844393e-09	1.283115e-08	2.117531e+01	2.052520e+03
4.480000e-06	3.817295e-09	1.278060e-08	2.102618e+01	2.044286e+03
4.490000e-06	3.789907e-09	1.272881e-08	2.087542e+01	2.035916e+03
4.500000e-06	3.762292e-09	1.267962e-08	2.072335e+01	2.027404e+03
4.510000e-06	3.734509e-09	1.262598e-08	2.057032e+01	2.018747e+03
4.520000e-06	3.706603e-09	1.256791e-08	2.041662e+01	2.009943e+03
4.530000e-06	3.678575e-09	1.251222e-08	2.026231e+01	2.000990e+03
4.540000e-06	3.650377e-09	1.245657e-08	2.010707e+01	1.991890e+03
4.550000e-06	3.621937e-09	1.239843e-08	1.995049e+01	1.982642e+03
4.560000e-06	3.593175e-09	1.234106e-08	1.979224e+01	1.973250e+03
4.570000e-06	3.564033e-09	1.228320e-08	1.963193e+01	1.963718e+03
4.580000e-06	3.534448e-09	1.222317e-08	1.946923e+01	1.954050e+03
4.590000e-06	3.504398e-09	1.216344e-08	1.930400e+01	1.944249e+03
4.600000e-06	3.473907e-09	1.210237e-08	1.913626e+01	1.934319e+03
4.610000e-06	3.443014e-09	1.203747e-08	1.896624e+01	1.924262e+03
4.620000e-06	3.411772e-09	1.197234e-08	1.879430e+01	1.914081e+03
4.630000e-06	3.380260e-09	1.190960e-08	1.862089e+01	1.903773e+03
4.640000e-06	3.348558e-09	1.184682e-08	1.844638e+01	1.893336e+03
4.650000e-06	3.316710e-09	1.178190e-08	1.827100e+01	1.882765e+03
4.660000e-06	3.284716e-09	1.171423e-08	1.809481e+01	1.872055e+03
4.670000e-06	3.252550e-09	1.164361e-08	1.791770e+01	1.861196e+03
4.680000e-06	3.220196e-09	1.157223e-08	1.773960e+01	1.850180e+03
4.690000e-06	3.187622e-09	1.150240e-08	1.756028e+01	1.838998e+03
4.700000e-06	3.154811e-09	1.143292e-08	1.737964e+01	1.827641e+03
4.710000e-06	3.121750e-09	1.136130e-08	1.719760e+01	1.816101e+03
4.720000e-06	3.088444e-09	1.128805e-08	1.701416e+01	1.804371e+03
4.730000e-06	3.054929e-09	1.121468e-08	1.682959e+01	1.792446e+03
4.740000e-06	3.021225e-09	1.114047e-08	1.664400e+01	1.780324e+03
4.750000e-06	2.987340e-09	1.106359e-08	1.645742e+01	1.768004e+03
4.760000e-06	2.953266e-09	1.098437e-08	1.626980e+01	1.755488e+03
4.770000e-06	2.918994e-09	1.090469e-08	1.608103e+01	1.742780e+03
4.780000e-06	2.884509e-09	1.082496e-08	1.589111e+01	1.729886e+03
4.790000e-06	2.849796e-09	1.074437e-08	1.569994e+01	1.716810e+03
4.800000e-06	2.814854e-09	1.066221e-08	1.550748e+01	1.703558e+03
4.810000e-06	2.779684e-09	1.057786e-08	1.531375e+01	1.690137e+03
4.820000e-06	2.744299e-09	1.049140e-08	1.511888e+01	1.676549e+03
4.830000e-06	2.708733e-09	1.040419e-08	1.492307e+01	1.662797e+03
4.840000e-06	2.673044e-09	1.031707e-08	1.472652e+01	1.648881e+03
4.850000e-06	2.637261e-09	1.022879e-08	1.452941e+01	1.634799e+03
4.860000e-06	2.601377e-09	1.013889e-08	1.433179e+01	1.620544e+03
4.870000e-06	2.565397e-09	1.004832e-08	1.413365e+01	1.606110e+03
4.880000e-06	2.529325e-09	9.957481e-09	1.393498e+01	1.591488e+03
4.890000e-06	2.493136e-09	9.865366e-09	1.373566e+01	1.576667e+03
4.900000e-06	2.456810e-09	9.770458e-09	1.353557e+01	1.561637e+03
4.910000e-06	2.420320e-09	9.673477e-09	1.333459e+01	1.546386e+03
4.920000e-06	2.383625e-09	9.576505e-09	1.313253e+01	1.530903e+03
4.930000e-06	2.346687e-09	9.480107e-09	1.292917e+01	1.515179e+03
4.940000e-06	2.309486e-09	9.382623e-09	1.272440e+01	1.499206e+03
4.950000e-06	2.272011e-09	9.282285e-09	1.251815e+01	1.482979e+03
4.960000e-06	2.234244e-09	9.178956e-09	1.231031e+01	1.466494e+03
4.970000e-06	2.196190e-09	9.073789e-09	1.210083e+01	1.449748e+03
4.980000e-06	2.157846e-09	8.967299e-09	1.188969e+01	1.432741e+03
4.990000e-06	2.119195e-09	8.859463e-09	1.167692e+01	1.415473e+03
5.000000e-06	2.080273e-09	8.750335e-09	1.146280e+01	1.397947e+03
5.010000e-06	2.041130e-09	8.639617e-09	1.124744e+01	1.380164e+03
5.020000e-06	2.001795e-09	8.526863e-09	1.103095e+01	1.362126e+03
5.030000e-06	1.962308e-09	8.412102e-09	1.081359e+01	1.343833e+03
5.040000e-06	1.922695e-09	8.295368e-09	1.059549e+01	1.325285e+03
5.050000e-06	1.882984e-09	8.176581e-09	1.037685e+01	1.306480e+03
5.060000e-06	1.843202e-09	8.056665e-09	1.015784e+01	1.287414e+03
5.070000e-06	1.803360e-09	7.936551e-09	9.938471e+00	1.268084e+03
5.080000e-06	1.763460e-09	7.815663e-09	9.718757e+00	1.248483e+03
5.090000e-06	1.723503e-09	7.693085e-09	9.498714e+00	1.228603e+03
5.100000e-06	1.683489e-09	7.568195e-09	9.278344e+00	1.208438e+03
5.110000e-06	1.643408e-09	7.440193e-09	9.057618e+00	1.187979e+03
5.120000e-06	1.603266e-09	7.309358e-09	8.836557e+00	1.167218e+03
5.130000e-06	1.563051e-09	7.176473e-09	8.615109e+00	1.146146e+03
5.140000e-06	1.522727e-09	7.041813e-09	8.393127e+00	1.124756e+03
5.150000e-06	1.482319e-09	6.905443e-09	8.170649e+00	1.103042e+03
5.160000e-06	1.441827e-09	6.767444e-09	7.947653e+00	1.080995e+03
5.170000e-06	1.401226e-09	6.627962e-09	7.724061e+00	1.058611e+03
5.180000e-06	1.360534e-09	6.486486e-09	7.499933e+00	1.035881e+03
5.190000e-06	1.319738e-09	6.342685e-09	7.275243e+00	1.012801e+03
5.200000e-06	1.278828e-09	6.196842e-09	7.049903e+00	9.893637e+02
5.210000e-06	1.237817e-09	6.049285e-09	6.823976e+00	9.655614e+02
5.220000e-06	1.196694e-09	5.900419e-09	6.597495e+00	9.413867e+02
5.230000e-06	1.155467e-09	5.749802e-09	6.370470e+00	9.168309e+02
5.240000e-06	1.114162e-09	5.596195e-09	6.142999e+00	8.918849e+02
5.250000e-06	1.072785e-09	5.438682e-09	5.915088e+00	8.665391e+02
5.260000e-06	1.031328e-09	5.277507e-09	5.686773e+00	8.407832e+02
5.270000e-06	9.897916e-10	5.113104e-09	5.458082e+00	8.146073e+02
5.280000e-06	9.481814e-10	4.946012e-09	5.228981e+00	7.880013e+02
5.290000e-06	9.064987e-10	4.777597e-09	4.999471e+00	7.609560e+02
5.300000e-06	8.647577e-10	4.607993e-09	4.769624e+00	7.334629e+02
5.310000e-06	8.229633e-10	4.436006e-09	4.539464e+00	7.055145e+02
5.320000e-06	7.811205e-10	4.260956e-09	4.309026e+00	6.771045e+02
5.330000e-06	7.392424e-10	4.082334e-09	4.078427e+00	6.482277e+02
5.340000e-06	6.973344e-10	3.899476e-09	3.847686e+00	6.188799e+02
5.350000e-06	6.553976e-10	3.712298e-09	3.616777e+00	5.890580e+02
5.360000e-06	6.134220e-10	3.521766e-09	3.385656e+00	5.587594e+02
5.370000e-06	5.714130e-10	3.329291e-09	3.154337e+00	5.279818e+02
5.380000e-06	5.293681e-10	3.135550e-09	2.922798e+00	4.967235e+02
5.390000e-06	4.872819e-10	2.940006e-09	2.691020e+00	4.649825e+02
5.400000e-06	4.451577e-10	2.741098e-09	2.459032e+00	4.327572e+02
5.410000e-06	4.030123e-10	2.537740e-09	2.226878e+00	4.000462e+02
5.420000e-06	3.608470e-10	2.330678e-09	1.994607e+00	3.668487e+02
5.430000e-06	3.186615e-10	2.120409e-09	1.762281e+00	3.331652e+02
5.440000e-06	2.764670e-10	1.906691e-09	1.529883e+00	2.989981e+02
5.450000e-06	2.342666e-10	1.689974e-09	1.297461e+00	2.643527e+02
5.460000e-06	1.920649e-10	1.470792e-09	1.065099e+00	2.292380e+02
5.470000e-06	1.498633e-10	1.249534e-09	8.327037e-01	1.936678e+02
5.480000e-06	1.076544e-10	1.026124e-09	6.001618e-01	1.576616e+02
5.490000e-06	6.542453e-11	7.999844e-10	3.674672e-01	1.212451e+02
5.500000e-06	2.318262e-11	5.706337e-10	1.347570e-01	8.445149e+01
5.510000e-06	-1.906503e-11	3.390055e-10	-9.797488e-02	4.732089e+01
5.520000e-06	-6.131159e-11	1.064069e-10	-3.307050e-01	9.900888e+00
5.530000e-06	-1.035597e-10	-1.275720e-10	-5.634093e-01	-2.775407e+01
5.540000e-06	-1.458125e-10	-3.634157e-10	-7.961121e-01	-6.558339e+01
5.550000e-06	-1.880507e-10	-6.003524e-10	-1.028757e+00	-1.035214e+02
5.560000e-06	-2.302713e-10	-8.376593e-10	-1.261323e+00	-1.414987e+02
5.570000e-06	-2.724692e-10	-1.074938e-09	-1.493745e+00	-1.794436e+02
5.580000e-06	-3.146423e-10	-1.311556e-09	-1.726020e+00	-2.172842e+02
5.590000e-06	-3.567976e-10	-1.546935e-09	-1.958172e+00	-2.549497e+02
5.600000e-06	-3.989306e-10	-1.780616e-09	-2.190228e+00	-2.923720e+02
5.610000e-06	-4.410395e-10	-2.012185e-09	-2.422203e+00	-3.294878e+02
5.620000e-06	-4.831195e-10	-2.241377e-09	-2.654017e+00	-3.662391e+02
5.630000e-06	-5.251747e-10	-2.468292e-09	-2.885664e+00	-4.025745e+02
5.640000e-06	-5.671982e-10	-2.693267e-09	-3.117154e+00	-4.384500e+02
5.650000e-06	-6.091824e-10	-2.915800e-09	-3.348476e+00	-4.738287e+02
5.660000e-06	-6.511366e-10	-3.135146e-09	-3.579595e+00	-5.086813e+02
5.670000e-06	-6.930607e-10	-3.351364e-09	-3.810514e+00	-5.429851e+02
5.680000e-06	-7.349551e-10	-3.563949e-09	-4.041250e+00	-5.767241e+02
5.690000e-06	-7.768053e-10	-3.772099e-09	-4.271735e+00	-6.098871e+02
5.700000e-06	-8.186017e-10	-3.976432e-09	-4.501939e+00	-6.424680e+02
5.710000e-06	-8.603387e-10	-4.177591e-09	-4.731811e+00	-6.744636e+02
5.720000e-06	-9.019999e-10	-4.374861e-09	-4.961267e+00	-7.058738e+02
5.730000e-06	-9.435866e-10	-4.568045e-09	-5.190295e+00	-7.367000e+02
5.740000e-06	-9.851048e-10	-4.758192e-09	-5.418963e+00	-7.669447e+02
5.750000e-06	-1.026553e-09	-4.945330e-09	-5.647283e+00	-7.966115e+02
5.760000e-06	-1.067942e-09	-5.128336e-09	-5.875255e+00	-8.257040e+02
5.770000e-06	-1.109262e-09	-5.306886e-09	-6.102834e+00	-8.542267e+02
5.780000e-06	-1.150476e-09	-5.481491e-09	-6.329885e+00	-8.821844e+02
5.790000e-06	-1.191580e-09	-5.653020e-09	-6.556360e+00	-9.095829e+02
5.800000e-06	-1.232600e-09	-5.821729e-09	-6.782297e+00	-9.364290e+02
5.810000e-06	-1.273526e-09	-5.986983e-09	-7.007630e+00	-9.627311e+02
5.820000e-06	-1.314325e-09	-6.148372e-09	-7.232288e+00	-9.884991e+02
5.830000e-06	-1.355006e-09	-6.306477e-09	-7.456342e+00	-1.013745e+03
5.840000e-06	-1.395573e-09	-6.461837e-09	-7.679773e+00	-1.038482e+03
5.850000e-06	-1.436014e-09	-6.614062e-09	-7.902528e+00	-1.062728e+03
5.860000e-06	-1.476354e-09	-6.762970e-09	-8.124726e+00	-1.086497e+03
5.870000e-06	-1.516611e-09	-6.909145e-09	-8.346455e+00	-1.109811e+03
5.880000e-06	-1.556788e-09	-7.053029e-09	-8.567759e+00	-1.132687e+03
5.890000e-06	-1.596893e-09	-7.194831e-09	-8.788657e+00	-1.155145e+03
5.900000e-06	-1.636930e-09	-7.334610e-09	-9.009171e+00	-1.177204e+03
5.910000e-06	-1.676925e-09	-7.472033e-09	-9.229444e+00	-1.198882e+03
5.920000e-06	-1.716882e-09	-7.606756e-09	-9.449510e+00	-1.220196e+03
5.930000e-06	-1.756794e-09	-7.739080e-09	-9.669327e+00	-1.241159e+03
5.940000e-06	-1.796653e-09	-7.869284e-09	-9.888889e+00	-1.261782e+03
5.950000e-06	-1.836456e-09	-7.996832e-09	-1.010816e+01	-1.282076e+03
5.960000e-06	-1.876178e-09	-8.121740e-09	-1.032698e+01	-1.302047e+03
5.970000e-06	-1.915799e-09	-8.244379e-09	-1.054528e+01	-1.321699e+03
5.980000e-06	-1.955320e-09	-8.364947e-09	-1.076300e+01	-1.341034e+03
5.990000e-06	-1.994717e-09	-8.484166e-09	-1.098002e+01	-1.360055e+03
6.000000e-06	-2.033949e-09	-8.602324e-09	-1.119613e+01	-1.378760e+03
6.010000e-06	-2.072955e-09	-8.718785e-09	-1.141098e+01	-1.397151e+03
6.020000e-06	-2.111716e-09	-8.832961e-09	-1.162450e+01	-1.415227e+03
6.030000e-06	-2.150214e-09	-8.944600e-09	-1.183658e+01	-1.432989e+03
6.040000e-06	-2.188420e-09	-9.054051e-09	-1.204712e+01	-1.450441e+03
6.050000e-06	-2.226357e-09	-9.161901e-09	-1.225617e+01	-1.467585e+03
6.060000e-06	-2.264003e-09	-9.267562e-09	-1.246354e+01	-1.484428e+03
6.070000e-06	-2.301330e-09	-9.370747e-09	-1.266910e+01	-1.500979e+03
6.080000e-06	-2.338367e-09	-9.472199e-09	-1.287292e+01	-1.517246e+03
6.090000e-06	-2.375138e-09	-9.572331e-09	-1.307532e+01	-1.533240e+03
6.100000e-06	-2.411660e-09	-9.671207e-09	-1.327641e+01	-1.548975e+03
6.110000e-06	-2.447988e-09	-9.768197e-09	-1.347643e+01	-1.564461e+03
6.120000e-06	-2.484185e-09	-9.863185e-09	-1.367573e+01	-1.579713e+03
6.130000e-06	-2.520272e-09	-9.956891e-09	-1.387444e+01	-1.594742e+03
6.140000e-06	-2.556257e-09	-1.004978e-08	-1.407266e+01	-1.609559e+03
6.150000e-06	-2.592170e-09	-1.014181e-08	-1.427049e+01	-1.624173e+03
6.160000e-06	-2.627998e-09	-1.023301e-08	-1.446784e+01	-1.638592e+03
6.170000e-06	-2.663727e-09	-1.032348e-08	-1.466462e+01	-1.652822e+03
6.180000e-06	-2.699335e-09	-1.041259e-08	-1.486072e+01	-1.666865e+03
6.190000e-06	-2.734788e-09	-1.050030e-08	-1.505603e+01	-1.680722e+03
6.200000e-06	-2.770049e-09	-1.058705e-08	-1.525028e+01	-1.694393e+03
6.210000e-06	-2.805072e-09	-1.067270e-08	-1.544322e+01	-1.707874e+03
6.220000e-06	-2.839860e-09	-1.075655e-08	-1.563489e+01	-1.721162e+03
6.230000e-06	-2.874419e-09	-1.083828e-08	-1.582527e+01	-1.734252e+03
6.240000e-06	-2.908748e-09	-1.091848e-08	-1.601438e+01	-1.747141e+03
6.250000e-06	-2.942871e-09	-1.099758e-08	-1.620233e+01	-1.759823e+03
6.260000e-06	-2.976804e-09	-1.107550e-08	-1.638925e+01	-1.772297e+03
6.270000e-06	-3.010546e-09	-1.115162e-08	-1.657515e+01	-1.784560e+03
6.280000e-06	-3.044083e-09	-1.122592e-08	-1.675990e+01	-1.796614e+03
6.290000e-06	-3.077398e-09	-1.129928e-08	-1.694344e+01	-1.808462e+03
6.300000e-06	-3.110462e-09	-1.137197e-08	-1.712562e+01	-1.820108e+03
6.310000e-06	-3.143264e-09	-1.144381e-08	-1.730633e+01	-1.831559e+03
6.320000e-06	-3.175832e-09	-1.151513e-08	-1.748574e+01	-1.842824e+03
6.330000e-06	-3.208179e-09	-1.158572e-08	-1.766395e+01	-1.853913e+03
6.340000e-06	-3.240353e-09	-1.165531e-08	-1.784117e+01	-1.864838e+03
6.350000e-06	-3.272396e-09	-1.172423e-08	-1.801767e+01	-1.875610e+03
6.360000e-06	-3.304299e-09	-1.179206e-08	-1.819336e+01	-1.886240e+03
6.370000e-06	-3.336046e-09	-1.185819e-08	-1.836819e+01	-1.896738e+03
6.380000e-06	-3.367614e-09	-1.192334e-08	-1.854200e+01	-1.907113e+03
6.390000e-06	-3.398942e-09	-1.198821e-08	-1.871442e+01	-1.917372e+03
6.400000e-06	-3.429950e-09	-1.205284e-08	-1.888515e+01	-1.927519e+03
6.410000e-06	-3.460590e-09	-1.211676e-08	-1.905388e+01	-1.937556e+03
6.420000e-06	-3.490814e-09	-1.217956e-08	-1.922029e+01	-1.947481e+03
6.430000e-06	-3.520603e-09	-1.224143e-08	-1.938426e+01	-1.957292e+03
6.440000e-06	-3.549969e-09	-1.230248e-08	-1.954592e+01	-1.966982e+03
6.450000e-06	-3.578934e-09	-1.236267e-08	-1.970538e+01	-1.976545e+03
6.460000e-06	-3.607552e-09	-1.242183e-08	-1.986293e+01	-1.985972e+03
6.470000e-06	-3.635891e-09	-1.247973e-08	-2.001902e+01	-1.995253e+03
6.480000e-06	-3.664020e-09	-1.253655e-08	-2.017397e+01	-2.004379e+03
6.490000e-06	-3.692008e-09	-1.259267e-08	-2.032814e+01	-2.013343e+03
6.500000e-06	-3.719882e-09	-1.264780e-08	-2.048168e+01	-2.022137e+03
6.510000e-06	-3.747613e-09	-1.270139e-08	-2.063444e+01	-2.030755e+03
6.520000e-06	-3.775139e-09	-1.275369e-08	-2.078607e+01	-2.039195e+03
6.530000e-06	-3.802390e-09	-1.280471e-08	-2.093615e+01	-2.047456e+03
6.540000e-06	-3.829339e-09	-1.285452e-08	-2.108457e+01	-2.055538e+03
6.550000e-06	-3.855976e-09	-1.290368e-08	-2.123125e+01	-2.063446e+03
6.560000e-06	-3.882312e-09	-1.295206e-08	-2.137629e+01	-2.071184e+03
6.570000e-06	-3.908390e-09	-1.299929e-08	-2.151990e+01	-2.078761e+03
6.580000e-06	-3.934212e-09	-1.304540e-08	-2.166209e+01	-2.086184e+03
6.590000e-06	-3.959752e-09	-1.309088e-08	-2.180279e+01	-2.093463e+03
6.600000e-06	-3.984995e-09	-1.313592e-08	-2.194182e+01	-2.100606e+03
6.610000e-06	-4.009905e-09	-1.317976e-08	-2.207901e+01	-2.107622e+03
6.620000e-06	-4.034516e-09	-1.322219e-08	-2.221458e+01	-2.114519e+03
6.630000e-06	-4.058885e-09	-1.326380e-08	-2.234877e+01	-2.121305e+03
6.640000e-06	-4.083044e-09	-1.330515e-08	-2.248183e+01	-2.127986e+03
6.650000e-06	-4.107043e-09	-1.334658e-08	-2.261401e+01	-2.134567e+03
6.660000e-06	-4.130889e-09	-1.338796e-08	-2.274532e+01	-2.141051e+03
6.670000e-06	-4.154541e-09	-1.342856e-08	-2.287558e+01	-2.147442e+03
6.680000e-06	-4.177926e-09	-1.346824e-08	-2.300441e+01	-2.153741e+03
6.690000e-06	-4.200961e-09	-1.350737e-08	-2.313129e+01	-2.159950e+03
6.700000e-06	-4.223569e-09	-1.354573e-08	-2.325580e+01	-2.166070e+03
6.710000e-06	-4.245685e-09	-1.358315e-08	-2.337760e+01	-2.172100e+03
6.720000e-06	-4.267280e-09	-1.361973e-08	-2.349649e+01	-2.178040e+03
6.730000e-06	-4.288388e-09	-1.365579e-08	-2.361269e+01	-2.183892e+03
6.740000e-06	-4.309079e-09	-1.369185e-08	-2.372660e+01	-2.189654e+03
6.750000e-06	-4.329429e-09	-1.372802e-08	-2.383867e+01	-2.195327e+03
6.760000e-06	-4.349539e-09	-1.376332e-08	-2.394949e+01	-2.200909e+03
6.770000e-06	-4.369480e-09	-1.379747e-08	-2.405936e+01	-2.206399e+03
6.780000e-06	-4.389252e-09	-1.383159e-08	-2.416831e+01	-2.211797e+03
6.790000e-06	-4.408806e-09	-1.386570e-08	-2.427608e+01	-2.217098e+03
6.800000e-06	-4.428064e-09	-1.389877e-08	-2.438221e+01	-2.222302e+03
6.810000e-06	-4.446978e-09	-1.393058e-08	-2.448640e+01	-2.227403e+03
6.820000e-06	-4.465544e-09	-1.396178e-08	-2.458865e+01	-2.232397e+03
6.830000e-06	-4.483797e-09	-1.399261e-08	-2.468921e+01	-2.237280e+03
6.840000e-06	-4.501782e-09	-1.402316e-08	-2.478834e+01	-2.242046e+03
6.850000e-06	-4.519507e-09	-1.405279e-08	-2.488604e+01	-2.246690e+03
6.860000e-06	-4.536938e-09	-1.408047e-08	-2.498209e+01	-2.251208e+03
6.870000e-06	-4.554038e-09	-1.410698e-08	-2.507626e+01	-2.255597e+03
6.880000e-06	-4.570799e-09	-1.413352e-08	-2.516853e+01	-2.259852e+03
6.890000e-06	-4.587243e-09	-1.415977e-08	-2.525910e+01	-2.263973e+03
6.900000e-06	-4.603434e-09	-1.418504e-08	-2.534829e+01	-2.267961e+03
6.910000e-06	-4.619424e-09	-1.420909e-08	-2.543641e+01	-2.271817e+03
6.920000e-06	-4.635198e-09	-1.423208e-08	-2.552333e+01	-2.275544e+03
6.930000e-06	-4.650673e-09	-1.425474e-08	-2.560855e+01	-2.279148e+03
6.940000e-06	-4.665730e-09	-1.427705e-08	-2.569142e+01	-2.282636e+03
6.950000e-06	-4.680238e-09	-1.429806e-08	-2.577123e+01	-2.286013e+03
6.960000e-06	-4.694151e-09	-1.431795e-08	-2.584781e+01	-2.289290e+03
6.970000e-06	-4.707508e-09	-1.433786e-08	-2.592135e+01	-2.292472e+03
6.980000e-06	-4.720362e-09	-1.435815e-08	-2.599210e+01	-2.295568e+03
6.990000e-06	-4.732814e-09	-1.437830e-08	-2.606070e+01	-2.298585e+03
7.000000e-06	-4.744951e-09	-1.439760e-08	-2.612766e+01	-2.301527e+03
7.010000e-06	-4.756805e-09	-1.441583e-08	-2.619312e+01	-2.304400e+03
7.020000e-06	-4.768358e-09	-1.443343e-08	-2.625689e+01	-2.307207e+03
7.030000e-06	-4.779544e-09	-1.445121e-08	-2.631860e+01	-2.309948e+03
7.040000e-06	-4.790353e-09	-1.446914e-08	-2.637822e+01	-2.312624e+03
7.050000e-06	-4.800809e-09	-1.448655e-08	-2.643586e+01	-2.315233e+03
7.060000e-06	-4.810941e-09	-1.450340e-08	-2.649175e+01	-2.317774e+03
7.070000e-06	-4.820785e-09	-1.451976e-08	-2.654611e+01	-2.320244e+03
7.080000e-06	-4.830321e-09	-1.453579e-08	-2.659874e+01	-2.322641e+03
7.090000e-06	-4.839494e-09	-1.455149e-08	-2.664935e+01	-2.324962e+03
7.100000e-06	-4.848293e-09	-1.456658e-08	-2.669790e+01	-2.327204e+03
7.110000e-06	-4.856752e-09	-1.458081e-08	-2.674458e+01	-2.329367e+03
7.120000e-06	-4.864948e-09	-1.459436e-08	-2.678979e+01	-2.331450e+03
7.130000e-06	-4.872940e-09	-1.460775e-08	-2.683388e+01	-2.333452e+03
7.140000e-06	-4.880741e-09	-1.462109e-08	-2.687695e+01	-2.335373e+03
7.150000e-06	-4.888284e-09	-1.463399e-08	-2.691858e+01	-2.337216e+03
7.160000e-06	-4.895460e-09	-1.464585e-08	-2.695812e+01	-2.338980e+03
7.170000e-06	-4.902189e-09	-1.465635e-08	-2.699515e+01	-2.340667e+03
7.180000e-06	-4.908378e-09	-1.466585e-08	-2.702924e+01	-2.342277e+03
7.190000e-06	-4.913995e-09	-1.467520e-08	-2.706023e+01	-2.343811e+03
7.200000e-06	-4.919076e-09	-1.468443e-08	-2.708825e+01	-2.345268e+03
7.210000e-06	-4.923701e-09	-1.469286e-08	-2.711379e+01	-2.346646e+03
7.220000e-06	-4.927993e-09	-1.470038e-08	-2.713752e+01	-2.347943e+03
7.230000e-06	-4.932044e-09	-1.470740e-08	-2.715992e+01	-2.349156e+03
7.240000e-06	-4.935888e-09	-1.471430e-08	-2.718115e+01	-2.350282e+03
7.250000e-06	-4.939489e-09	-1.472099e-08	-2.720101e+01	-2.351315e+03
7.260000e-06	-4.942776e-09	-1.472681e-08	-2.721916e+01	-2.352252e+03
7.270000e-06	-4.945691e-09	-1.473196e-08	-2.723530e+01	-2.353089e+03
7.280000e-06	-4.948234e-09	-1.473712e-08	-2.724940e+01	-2.353822e+03
7.290000e-06	-4.950465e-09	-1.474132e-08	-2.726181e+01	-2.354448e+03
7.300000e-06	-4.952427e-09	-1.474406e-08	-2.727279e+01	-2.354964e+03
7.310000e-06	-4.954084e-09	-1.474598e-08	-2.728207e+01	-2.355371e+03
7.320000e-06	-4.955333e-09	-1.474704e-08	-2.728904e+01	-2.355667e+03
7.330000e-06	-4.956153e-09	-1.474740e-08	-2.729366e+01	-2.355854e+03
7.340000e-06	-4.956649e-09	-1.474772e-08	-2.729652e+01	-2.355933e+03
