# Concentracion g/m^3_=_53300.0
# C_Vs_to_Am_M_A/Vsm_=_128687336408.14134
# pendiente_HvsI_1/m_=_3716.3
# ordenada_HvsI_A/m_=_1297.0
# frecuencia_Hz_=_136150.30442848144
# Promedio de 29 ciclos

Tiempo_(s)	Campo_(V.s)	Magnetizacion_(V.s)	Campo_(kA/m)	Magnetizacion_(A/m)
0.000000e+00	-5.676431e-09	-1.470656e-08	-3.099088e+01	-2.536840e+03
1.000000e-08	-5.676619e-09	-1.470521e-08	-3.099180e+01	-2.536713e+03
2.000000e-08	-5.676549e-09	-1.470377e-08	-3.099135e+01	-2.536482e+03
3.000000e-08	-5.676116e-09	-1.470205e-08	-3.098896e+01	-2.536151e+03
4.000000e-08	-5.675192e-09	-1.469947e-08	-3.098385e+01	-2.535723e+03
5.000000e-08	-5.673698e-09	-1.469570e-08	-3.097550e+01	-2.535201e+03
6.000000e-08	-5.671567e-09	-1.469107e-08	-3.096372e+01	-2.534590e+03
7.000000e-08	-5.668791e-09	-1.468772e-08	-3.094849e+01	-2.533893e+03
8.000000e-08	-5.665441e-09	-1.468618e-08	-3.093009e+01	-2.533111e+03
9.000000e-08	-5.661626e-09	-1.467789e-08	-3.090914e+01	-2.532246e+03
1.000000e-07	-5.657505e-09	-1.466145e-08	-3.088655e+01	-2.531300e+03
1.100000e-07	-5.653191e-09	-1.465807e-08	-3.086298e+01	-2.530274e+03
1.200000e-07	-5.648620e-09	-1.466872e-08	-3.083802e+01	-2.529168e+03
1.300000e-07	-5.643632e-09	-1.465691e-08	-3.081074e+01	-2.527981e+03
1.400000e-07	-5.638214e-09	-1.463016e-08	-3.078107e+01	-2.526712e+03
1.500000e-07	-5.632428e-09	-1.463428e-08	-3.074947e+01	-2.525359e+03
1.600000e-07	-5.626239e-09	-1.464576e-08	-3.071562e+01	-2.523921e+03
1.700000e-07	-5.619569e-09	-1.461896e-08	-3.067900e+01	-2.522395e+03
1.800000e-07	-5.612444e-09	-1.458814e-08	-3.063996e+01	-2.520780e+03
1.900000e-07	-5.605000e-09	-1.459292e-08	-3.059926e+01	-2.519073e+03
2.000000e-07	-5.597324e-09	-1.459753e-08	-3.055731e+01	-2.517271e+03
2.100000e-07	-5.589415e-09	-1.457271e-08	-3.051405e+01	-2.515372e+03
2.200000e-07	-5.581185e-09	-1.455150e-08	-3.046905e+01	-2.513376e+03
2.300000e-07	-5.572487e-09	-1.455209e-08	-3.042154e+01	-2.511281e+03
2.400000e-07	-5.563138e-09	-1.454583e-08	-3.037047e+01	-2.509085e+03
2.500000e-07	-5.553030e-09	-1.452181e-08	-3.031522e+01	-2.506790e+03
2.600000e-07	-5.542256e-09	-1.450346e-08	-3.025629e+01	-2.504394e+03
2.700000e-07	-5.530971e-09	-1.449494e-08	-3.019457e+01	-2.501899e+03
2.800000e-07	-5.519289e-09	-1.447967e-08	-3.013071e+01	-2.499305e+03
2.900000e-07	-5.507255e-09	-1.446020e-08	-3.006495e+01	-2.496614e+03
3.000000e-07	-5.494847e-09	-1.444715e-08	-2.999713e+01	-2.493827e+03
3.100000e-07	-5.482013e-09	-1.443257e-08	-2.992697e+01	-2.490944e+03
3.200000e-07	-5.468717e-09	-1.440947e-08	-2.985434e+01	-2.487967e+03
3.300000e-07	-5.455002e-09	-1.438887e-08	-2.977945e+01	-2.484895e+03
3.400000e-07	-5.440875e-09	-1.437582e-08	-2.970229e+01	-2.481729e+03
3.500000e-07	-5.426215e-09	-1.435733e-08	-2.962217e+01	-2.478467e+03
3.600000e-07	-5.410909e-09	-1.433048e-08	-2.953858e+01	-2.475109e+03
3.700000e-07	-5.394996e-09	-1.431093e-08	-2.945168e+01	-2.471652e+03
3.800000e-07	-5.378546e-09	-1.429834e-08	-2.936178e+01	-2.468094e+03
3.900000e-07	-5.361671e-09	-1.427518e-08	-2.926958e+01	-2.464434e+03
4.000000e-07	-5.344482e-09	-1.424499e-08	-2.917566e+01	-2.460668e+03
4.100000e-07	-5.327015e-09	-1.422469e-08	-2.908022e+01	-2.456796e+03
4.200000e-07	-5.309265e-09	-1.420672e-08	-2.898326e+01	-2.452815e+03
4.300000e-07	-5.291168e-09	-1.417867e-08	-2.888442e+01	-2.448725e+03
4.400000e-07	-5.272674e-09	-1.415146e-08	-2.878337e+01	-2.444526e+03
4.500000e-07	-5.253760e-09	-1.413090e-08	-2.867999e+01	-2.440218e+03
4.600000e-07	-5.234464e-09	-1.410467e-08	-2.857453e+01	-2.435804e+03
4.700000e-07	-5.214891e-09	-1.407401e-08	-2.846758e+01	-2.431284e+03
4.800000e-07	-5.195097e-09	-1.404929e-08	-2.835952e+01	-2.426663e+03
4.900000e-07	-5.175086e-09	-1.402382e-08	-2.825029e+01	-2.421941e+03
5.000000e-07	-5.154805e-09	-1.399167e-08	-2.813958e+01	-2.417121e+03
5.100000e-07	-5.134150e-09	-1.396254e-08	-2.802686e+01	-2.412206e+03
5.200000e-07	-5.113083e-09	-1.393701e-08	-2.791185e+01	-2.407196e+03
5.300000e-07	-5.091623e-09	-1.390559e-08	-2.779462e+01	-2.402090e+03
5.400000e-07	-5.069797e-09	-1.387203e-08	-2.767544e+01	-2.396889e+03
5.500000e-07	-5.047629e-09	-1.384261e-08	-2.755435e+01	-2.391589e+03
5.600000e-07	-5.025088e-09	-1.381138e-08	-2.743124e+01	-2.386187e+03
5.700000e-07	-5.002155e-09	-1.377665e-08	-2.730607e+01	-2.380678e+03
5.800000e-07	-4.978881e-09	-1.374461e-08	-2.717902e+01	-2.375057e+03
5.900000e-07	-4.955338e-09	-1.371299e-08	-2.705048e+01	-2.369319e+03
6.000000e-07	-4.931568e-09	-1.367684e-08	-2.692071e+01	-2.363458e+03
6.100000e-07	-4.907540e-09	-1.364023e-08	-2.678952e+01	-2.357470e+03
6.200000e-07	-4.883163e-09	-1.360512e-08	-2.665628e+01	-2.351351e+03
6.300000e-07	-4.858332e-09	-1.356784e-08	-2.652047e+01	-2.345098e+03
6.400000e-07	-4.832973e-09	-1.352962e-08	-2.638172e+01	-2.338709e+03
6.500000e-07	-4.807032e-09	-1.349210e-08	-2.623981e+01	-2.332185e+03
6.600000e-07	-4.780495e-09	-1.345346e-08	-2.609470e+01	-2.325528e+03
6.700000e-07	-4.753446e-09	-1.341398e-08	-2.594691e+01	-2.318738e+03
6.800000e-07	-4.726033e-09	-1.337445e-08	-2.579721e+01	-2.311821e+03
6.900000e-07	-4.698381e-09	-1.333311e-08	-2.564621e+01	-2.304778e+03
7.000000e-07	-4.670542e-09	-1.329000e-08	-2.549421e+01	-2.297614e+03
7.100000e-07	-4.642504e-09	-1.324695e-08	-2.534109e+01	-2.290332e+03
7.200000e-07	-4.614206e-09	-1.320368e-08	-2.518652e+01	-2.282932e+03
7.300000e-07	-4.585577e-09	-1.315954e-08	-2.503010e+01	-2.275415e+03
7.400000e-07	-4.556590e-09	-1.311491e-08	-2.487167e+01	-2.267780e+03
7.500000e-07	-4.527264e-09	-1.306930e-08	-2.471139e+01	-2.260024e+03
7.600000e-07	-4.497639e-09	-1.302256e-08	-2.454955e+01	-2.252143e+03
7.700000e-07	-4.467730e-09	-1.297548e-08	-2.438620e+01	-2.244130e+03
7.800000e-07	-4.437514e-09	-1.292760e-08	-2.422116e+01	-2.235980e+03
7.900000e-07	-4.406957e-09	-1.287818e-08	-2.405427e+01	-2.227686e+03
8.000000e-07	-4.376057e-09	-1.282818e-08	-2.388546e+01	-2.219242e+03
8.100000e-07	-4.344860e-09	-1.277809e-08	-2.371503e+01	-2.210642e+03
8.200000e-07	-4.313420e-09	-1.272704e-08	-2.354333e+01	-2.201883e+03
8.300000e-07	-4.281775e-09	-1.267476e-08	-2.337051e+01	-2.192962e+03
8.400000e-07	-4.249939e-09	-1.262157e-08	-2.319666e+01	-2.183879e+03
8.500000e-07	-4.217888e-09	-1.256720e-08	-2.302162e+01	-2.174636e+03
8.600000e-07	-4.185579e-09	-1.251209e-08	-2.284512e+01	-2.165236e+03
8.700000e-07	-4.152928e-09	-1.245714e-08	-2.266673e+01	-2.155685e+03
8.800000e-07	-4.119840e-09	-1.240161e-08	-2.248593e+01	-2.145988e+03
8.900000e-07	-4.086261e-09	-1.234473e-08	-2.230246e+01	-2.136151e+03
9.000000e-07	-4.052176e-09	-1.228727e-08	-2.211626e+01	-2.126181e+03
9.100000e-07	-4.017588e-09	-1.222983e-08	-2.192734e+01	-2.116081e+03
9.200000e-07	-3.982559e-09	-1.217174e-08	-2.173607e+01	-2.105854e+03
9.300000e-07	-3.947210e-09	-1.211192e-08	-2.154307e+01	-2.095503e+03
9.400000e-07	-3.911635e-09	-1.205085e-08	-2.134883e+01	-2.085023e+03
9.500000e-07	-3.875897e-09	-1.198956e-08	-2.115368e+01	-2.074411e+03
9.600000e-07	-3.840007e-09	-1.192781e-08	-2.095771e+01	-2.063661e+03
9.700000e-07	-3.803947e-09	-1.186543e-08	-2.076082e+01	-2.052763e+03
9.800000e-07	-3.767673e-09	-1.180207e-08	-2.056275e+01	-2.041707e+03
9.900000e-07	-3.731135e-09	-1.173701e-08	-2.036323e+01	-2.030482e+03
1.000000e-06	-3.694325e-09	-1.167053e-08	-2.016214e+01	-2.019077e+03
1.010000e-06	-3.657224e-09	-1.160359e-08	-1.995944e+01	-2.007482e+03
1.020000e-06	-3.619822e-09	-1.153594e-08	-1.975522e+01	-1.995688e+03
1.030000e-06	-3.582154e-09	-1.146634e-08	-1.954956e+01	-1.983689e+03
1.040000e-06	-3.544250e-09	-1.139478e-08	-1.934253e+01	-1.971480e+03
1.050000e-06	-3.506101e-09	-1.132260e-08	-1.913410e+01	-1.959060e+03
1.060000e-06	-3.467669e-09	-1.125002e-08	-1.892411e+01	-1.946430e+03
1.070000e-06	-3.428962e-09	-1.117611e-08	-1.871265e+01	-1.933594e+03
1.080000e-06	-3.390000e-09	-1.110035e-08	-1.849987e+01	-1.920558e+03
1.090000e-06	-3.350800e-09	-1.102321e-08	-1.828582e+01	-1.907326e+03
1.100000e-06	-3.311382e-09	-1.094542e-08	-1.807060e+01	-1.893906e+03
1.110000e-06	-3.271793e-09	-1.086700e-08	-1.785445e+01	-1.880304e+03
1.120000e-06	-3.232084e-09	-1.078762e-08	-1.763764e+01	-1.866524e+03
1.130000e-06	-3.192262e-09	-1.070728e-08	-1.742020e+01	-1.852568e+03
1.140000e-06	-3.152313e-09	-1.062584e-08	-1.720209e+01	-1.838438e+03
1.150000e-06	-3.112202e-09	-1.054346e-08	-1.698307e+01	-1.824129e+03
1.160000e-06	-3.071882e-09	-1.046063e-08	-1.676285e+01	-1.809638e+03
1.170000e-06	-3.031320e-09	-1.037657e-08	-1.654134e+01	-1.794956e+03
1.180000e-06	-2.990443e-09	-1.029023e-08	-1.631810e+01	-1.780073e+03
1.190000e-06	-2.949193e-09	-1.020197e-08	-1.609281e+01	-1.764978e+03
1.200000e-06	-2.907584e-09	-1.011309e-08	-1.586562e+01	-1.749660e+03
1.210000e-06	-2.865605e-09	-1.002355e-08	-1.563638e+01	-1.734105e+03
1.220000e-06	-2.823271e-09	-9.932088e-09	-1.540515e+01	-1.718305e+03
1.230000e-06	-2.780618e-09	-9.838308e-09	-1.517228e+01	-1.702248e+03
1.240000e-06	-2.737689e-09	-9.742602e-09	-1.493801e+01	-1.685926e+03
1.250000e-06	-2.694531e-09	-9.645485e-09	-1.470243e+01	-1.669335e+03
1.260000e-06	-2.651182e-09	-9.547199e-09	-1.446575e+01	-1.652470e+03
1.270000e-06	-2.607680e-09	-9.447407e-09	-1.422824e+01	-1.635330e+03
1.280000e-06	-2.564048e-09	-9.345355e-09	-1.399004e+01	-1.617915e+03
1.290000e-06	-2.520304e-09	-9.241508e-09	-1.375126e+01	-1.600226e+03
1.300000e-06	-2.476463e-09	-9.137378e-09	-1.351195e+01	-1.582266e+03
1.310000e-06	-2.432528e-09	-9.032980e-09	-1.327211e+01	-1.564037e+03
1.320000e-06	-2.388475e-09	-8.926886e-09	-1.303162e+01	-1.545538e+03
1.330000e-06	-2.344277e-09	-8.818690e-09	-1.279035e+01	-1.526772e+03
1.340000e-06	-2.299912e-09	-8.708896e-09	-1.254815e+01	-1.507734e+03
1.350000e-06	-2.255375e-09	-8.597527e-09	-1.230498e+01	-1.488423e+03
1.360000e-06	-2.210666e-09	-8.484472e-09	-1.206090e+01	-1.468831e+03
1.370000e-06	-2.165790e-09	-8.369463e-09	-1.181587e+01	-1.448952e+03
1.380000e-06	-2.120746e-09	-8.252180e-09	-1.156993e+01	-1.428775e+03
1.390000e-06	-2.075545e-09	-8.132921e-09	-1.132320e+01	-1.408291e+03
1.400000e-06	-2.030209e-09	-8.012133e-09	-1.107570e+01	-1.387487e+03
1.410000e-06	-1.984734e-09	-7.889532e-09	-1.082740e+01	-1.366351e+03
1.420000e-06	-1.939123e-09	-7.764544e-09	-1.057838e+01	-1.344872e+03
1.430000e-06	-1.893395e-09	-7.637402e-09	-1.032870e+01	-1.323038e+03
1.440000e-06	-1.847552e-09	-7.508715e-09	-1.007836e+01	-1.300837e+03
1.450000e-06	-1.801589e-09	-7.378597e-09	-9.827411e+00	-1.278262e+03
1.460000e-06	-1.755483e-09	-7.246771e-09	-9.575774e+00	-1.255301e+03
1.470000e-06	-1.709234e-09	-7.112457e-09	-9.323358e+00	-1.231949e+03
1.480000e-06	-1.662852e-09	-6.975064e-09	-9.070157e+00	-1.208197e+03
1.490000e-06	-1.616354e-09	-6.834920e-09	-8.816326e+00	-1.184039e+03
1.500000e-06	-1.569752e-09	-6.692439e-09	-8.561993e+00	-1.159467e+03
1.510000e-06	-1.523033e-09	-6.547383e-09	-8.307046e+00	-1.134476e+03
1.520000e-06	-1.476199e-09	-6.399140e-09	-8.051449e+00	-1.109058e+03
1.530000e-06	-1.429265e-09	-6.247832e-09	-7.795256e+00	-1.083204e+03
1.540000e-06	-1.382237e-09	-6.094289e-09	-7.538499e+00	-1.056905e+03
1.550000e-06	-1.335098e-09	-5.939284e-09	-7.281181e+00	-1.030153e+03
1.560000e-06	-1.287836e-09	-5.782301e-09	-7.023262e+00	-1.002936e+03
1.570000e-06	-1.240464e-09	-5.622097e-09	-6.764761e+00	-9.752429e+02
1.580000e-06	-1.193022e-09	-5.458322e-09	-6.505817e+00	-9.470629e+02
1.590000e-06	-1.145522e-09	-5.291401e-09	-6.246506e+00	-9.183842e+02
1.600000e-06	-1.097946e-09	-5.121565e-09	-5.986835e+00	-8.891955e+02
1.610000e-06	-1.050317e-09	-4.949231e-09	-5.726845e+00	-8.594855e+02
1.620000e-06	-1.002655e-09	-4.774470e-09	-5.466671e+00	-8.292437e+02
1.630000e-06	-9.549474e-10	-4.596675e-09	-5.206314e+00	-7.984598e+02
1.640000e-06	-9.072028e-10	-4.415750e-09	-4.945739e+00	-7.671241e+02
1.650000e-06	-8.594320e-10	-4.231679e-09	-4.685000e+00	-7.352272e+02
1.660000e-06	-8.116434e-10	-4.043989e-09	-4.424163e+00	-7.027596e+02
1.670000e-06	-7.638312e-10	-3.852106e-09	-4.163210e+00	-6.697119e+02
1.680000e-06	-7.159875e-10	-3.656450e-09	-3.902068e+00	-6.360745e+02
1.690000e-06	-6.681195e-10	-3.457961e-09	-3.640754e+00	-6.018376e+02
1.700000e-06	-6.202131e-10	-3.256720e-09	-3.379250e+00	-5.669908e+02
1.710000e-06	-5.722590e-10	-3.052043e-09	-3.117529e+00	-5.315243e+02
1.720000e-06	-5.242812e-10	-2.843214e-09	-2.855682e+00	-4.954281e+02
1.730000e-06	-4.762891e-10	-2.629860e-09	-2.593772e+00	-4.586938e+02
1.740000e-06	-4.282672e-10	-2.412450e-09	-2.331706e+00	-4.213148e+02
1.750000e-06	-3.802115e-10	-2.191640e-09	-2.069424e+00	-3.832872e+02
1.760000e-06	-3.321350e-10	-1.967475e-09	-1.807023e+00	-3.446116e+02
1.770000e-06	-2.840464e-10	-1.739804e-09	-1.544584e+00	-3.052937e+02
1.780000e-06	-2.359411e-10	-1.508351e-09	-1.282070e+00	-2.653458e+02
1.790000e-06	-1.878194e-10	-1.273212e-09	-1.019484e+00	-2.247877e+02
1.800000e-06	-1.397038e-10	-1.034624e-09	-7.569372e-01	-1.836482e+02
1.810000e-06	-9.160372e-11	-7.927627e-10	-4.944447e-01	-1.419650e+02
1.820000e-06	-4.350538e-11	-5.480428e-10	-2.319094e-01	-9.978572e+01
1.830000e-06	4.604991e-12	-3.009163e-10	3.068230e-02	-5.716766e+01
1.840000e-06	5.272129e-11	-5.240200e-11	2.932891e-01	-1.417747e+01
1.850000e-06	1.008370e-10	1.967669e-10	5.559259e-01	2.910964e+01
1.860000e-06	1.489446e-10	4.468209e-10	8.184797e-01	7.261101e+01
1.870000e-06	1.970280e-10	6.978478e-10	1.080858e+00	1.162380e+02
1.880000e-06	2.451126e-10	9.490131e-10	1.343227e+00	1.598979e+02
1.890000e-06	2.931983e-10	1.199612e-09	1.605623e+00	2.034955e+02
1.900000e-06	3.412521e-10	1.449624e-09	1.867882e+00	2.469355e+02
1.910000e-06	3.892843e-10	1.698818e-09	2.130032e+00	2.901245e+02
1.920000e-06	4.373012e-10	1.946653e-09	2.392135e+00	3.329729e+02
1.930000e-06	4.852742e-10	2.192514e-09	2.654011e+00	3.753966e+02
1.940000e-06	5.332070e-10	2.435370e-09	2.915642e+00	4.173189e+02
1.950000e-06	5.811285e-10	2.674281e-09	3.177188e+00	4.586712e+02
1.960000e-06	6.290311e-10	2.908860e-09	3.438616e+00	4.993945e+02
1.970000e-06	6.769108e-10	3.139224e-09	3.699929e+00	5.394397e+02
1.980000e-06	7.247698e-10	3.365809e-09	3.961125e+00	5.787676e+02
1.990000e-06	7.725977e-10	3.588348e-09	4.222159e+00	6.173489e+02
2.000000e-06	8.203948e-10	3.806268e-09	4.483027e+00	6.551638e+02
2.010000e-06	8.681562e-10	4.019566e-09	4.743699e+00	6.922012e+02
2.020000e-06	9.158824e-10	4.228241e-09	5.004164e+00	7.284576e+02
2.030000e-06	9.635691e-10	4.432201e-09	5.264415e+00	7.639359e+02
2.040000e-06	1.011215e-09	4.631830e-09	5.524465e+00	7.986449e+02
2.050000e-06	1.058817e-09	4.827694e-09	5.784295e+00	8.325970e+02
2.060000e-06	1.106346e-09	5.019677e-09	6.043760e+00	8.658081e+02
2.070000e-06	1.153805e-09	5.207154e-09	6.302872e+00	8.982957e+02
2.080000e-06	1.201196e-09	5.390326e-09	6.561606e+00	9.300786e+02
2.090000e-06	1.248491e-09	5.569926e-09	6.819807e+00	9.611757e+02
2.100000e-06	1.295699e-09	5.745766e-09	7.077562e+00	9.916056e+02
2.110000e-06	1.342817e-09	5.917338e-09	7.334834e+00	1.021386e+03
2.120000e-06	1.389843e-09	6.084977e-09	7.591568e+00	1.050534e+03
2.130000e-06	1.436780e-09	6.249290e-09	7.847747e+00	1.079064e+03
2.140000e-06	1.483601e-09	6.409946e-09	8.103282e+00	1.106993e+03
2.150000e-06	1.530291e-09	6.567248e-09	8.358160e+00	1.134334e+03
2.160000e-06	1.576842e-09	6.722191e-09	8.612320e+00	1.161100e+03
2.170000e-06	1.623266e-09	6.874544e-09	8.865745e+00	1.187307e+03
2.180000e-06	1.669559e-09	7.023945e-09	9.118421e+00	1.212966e+03
2.190000e-06	1.715726e-09	7.169847e-09	9.370378e+00	1.238094e+03
2.200000e-06	1.761777e-09	7.311467e-09	9.621756e+00	1.262706e+03
2.210000e-06	1.807714e-09	7.449267e-09	9.872535e+00	1.286817e+03
2.220000e-06	1.853521e-09	7.584362e-09	1.012259e+01	1.310446e+03
2.230000e-06	1.899188e-09	7.717157e-09	1.037196e+01	1.333610e+03
2.240000e-06	1.944745e-09	7.847589e-09	1.062070e+01	1.356329e+03
2.250000e-06	1.990207e-09	7.976174e-09	1.086885e+01	1.378621e+03
2.260000e-06	2.035529e-09	8.103139e-09	1.111626e+01	1.400506e+03
2.270000e-06	2.080696e-09	8.228018e-09	1.136287e+01	1.422002e+03
2.280000e-06	2.125720e-09	8.350553e-09	1.160873e+01	1.443127e+03
2.290000e-06	2.170579e-09	8.470726e-09	1.185364e+01	1.463895e+03
2.300000e-06	2.215263e-09	8.588346e-09	1.209757e+01	1.484321e+03
2.310000e-06	2.259760e-09	8.703104e-09	1.234043e+01	1.504416e+03
2.320000e-06	2.304075e-09	8.815432e-09	1.258227e+01	1.524188e+03
2.330000e-06	2.348235e-09	8.926210e-09	1.282332e+01	1.543644e+03
2.340000e-06	2.392275e-09	9.035726e-09	1.306371e+01	1.562787e+03
2.350000e-06	2.436220e-09	9.143689e-09	1.330357e+01	1.581619e+03
2.360000e-06	2.480081e-09	9.249833e-09	1.354298e+01	1.600140e+03
2.370000e-06	2.523871e-09	9.354165e-09	1.378201e+01	1.618350e+03
2.380000e-06	2.567579e-09	9.456933e-09	1.402062e+01	1.636246e+03
2.390000e-06	2.611176e-09	9.558463e-09	1.425867e+01	1.653829e+03
2.400000e-06	2.654640e-09	9.658783e-09	1.449603e+01	1.671098e+03
2.410000e-06	2.697942e-09	9.757884e-09	1.473249e+01	1.688055e+03
2.420000e-06	2.741016e-09	9.855361e-09	1.496772e+01	1.704705e+03
2.430000e-06	2.783785e-09	9.950715e-09	1.520127e+01	1.721054e+03
2.440000e-06	2.826198e-09	1.004404e-08	1.543283e+01	1.737110e+03
2.450000e-06	2.868211e-09	1.013511e-08	1.566220e+01	1.752884e+03
2.460000e-06	2.909807e-09	1.022365e-08	1.588927e+01	1.768389e+03
2.470000e-06	2.951028e-09	1.031063e-08	1.611424e+01	1.783638e+03
2.480000e-06	2.991926e-09	1.039655e-08	1.633739e+01	1.798645e+03
2.490000e-06	3.032518e-09	1.048103e-08	1.655889e+01	1.813424e+03
2.500000e-06	3.072849e-09	1.056435e-08	1.677904e+01	1.827989e+03
2.510000e-06	3.112990e-09	1.064676e-08	1.699815e+01	1.842350e+03
2.520000e-06	3.152980e-09	1.072795e-08	1.721644e+01	1.856516e+03
2.530000e-06	3.192836e-09	1.080780e-08	1.743400e+01	1.870492e+03
2.540000e-06	3.232569e-09	1.088692e-08	1.765088e+01	1.884282e+03
2.550000e-06	3.272169e-09	1.096547e-08	1.786706e+01	1.897886e+03
2.560000e-06	3.311610e-09	1.104306e-08	1.808235e+01	1.911302e+03
2.570000e-06	3.350840e-09	1.111954e-08	1.829648e+01	1.924524e+03
2.580000e-06	3.389813e-09	1.119524e-08	1.850924e+01	1.937547e+03
2.590000e-06	3.428515e-09	1.127008e-08	1.872055e+01	1.950364e+03
2.600000e-06	3.466955e-09	1.134364e-08	1.893038e+01	1.962970e+03
2.610000e-06	3.505135e-09	1.141591e-08	1.913875e+01	1.975359e+03
2.620000e-06	3.543069e-09	1.148656e-08	1.934581e+01	1.987528e+03
2.630000e-06	3.580776e-09	1.155549e-08	1.955167e+01	1.999478e+03
2.640000e-06	3.618243e-09	1.162305e-08	1.975624e+01	2.011211e+03
2.650000e-06	3.655460e-09	1.168911e-08	1.995939e+01	2.022734e+03
2.660000e-06	3.692404e-09	1.175386e-08	2.016100e+01	2.034054e+03
2.670000e-06	3.729039e-09	1.181784e-08	2.036096e+01	2.045182e+03
2.680000e-06	3.765396e-09	1.188108e-08	2.055941e+01	2.056133e+03
2.690000e-06	3.801542e-09	1.194346e-08	2.075671e+01	2.066921e+03
2.700000e-06	3.837516e-09	1.200495e-08	2.095309e+01	2.077559e+03
2.710000e-06	3.873346e-09	1.206546e-08	2.114872e+01	2.088061e+03
2.720000e-06	3.909036e-09	1.212519e-08	2.134357e+01	2.098438e+03
2.730000e-06	3.944551e-09	1.218449e-08	2.153745e+01	2.108701e+03
2.740000e-06	3.979808e-09	1.224297e-08	2.172996e+01	2.118856e+03
2.750000e-06	4.014710e-09	1.230038e-08	2.192048e+01	2.128905e+03
2.760000e-06	4.049164e-09	1.235721e-08	2.210852e+01	2.138848e+03
2.770000e-06	4.083099e-09	1.241371e-08	2.229373e+01	2.148680e+03
2.780000e-06	4.116531e-09	1.246970e-08	2.247618e+01	2.158396e+03
2.790000e-06	4.149477e-09	1.252483e-08	2.265601e+01	2.167986e+03
2.800000e-06	4.182002e-09	1.257882e-08	2.283353e+01	2.177441e+03
2.810000e-06	4.214216e-09	1.263187e-08	2.300937e+01	2.186748e+03
2.820000e-06	4.246195e-09	1.268423e-08	2.318397e+01	2.195899e+03
2.830000e-06	4.278000e-09	1.273597e-08	2.335763e+01	2.204882e+03
2.840000e-06	4.309626e-09	1.278677e-08	2.353034e+01	2.213691e+03
2.850000e-06	4.341047e-09	1.283631e-08	2.370188e+01	2.222320e+03
2.860000e-06	4.372205e-09	1.288475e-08	2.387193e+01	2.230766e+03
2.870000e-06	4.403009e-09	1.293265e-08	2.404012e+01	2.239030e+03
2.880000e-06	4.433428e-09	1.298017e-08	2.420627e+01	2.247114e+03
2.890000e-06	4.463516e-09	1.302687e-08	2.437054e+01	2.255022e+03
2.900000e-06	4.493316e-09	1.307236e-08	2.453313e+01	2.262762e+03
2.910000e-06	4.522833e-09	1.311643e-08	2.469415e+01	2.270341e+03
2.920000e-06	4.552048e-09	1.315923e-08	2.485357e+01	2.277769e+03
2.930000e-06	4.580932e-09	1.320117e-08	2.501130e+01	2.285053e+03
2.940000e-06	4.609498e-09	1.324244e-08	2.516732e+01	2.292203e+03
2.950000e-06	4.637789e-09	1.328327e-08	2.532171e+01	2.299226e+03
2.960000e-06	4.665846e-09	1.332371e-08	2.547481e+01	2.306130e+03
2.970000e-06	4.693717e-09	1.336335e-08	2.562696e+01	2.312920e+03
2.980000e-06	4.721399e-09	1.340210e-08	2.577811e+01	2.319600e+03
2.990000e-06	4.748842e-09	1.343992e-08	2.592794e+01	2.326175e+03
3.000000e-06	4.775938e-09	1.347668e-08	2.607584e+01	2.332647e+03
3.010000e-06	4.802525e-09	1.351274e-08	2.622091e+01	2.339018e+03
3.020000e-06	4.828499e-09	1.354871e-08	2.636260e+01	2.345290e+03
3.030000e-06	4.853856e-09	1.358478e-08	2.650094e+01	2.351465e+03
3.040000e-06	4.878650e-09	1.362053e-08	2.663619e+01	2.357545e+03
3.050000e-06	4.903015e-09	1.365516e-08	2.676908e+01	2.363530e+03
3.060000e-06	4.927062e-09	1.368868e-08	2.690029e+01	2.369423e+03
3.070000e-06	4.950842e-09	1.372183e-08	2.703007e+01	2.375225e+03
3.080000e-06	4.974350e-09	1.375494e-08	2.715837e+01	2.380938e+03
3.090000e-06	4.997530e-09	1.378790e-08	2.728487e+01	2.386560e+03
3.100000e-06	5.020335e-09	1.382017e-08	2.740931e+01	2.392094e+03
3.110000e-06	5.042755e-09	1.385132e-08	2.753161e+01	2.397537e+03
3.120000e-06	5.064839e-09	1.388165e-08	2.765205e+01	2.402887e+03
3.130000e-06	5.086625e-09	1.391184e-08	2.777088e+01	2.408140e+03
3.140000e-06	5.108070e-09	1.394177e-08	2.788788e+01	2.413294e+03
3.150000e-06	5.129107e-09	1.397118e-08	2.800270e+01	2.418341e+03
3.160000e-06	5.149751e-09	1.400014e-08	2.811539e+01	2.423277e+03
3.170000e-06	5.170072e-09	1.402822e-08	2.822625e+01	2.428095e+03
3.180000e-06	5.190121e-09	1.405525e-08	2.833564e+01	2.432788e+03
3.190000e-06	5.209954e-09	1.408146e-08	2.844387e+01	2.437351e+03
3.200000e-06	5.229590e-09	1.410691e-08	2.855096e+01	2.441780e+03
3.210000e-06	5.248946e-09	1.413148e-08	2.865657e+01	2.446070e+03
3.220000e-06	5.267917e-09	1.415553e-08	2.876011e+01	2.450221e+03
3.230000e-06	5.286446e-09	1.417952e-08	2.886119e+01	2.454232e+03
3.240000e-06	5.304526e-09	1.420308e-08	2.895986e+01	2.458105e+03
3.250000e-06	5.322197e-09	1.422558e-08	2.905624e+01	2.461844e+03
3.260000e-06	5.339533e-09	1.424674e-08	2.915079e+01	2.465453e+03
3.270000e-06	5.356581e-09	1.426656e-08	2.924380e+01	2.468940e+03
3.280000e-06	5.373308e-09	1.428545e-08	2.933511e+01	2.472312e+03
3.290000e-06	5.389668e-09	1.430405e-08	2.942437e+01	2.475576e+03
3.300000e-06	5.405536e-09	1.432215e-08	2.951094e+01	2.478739e+03
3.310000e-06	5.420849e-09	1.433951e-08	2.959447e+01	2.481810e+03
3.320000e-06	5.435642e-09	1.435654e-08	2.967510e+01	2.484793e+03
3.330000e-06	5.449951e-09	1.437334e-08	2.975308e+01	2.487694e+03
3.340000e-06	5.463848e-09	1.438970e-08	2.982885e+01	2.490518e+03
3.350000e-06	5.477364e-09	1.440495e-08	2.990253e+01	2.493266e+03
3.360000e-06	5.490445e-09	1.441895e-08	2.997384e+01	2.495941e+03
3.370000e-06	5.503102e-09	1.443262e-08	3.004274e+01	2.498543e+03
3.380000e-06	5.515378e-09	1.444647e-08	3.010951e+01	2.501071e+03
3.390000e-06	5.527285e-09	1.446034e-08	3.017442e+01	2.503526e+03
3.400000e-06	5.538834e-09	1.447393e-08	3.023745e+01	2.505906e+03
3.410000e-06	5.549936e-09	1.448697e-08	3.029800e+01	2.508211e+03
3.420000e-06	5.560453e-09	1.449929e-08	3.035530e+01	2.510439e+03
3.430000e-06	5.570300e-09	1.451108e-08	3.040888e+01	2.512592e+03
3.440000e-06	5.579481e-09	1.452241e-08	3.045882e+01	2.514668e+03
3.450000e-06	5.588105e-09	1.453325e-08	3.050579e+01	2.516670e+03
3.460000e-06	5.596320e-09	1.454386e-08	3.055058e+01	2.518599e+03
3.470000e-06	5.604241e-09	1.455429e-08	3.059377e+01	2.520454e+03
3.480000e-06	5.611918e-09	1.456463e-08	3.063560e+01	2.522239e+03
3.490000e-06	5.619294e-09	1.457452e-08	3.067581e+01	2.523953e+03
3.500000e-06	5.626279e-09	1.458362e-08	3.071392e+01	2.525596e+03
3.510000e-06	5.632850e-09	1.459215e-08	3.074971e+01	2.527170e+03
3.520000e-06	5.639028e-09	1.460018e-08	3.078332e+01	2.528671e+03
3.530000e-06	5.644812e-09	1.460784e-08	3.081482e+01	2.530098e+03
3.540000e-06	5.650173e-09	1.461529e-08	3.084406e+01	2.531449e+03
3.550000e-06	5.655116e-09	1.462253e-08	3.087100e+01	2.532718e+03
3.560000e-06	5.659659e-09	1.462946e-08	3.089575e+01	2.533903e+03
3.570000e-06	5.663851e-09	1.463605e-08	3.091855e+01	2.534997e+03
3.580000e-06	5.667781e-09	1.464204e-08	3.093991e+01	2.535996e+03
3.590000e-06	5.671471e-09	1.464725e-08	3.096006e+01	2.536894e+03
3.600000e-06	5.674854e-09	1.465179e-08	3.097861e+01	2.537689e+03
3.610000e-06	5.677828e-09	1.465599e-08	3.099486e+01	2.538375e+03
3.620000e-06	5.680245e-09	1.465966e-08	3.100793e+01	2.538949e+03
3.630000e-06	5.682008e-09	1.466262e-08	3.101740e+01	2.539411e+03
3.640000e-06	5.683123e-09	1.466513e-08	3.102342e+01	2.539758e+03
3.650000e-06	5.683689e-09	1.466675e-08	3.102646e+01	2.539992e+03
3.660000e-06	5.683861e-09	1.466728e-08	3.102735e+01	2.540112e+03
3.670000e-06	5.683748e-09	1.466698e-08	3.102674e+01	2.540122e+03
3.680000e-06	5.683367e-09	1.466610e-08	3.102468e+01	2.540023e+03
3.690000e-06	5.682658e-09	1.466524e-08	3.102083e+01	2.539819e+03
3.700000e-06	5.681556e-09	1.466436e-08	3.101479e+01	2.539514e+03
3.710000e-06	5.680050e-09	1.466244e-08	3.100653e+01	2.539111e+03
3.720000e-06	5.678186e-09	1.465994e-08	3.099627e+01	2.538614e+03
3.730000e-06	5.675987e-09	1.465739e-08	3.098421e+01	2.538026e+03
3.740000e-06	5.673385e-09	1.465124e-08	3.097006e+01	2.537351e+03
3.750000e-06	5.670298e-09	1.464369e-08	3.095327e+01	2.536591e+03
3.760000e-06	5.666729e-09	1.464735e-08	3.093378e+01	2.535748e+03
3.770000e-06	5.662793e-09	1.465159e-08	3.091225e+01	2.534824e+03
3.780000e-06	5.658630e-09	1.463359e-08	3.088952e+01	2.533819e+03
3.790000e-06	5.654243e-09	1.461661e-08	3.086561e+01	2.532734e+03
3.800000e-06	5.649502e-09	1.462683e-08	3.083970e+01	2.531568e+03
3.810000e-06	5.644276e-09	1.462773e-08	3.081110e+01	2.530321e+03
3.820000e-06	5.638536e-09	1.459843e-08	3.077971e+01	2.528990e+03
3.830000e-06	5.632233e-09	1.458495e-08	3.074527e+01	2.527575e+03
3.840000e-06	5.625314e-09	1.460140e-08	3.070741e+01	2.526072e+03
3.850000e-06	5.617825e-09	1.459856e-08	3.066638e+01	2.524481e+03
3.860000e-06	5.609922e-09	1.456690e-08	3.062319e+01	2.522798e+03
3.870000e-06	5.601750e-09	1.455411e-08	3.057860e+01	2.521021e+03
3.880000e-06	5.593298e-09	1.456429e-08	3.053246e+01	2.519149e+03
3.890000e-06	5.584492e-09	1.455359e-08	3.048436e+01	2.517178e+03
3.900000e-06	5.575305e-09	1.452199e-08	3.043419e+01	2.515109e+03
3.910000e-06	5.565719e-09	1.451011e-08	3.038187e+01	2.512940e+03
3.920000e-06	5.555728e-09	1.451611e-08	3.032734e+01	2.510671e+03
3.930000e-06	5.545345e-09	1.450298e-08	3.027060e+01	2.508302e+03
3.940000e-06	5.534578e-09	1.447408e-08	3.021172e+01	2.505832e+03
3.950000e-06	5.523408e-09	1.446180e-08	3.015074e+01	2.503265e+03
3.960000e-06	5.511797e-09	1.445942e-08	3.008738e+01	2.500599e+03
3.970000e-06	5.499780e-09	1.443804e-08	3.002178e+01	2.497837e+03
3.980000e-06	5.487395e-09	1.440954e-08	2.995421e+01	2.494980e+03
3.990000e-06	5.474544e-09	1.440141e-08	2.988417e+01	2.492027e+03
4.000000e-06	5.461077e-09	1.439641e-08	2.981073e+01	2.488980e+03
4.010000e-06	5.446937e-09	1.436906e-08	2.973350e+01	2.485839e+03
4.020000e-06	5.432161e-09	1.434215e-08	2.965281e+01	2.482603e+03
4.030000e-06	5.416849e-09	1.433598e-08	2.956927e+01	2.479270e+03
4.040000e-06	5.401110e-09	1.432126e-08	2.948336e+01	2.475839e+03
4.050000e-06	5.385054e-09	1.428604e-08	2.939572e+01	2.472309e+03
4.060000e-06	5.368728e-09	1.426495e-08	2.930662e+01	2.468675e+03
4.070000e-06	5.352066e-09	1.425915e-08	2.921574e+01	2.464938e+03
4.080000e-06	5.335013e-09	1.423372e-08	2.912276e+01	2.461094e+03
4.090000e-06	5.317576e-09	1.419930e-08	2.902763e+01	2.457142e+03
4.100000e-06	5.299771e-09	1.418432e-08	2.893047e+01	2.453080e+03
4.110000e-06	5.281638e-09	1.416722e-08	2.883152e+01	2.448910e+03
4.120000e-06	5.263174e-09	1.413110e-08	2.873082e+01	2.444631e+03
4.130000e-06	5.244343e-09	1.410464e-08	2.862814e+01	2.440244e+03
4.140000e-06	5.225118e-09	1.409161e-08	2.852321e+01	2.435752e+03
4.150000e-06	5.205520e-09	1.406327e-08	2.841622e+01	2.431157e+03
4.160000e-06	5.185633e-09	1.402799e-08	2.830771e+01	2.426462e+03
4.170000e-06	5.165530e-09	1.400687e-08	2.819798e+01	2.421668e+03
4.180000e-06	5.145211e-09	1.398273e-08	2.808706e+01	2.416778e+03
4.190000e-06	5.124586e-09	1.394617e-08	2.797449e+01	2.411792e+03
4.200000e-06	5.103528e-09	1.391729e-08	2.785955e+01	2.406712e+03
4.210000e-06	5.081874e-09	1.389463e-08	2.774139e+01	2.401536e+03
4.220000e-06	5.059547e-09	1.386228e-08	2.761956e+01	2.396262e+03
4.230000e-06	5.036607e-09	1.382906e-08	2.749432e+01	2.390887e+03
4.240000e-06	5.013182e-09	1.380232e-08	2.736637e+01	2.385407e+03
4.250000e-06	4.989414e-09	1.377008e-08	2.723654e+01	2.379816e+03
4.260000e-06	4.965392e-09	1.373327e-08	2.710541e+01	2.374110e+03
4.270000e-06	4.941151e-09	1.370176e-08	2.697313e+01	2.368282e+03
4.280000e-06	4.916658e-09	1.366987e-08	2.683949e+01	2.362328e+03
4.290000e-06	4.891860e-09	1.363314e-08	2.670412e+01	2.356243e+03
4.300000e-06	4.866687e-09	1.359776e-08	2.656666e+01	2.350026e+03
4.310000e-06	4.841128e-09	1.356308e-08	2.642710e+01	2.343673e+03
4.320000e-06	4.815227e-09	1.352505e-08	2.628567e+01	2.337185e+03
4.330000e-06	4.789004e-09	1.348642e-08	2.614252e+01	2.330562e+03
4.340000e-06	4.762431e-09	1.344807e-08	2.599751e+01	2.323807e+03
4.350000e-06	4.735468e-09	1.340832e-08	2.585038e+01	2.316923e+03
4.360000e-06	4.708148e-09	1.336845e-08	2.570123e+01	2.309913e+03
4.370000e-06	4.680506e-09	1.332855e-08	2.555036e+01	2.302781e+03
4.380000e-06	4.652600e-09	1.328754e-08	2.539812e+01	2.295530e+03
4.390000e-06	4.624518e-09	1.324585e-08	2.524488e+01	2.288161e+03
4.400000e-06	4.596274e-09	1.320272e-08	2.509073e+01	2.280675e+03
4.410000e-06	4.567805e-09	1.315838e-08	2.493534e+01	2.273071e+03
4.420000e-06	4.538990e-09	1.311478e-08	2.477806e+01	2.265348e+03
4.430000e-06	4.509713e-09	1.307067e-08	2.461824e+01	2.257500e+03
4.440000e-06	4.479890e-09	1.302453e-08	2.445545e+01	2.249522e+03
4.450000e-06	4.449484e-09	1.297835e-08	2.428948e+01	2.241409e+03
4.460000e-06	4.418544e-09	1.293206e-08	2.412054e+01	2.233154e+03
4.470000e-06	4.387152e-09	1.288388e-08	2.394919e+01	2.224750e+03
4.480000e-06	4.355412e-09	1.283484e-08	2.377593e+01	2.216191e+03
4.490000e-06	4.323419e-09	1.278521e-08	2.360128e+01	2.207475e+03
4.500000e-06	4.291216e-09	1.273411e-08	2.342546e+01	2.198596e+03
4.510000e-06	4.258794e-09	1.268287e-08	2.324843e+01	2.189556e+03
4.520000e-06	4.226105e-09	1.263175e-08	2.306996e+01	2.180355e+03
4.530000e-06	4.193116e-09	1.257871e-08	2.288985e+01	2.170996e+03
4.540000e-06	4.159825e-09	1.252361e-08	2.270803e+01	2.161485e+03
4.550000e-06	4.126246e-09	1.246747e-08	2.252460e+01	2.151825e+03
4.560000e-06	4.092387e-09	1.241057e-08	2.233970e+01	2.142025e+03
4.570000e-06	4.058238e-09	1.235299e-08	2.215324e+01	2.132089e+03
4.580000e-06	4.023807e-09	1.229438e-08	2.196519e+01	2.122023e+03
4.590000e-06	3.989063e-09	1.223470e-08	2.177544e+01	2.111830e+03
4.600000e-06	3.953968e-09	1.217447e-08	2.158384e+01	2.101512e+03
4.610000e-06	3.918547e-09	1.211340e-08	2.139043e+01	2.091066e+03
4.620000e-06	3.882870e-09	1.205145e-08	2.119558e+01	2.080490e+03
4.630000e-06	3.846993e-09	1.198917e-08	2.099973e+01	2.069777e+03
4.640000e-06	3.810964e-09	1.192605e-08	2.080308e+01	2.058919e+03
4.650000e-06	3.774809e-09	1.186160e-08	2.060570e+01	2.047906e+03
4.660000e-06	3.738509e-09	1.179687e-08	2.040751e+01	2.036726e+03
4.670000e-06	3.702018e-09	1.173236e-08	2.020825e+01	2.025370e+03
4.680000e-06	3.665281e-09	1.166673e-08	2.000755e+01	2.013826e+03
4.690000e-06	3.628197e-09	1.159943e-08	1.980489e+01	2.002085e+03
4.700000e-06	3.590681e-09	1.153091e-08	1.959986e+01	1.990140e+03
4.710000e-06	3.552677e-09	1.146118e-08	1.939225e+01	1.977987e+03
4.720000e-06	3.514191e-09	1.138993e-08	1.918197e+01	1.965622e+03
4.730000e-06	3.475269e-09	1.131722e-08	1.896926e+01	1.953048e+03
4.740000e-06	3.435964e-09	1.124336e-08	1.875460e+01	1.940266e+03
4.750000e-06	3.396367e-09	1.116822e-08	1.853843e+01	1.927282e+03
4.760000e-06	3.356548e-09	1.109180e-08	1.832105e+01	1.914101e+03
4.770000e-06	3.316568e-09	1.101434e-08	1.810278e+01	1.900731e+03
4.780000e-06	3.276461e-09	1.093561e-08	1.788381e+01	1.887176e+03
4.790000e-06	3.236222e-09	1.085529e-08	1.766417e+01	1.873443e+03
4.800000e-06	3.195849e-09	1.077366e-08	1.744381e+01	1.859533e+03
4.810000e-06	3.155323e-09	1.069140e-08	1.722257e+01	1.845449e+03
4.820000e-06	3.114594e-09	1.060865e-08	1.700014e+01	1.831188e+03
4.830000e-06	3.073613e-09	1.052496e-08	1.677628e+01	1.816745e+03
4.840000e-06	3.032360e-09	1.044054e-08	1.655095e+01	1.802114e+03
4.850000e-06	2.990868e-09	1.035546e-08	1.632435e+01	1.787285e+03
4.860000e-06	2.949173e-09	1.026930e-08	1.609666e+01	1.772248e+03
4.870000e-06	2.907283e-09	1.018169e-08	1.586793e+01	1.756989e+03
4.880000e-06	2.865218e-09	1.009246e-08	1.563824e+01	1.741499e+03
4.890000e-06	2.822979e-09	1.000183e-08	1.540761e+01	1.725764e+03
4.900000e-06	2.780554e-09	9.909991e-09	1.517597e+01	1.709775e+03
4.910000e-06	2.737917e-09	9.816884e-09	1.494319e+01	1.693524e+03
4.920000e-06	2.695051e-09	9.722065e-09	1.470917e+01	1.677005e+03
4.930000e-06	2.651965e-09	9.625148e-09	1.447399e+01	1.660212e+03
4.940000e-06	2.608685e-09	9.526308e-09	1.423774e+01	1.643145e+03
4.950000e-06	2.565224e-09	9.425768e-09	1.400053e+01	1.625802e+03
4.960000e-06	2.521599e-09	9.323542e-09	1.376247e+01	1.608186e+03
4.970000e-06	2.477835e-09	9.219644e-09	1.352362e+01	1.590298e+03
4.980000e-06	2.433951e-09	9.114131e-09	1.328407e+01	1.572139e+03
4.990000e-06	2.389970e-09	9.007384e-09	1.304400e+01	1.553712e+03
5.000000e-06	2.345887e-09	8.899894e-09	1.280340e+01	1.535016e+03
5.010000e-06	2.301713e-09	8.791168e-09	1.256228e+01	1.516050e+03
5.020000e-06	2.257461e-09	8.680604e-09	1.232073e+01	1.496811e+03
5.030000e-06	2.213119e-09	8.568420e-09	1.207865e+01	1.477294e+03
5.040000e-06	2.168675e-09	8.454471e-09	1.183598e+01	1.457492e+03
5.050000e-06	2.124108e-09	8.338411e-09	1.159258e+01	1.437395e+03
5.060000e-06	2.079396e-09	8.220044e-09	1.134837e+01	1.416993e+03
5.070000e-06	2.034528e-09	8.099500e-09	1.110332e+01	1.396274e+03
5.080000e-06	1.989510e-09	7.977240e-09	1.085745e+01	1.375227e+03
5.090000e-06	1.944322e-09	7.853311e-09	1.061071e+01	1.353840e+03
5.100000e-06	1.898950e-09	7.727062e-09	1.036299e+01	1.332100e+03
5.110000e-06	1.853400e-09	7.598564e-09	1.011430e+01	1.309998e+03
5.120000e-06	1.807662e-09	7.468340e-09	9.864566e+00	1.287522e+03
5.130000e-06	1.761752e-09	7.336181e-09	9.613916e+00	1.264664e+03
5.140000e-06	1.715701e-09	7.202121e-09	9.362571e+00	1.241416e+03
5.150000e-06	1.669528e-09	7.066497e-09	9.110513e+00	1.217770e+03
5.160000e-06	1.623255e-09	6.929170e-09	8.857896e+00	1.193720e+03
5.170000e-06	1.576893e-09	6.789730e-09	8.604831e+00	1.169258e+03
5.180000e-06	1.530450e-09	6.647651e-09	8.351361e+00	1.144379e+03
5.190000e-06	1.483945e-09	6.502411e-09	8.097550e+00	1.119074e+03
5.200000e-06	1.437384e-09	6.354059e-09	7.843369e+00	1.093336e+03
5.210000e-06	1.390766e-09	6.202855e-09	7.588871e+00	1.067156e+03
5.220000e-06	1.344085e-09	6.048910e-09	7.334062e+00	1.040524e+03
5.230000e-06	1.297342e-09	5.892637e-09	7.078905e+00	1.013431e+03
5.240000e-06	1.250523e-09	5.734323e-09	6.823353e+00	9.858645e+02
5.250000e-06	1.203636e-09	5.573641e-09	6.567428e+00	9.578143e+02
5.260000e-06	1.156678e-09	5.410258e-09	6.311111e+00	9.292685e+02
5.270000e-06	1.109652e-09	5.243630e-09	6.054421e+00	9.002156e+02
5.280000e-06	1.062576e-09	5.072958e-09	5.797472e+00	8.706443e+02
5.290000e-06	1.015438e-09	4.897904e-09	5.540217e+00	8.405440e+02
5.300000e-06	9.682348e-10	4.719628e-09	5.282543e+00	8.099043e+02
5.310000e-06	9.209564e-10	4.539650e-09	5.024428e+00	7.787153e+02
5.320000e-06	8.736222e-10	4.357655e-09	4.766002e+00	7.469675e+02
5.330000e-06	8.262470e-10	4.172694e-09	4.507401e+00	7.146516e+02
5.340000e-06	7.788179e-10	3.983991e-09	4.248521e+00	6.817580e+02
5.350000e-06	7.313413e-10	3.791192e-09	3.989324e+00	6.482774e+02
5.360000e-06	6.838014e-10	3.594606e-09	3.729820e+00	6.141998e+02
5.370000e-06	6.362138e-10	3.394334e-09	3.470137e+00	5.795151e+02
5.380000e-06	5.885971e-10	3.190339e-09	3.210240e+00	5.442131e+02
5.390000e-06	5.409222e-10	2.982738e-09	2.949891e+00	5.082842e+02
5.400000e-06	4.931607e-10	2.772138e-09	2.689092e+00	4.717192e+02
5.410000e-06	4.453300e-10	2.558632e-09	2.427954e+00	4.345110e+02
5.420000e-06	3.974427e-10	2.341077e-09	2.166438e+00	3.966549e+02
5.430000e-06	3.495281e-10	2.118934e-09	1.904739e+00	3.581503e+02
5.440000e-06	3.016037e-10	1.893028e-09	1.642937e+00	3.190013e+02
5.450000e-06	2.536351e-10	1.664146e-09	1.381006e+00	2.792183e+02
5.460000e-06	2.056654e-10	1.432024e-09	1.119101e+00	2.388193e+02
5.470000e-06	1.577326e-10	1.196212e-09	8.572171e-01	1.978303e+02
5.480000e-06	1.098370e-10	9.565744e-10	5.954974e-01	1.562869e+02
5.490000e-06	6.192051e-11	7.133505e-10	3.337586e-01	1.142339e+02
5.500000e-06	1.398039e-11	4.675596e-10	7.192840e-02	7.172610e+01
5.510000e-06	-3.395720e-11	2.198023e-10	-1.897921e-01	2.882773e+01
5.520000e-06	-8.189143e-11	-2.991502e-11	-4.514875e-01	-1.438817e+01
5.530000e-06	-1.298117e-10	-2.810696e-10	-7.132664e-01	-5.784080e+01
5.540000e-06	-1.777503e-10	-5.332137e-10	-9.751344e-01	-1.014430e+02
5.550000e-06	-2.256861e-10	-7.860091e-10	-1.236972e+00	-1.451028e+02
5.560000e-06	-2.736007e-10	-1.038611e-09	-1.498668e+00	-1.887256e+02
5.570000e-06	-3.215066e-10	-1.290697e-09	-1.760294e+00	-2.322159e+02
5.580000e-06	-3.693716e-10	-1.542293e-09	-2.021654e+00	-2.754797e+02
5.590000e-06	-4.171601e-10	-1.792678e-09	-2.282567e+00	-3.184261e+02
5.600000e-06	-4.648836e-10	-2.040588e-09	-2.543148e+00	-3.609695e+02
5.610000e-06	-5.125510e-10	-2.285133e-09	-2.803374e+00	-4.030309e+02
5.620000e-06	-5.601469e-10	-2.526202e-09	-3.063209e+00	-4.445397e+02
5.630000e-06	-6.076875e-10	-2.763768e-09	-3.322723e+00	-4.854342e+02
5.640000e-06	-6.551992e-10	-2.997304e-09	-3.582099e+00	-5.256626e+02
5.650000e-06	-7.026506e-10	-3.226403e-09	-3.841191e+00	-5.651832e+02
5.660000e-06	-7.500270e-10	-3.451179e-09	-4.099808e+00	-6.039640e+02
5.670000e-06	-7.973173e-10	-3.672158e-09	-4.357944e+00	-6.419829e+02
5.680000e-06	-8.445498e-10	-3.889127e-09	-4.615856e+00	-6.792264e+02
5.690000e-06	-8.917471e-10	-4.101205e-09	-4.873598e+00	-7.156892e+02
5.700000e-06	-9.388870e-10	-4.308423e-09	-5.130890e+00	-7.513727e+02
5.710000e-06	-9.859569e-10	-4.511596e-09	-5.387723e+00	-7.862840e+02
5.720000e-06	-1.032950e-09	-4.711398e-09	-5.644170e+00	-8.204349e+02
5.730000e-06	-1.079870e-09	-4.907010e-09	-5.900268e+00	-8.538404e+02
5.740000e-06	-1.126720e-09	-5.097354e-09	-6.156001e+00	-8.865177e+02
5.750000e-06	-1.173503e-09	-5.282919e-09	-6.411332e+00	-9.184852e+02
5.760000e-06	-1.220223e-09	-5.464641e-09	-6.666239e+00	-9.497620e+02
5.770000e-06	-1.266879e-09	-5.642828e-09	-6.920793e+00	-9.803667e+02
5.780000e-06	-1.313464e-09	-5.817373e-09	-7.175077e+00	-1.010317e+03
5.790000e-06	-1.359982e-09	-5.988148e-09	-7.429033e+00	-1.039631e+03
5.800000e-06	-1.406455e-09	-6.154978e-09	-7.682678e+00	-1.068323e+03
5.810000e-06	-1.452877e-09	-6.318125e-09	-7.936004e+00	-1.096410e+03
5.820000e-06	-1.499225e-09	-6.478295e-09	-8.188935e+00	-1.123905e+03
5.830000e-06	-1.545489e-09	-6.635066e-09	-8.441512e+00	-1.150822e+03
5.840000e-06	-1.591673e-09	-6.787903e-09	-8.693683e+00	-1.177175e+03
5.850000e-06	-1.637770e-09	-6.937557e-09	-8.945308e+00	-1.202978e+03
5.860000e-06	-1.683767e-09	-7.084269e-09	-9.196376e+00	-1.228246e+03
5.870000e-06	-1.729647e-09	-7.227846e-09	-9.446835e+00	-1.252992e+03
5.880000e-06	-1.775392e-09	-7.368379e-09	-9.696599e+00	-1.277234e+03
5.890000e-06	-1.820984e-09	-7.505826e-09	-9.945540e+00	-1.300989e+03
5.900000e-06	-1.866403e-09	-7.640828e-09	-1.019347e+01	-1.324274e+03
5.910000e-06	-1.911644e-09	-7.774222e-09	-1.044048e+01	-1.347109e+03
5.920000e-06	-1.956709e-09	-7.905540e-09	-1.068664e+01	-1.369513e+03
5.930000e-06	-2.001630e-09	-8.034159e-09	-1.093196e+01	-1.391504e+03
5.940000e-06	-2.046384e-09	-8.160344e-09	-1.117632e+01	-1.413101e+03
5.950000e-06	-2.090986e-09	-8.284476e-09	-1.141985e+01	-1.434322e+03
5.960000e-06	-2.135485e-09	-8.406589e-09	-1.166280e+01	-1.455183e+03
5.970000e-06	-2.179866e-09	-8.526677e-09	-1.190509e+01	-1.475699e+03
5.980000e-06	-2.224133e-09	-8.644579e-09	-1.214674e+01	-1.495881e+03
5.990000e-06	-2.268314e-09	-8.759869e-09	-1.238791e+01	-1.515738e+03
6.000000e-06	-2.312429e-09	-8.872515e-09	-1.262871e+01	-1.535277e+03
6.010000e-06	-2.356476e-09	-8.983307e-09	-1.286911e+01	-1.554502e+03
6.020000e-06	-2.400441e-09	-9.092777e-09	-1.310908e+01	-1.573417e+03
6.030000e-06	-2.444295e-09	-9.201094e-09	-1.334846e+01	-1.592020e+03
6.040000e-06	-2.488013e-09	-9.308348e-09	-1.358713e+01	-1.610312e+03
6.050000e-06	-2.531595e-09	-9.414021e-09	-1.382504e+01	-1.628291e+03
6.060000e-06	-2.575010e-09	-9.517851e-09	-1.406199e+01	-1.645957e+03
6.070000e-06	-2.618188e-09	-9.619657e-09	-1.429776e+01	-1.663309e+03
6.080000e-06	-2.661131e-09	-9.718991e-09	-1.453231e+01	-1.680349e+03
6.090000e-06	-2.703880e-09	-9.815662e-09	-1.476568e+01	-1.697080e+03
6.100000e-06	-2.746428e-09	-9.910352e-09	-1.499794e+01	-1.713507e+03
6.110000e-06	-2.788783e-09	-1.000375e-08	-1.522914e+01	-1.729640e+03
6.120000e-06	-2.830951e-09	-1.009593e-08	-1.545933e+01	-1.745488e+03
6.130000e-06	-2.872937e-09	-1.018679e-08	-1.568850e+01	-1.761062e+03
6.140000e-06	-2.914746e-09	-1.027624e-08	-1.591667e+01	-1.776378e+03
6.150000e-06	-2.956333e-09	-1.036404e-08	-1.614374e+01	-1.791447e+03
6.160000e-06	-2.997680e-09	-1.045033e-08	-1.636960e+01	-1.806286e+03
6.170000e-06	-3.038782e-09	-1.053533e-08	-1.659407e+01	-1.820906e+03
6.180000e-06	-3.079633e-09	-1.061902e-08	-1.681718e+01	-1.835320e+03
6.190000e-06	-3.120275e-09	-1.070159e-08	-1.703911e+01	-1.849537e+03
6.200000e-06	-3.160726e-09	-1.078343e-08	-1.725994e+01	-1.863563e+03
6.210000e-06	-3.201017e-09	-1.086498e-08	-1.747990e+01	-1.877403e+03
6.220000e-06	-3.241194e-09	-1.094585e-08	-1.769919e+01	-1.891056e+03
6.230000e-06	-3.281257e-09	-1.102513e-08	-1.791787e+01	-1.904522e+03
6.240000e-06	-3.321200e-09	-1.110256e-08	-1.813589e+01	-1.917796e+03
6.250000e-06	-3.360980e-09	-1.117834e-08	-1.835307e+01	-1.930872e+03
6.260000e-06	-3.400529e-09	-1.125259e-08	-1.856905e+01	-1.943744e+03
6.270000e-06	-3.439782e-09	-1.132586e-08	-1.878339e+01	-1.956406e+03
6.280000e-06	-3.478670e-09	-1.139835e-08	-1.899577e+01	-1.968853e+03
6.290000e-06	-3.517139e-09	-1.146951e-08	-1.920589e+01	-1.981081e+03
6.300000e-06	-3.555160e-09	-1.153908e-08	-1.941357e+01	-1.993089e+03
6.310000e-06	-3.592707e-09	-1.160707e-08	-1.961874e+01	-2.004879e+03
6.320000e-06	-3.629821e-09	-1.167372e-08	-1.982144e+01	-2.016456e+03
6.330000e-06	-3.666599e-09	-1.173931e-08	-2.002215e+01	-2.027829e+03
6.340000e-06	-3.703117e-09	-1.180386e-08	-2.022142e+01	-2.039007e+03
6.350000e-06	-3.739439e-09	-1.186775e-08	-2.041966e+01	-2.050004e+03
6.360000e-06	-3.775610e-09	-1.193135e-08	-2.061711e+01	-2.060833e+03
6.370000e-06	-3.811643e-09	-1.199442e-08	-2.081381e+01	-2.071509e+03
6.380000e-06	-3.847501e-09	-1.205665e-08	-2.100957e+01	-2.082046e+03
6.390000e-06	-3.883119e-09	-1.211803e-08	-2.120409e+01	-2.092456e+03
6.400000e-06	-3.918454e-09	-1.217833e-08	-2.139713e+01	-2.102749e+03
6.410000e-06	-3.953466e-09	-1.223757e-08	-2.158839e+01	-2.112931e+03
6.420000e-06	-3.988165e-09	-1.229649e-08	-2.177786e+01	-2.123008e+03
6.430000e-06	-4.022588e-09	-1.235524e-08	-2.196579e+01	-2.132979e+03
6.440000e-06	-4.056732e-09	-1.241318e-08	-2.215224e+01	-2.142842e+03
6.450000e-06	-4.090605e-09	-1.247025e-08	-2.233717e+01	-2.152589e+03
6.460000e-06	-4.124195e-09	-1.252652e-08	-2.252054e+01	-2.162214e+03
6.470000e-06	-4.157452e-09	-1.258162e-08	-2.270214e+01	-2.171705e+03
6.480000e-06	-4.190392e-09	-1.263526e-08	-2.288199e+01	-2.181052e+03
6.490000e-06	-4.223049e-09	-1.268787e-08	-2.306026e+01	-2.190245e+03
6.500000e-06	-4.255444e-09	-1.273996e-08	-2.323710e+01	-2.199273e+03
6.510000e-06	-4.287636e-09	-1.279137e-08	-2.341285e+01	-2.208129e+03
6.520000e-06	-4.319623e-09	-1.284183e-08	-2.358743e+01	-2.216806e+03
6.530000e-06	-4.351346e-09	-1.289109e-08	-2.376055e+01	-2.225301e+03
6.540000e-06	-4.382723e-09	-1.293927e-08	-2.393178e+01	-2.233613e+03
6.550000e-06	-4.413686e-09	-1.298644e-08	-2.410070e+01	-2.241744e+03
6.560000e-06	-4.444180e-09	-1.303245e-08	-2.426706e+01	-2.249698e+03
6.570000e-06	-4.474144e-09	-1.307744e-08	-2.443058e+01	-2.257482e+03
6.580000e-06	-4.503550e-09	-1.312145e-08	-2.459106e+01	-2.265103e+03
6.590000e-06	-4.532475e-09	-1.316478e-08	-2.474887e+01	-2.272570e+03
6.600000e-06	-4.561045e-09	-1.320744e-08	-2.490476e+01	-2.279891e+03
6.610000e-06	-4.589370e-09	-1.324902e-08	-2.505932e+01	-2.287076e+03
6.620000e-06	-4.617515e-09	-1.328979e-08	-2.521289e+01	-2.294133e+03
6.630000e-06	-4.645481e-09	-1.332991e-08	-2.536546e+01	-2.301067e+03
6.640000e-06	-4.673204e-09	-1.336905e-08	-2.551672e+01	-2.307887e+03
6.650000e-06	-4.700609e-09	-1.340730e-08	-2.566627e+01	-2.314596e+03
6.660000e-06	-4.727647e-09	-1.344488e-08	-2.581383e+01	-2.321198e+03
6.670000e-06	-4.754301e-09	-1.348204e-08	-2.595929e+01	-2.327697e+03
6.680000e-06	-4.780607e-09	-1.351912e-08	-2.610284e+01	-2.334095e+03
6.690000e-06	-4.806581e-09	-1.355592e-08	-2.624456e+01	-2.340393e+03
6.700000e-06	-4.832200e-09	-1.359209e-08	-2.638431e+01	-2.346594e+03
6.710000e-06	-4.857445e-09	-1.362761e-08	-2.652202e+01	-2.352698e+03
6.720000e-06	-4.882308e-09	-1.366223e-08	-2.665769e+01	-2.358709e+03
6.730000e-06	-4.906856e-09	-1.369643e-08	-2.679166e+01	-2.364626e+03
6.740000e-06	-4.931168e-09	-1.373086e-08	-2.692437e+01	-2.370452e+03
6.750000e-06	-4.955277e-09	-1.376469e-08	-2.705598e+01	-2.376188e+03
6.760000e-06	-4.979179e-09	-1.379746e-08	-2.718640e+01	-2.381835e+03
6.770000e-06	-5.002783e-09	-1.382970e-08	-2.731517e+01	-2.387392e+03
6.780000e-06	-5.025955e-09	-1.386146e-08	-2.744161e+01	-2.392859e+03
6.790000e-06	-5.048575e-09	-1.389287e-08	-2.756500e+01	-2.398233e+03
6.800000e-06	-5.070590e-09	-1.392375e-08	-2.768512e+01	-2.403513e+03
6.810000e-06	-5.092035e-09	-1.395345e-08	-2.780210e+01	-2.408694e+03
6.820000e-06	-5.112971e-09	-1.398229e-08	-2.791627e+01	-2.413770e+03
6.830000e-06	-5.133501e-09	-1.401100e-08	-2.802829e+01	-2.418736e+03
6.840000e-06	-5.153759e-09	-1.403928e-08	-2.813883e+01	-2.423585e+03
6.850000e-06	-5.173806e-09	-1.406635e-08	-2.824824e+01	-2.428312e+03
6.860000e-06	-5.193610e-09	-1.409234e-08	-2.835632e+01	-2.432910e+03
6.870000e-06	-5.213085e-09	-1.411785e-08	-2.846261e+01	-2.437375e+03
6.880000e-06	-5.232192e-09	-1.414309e-08	-2.856686e+01	-2.441702e+03
6.890000e-06	-5.250917e-09	-1.416765e-08	-2.866902e+01	-2.445890e+03
6.900000e-06	-5.269284e-09	-1.419130e-08	-2.876926e+01	-2.449938e+03
6.910000e-06	-5.287337e-09	-1.421391e-08	-2.886780e+01	-2.453847e+03
6.920000e-06	-5.305054e-09	-1.423586e-08	-2.896450e+01	-2.457621e+03
6.930000e-06	-5.322380e-09	-1.425756e-08	-2.905899e+01	-2.461264e+03
6.940000e-06	-5.339292e-09	-1.427820e-08	-2.915125e+01	-2.464783e+03
6.950000e-06	-5.355858e-09	-1.429755e-08	-2.924167e+01	-2.468185e+03
6.960000e-06	-5.372159e-09	-1.431612e-08	-2.933066e+01	-2.471476e+03
6.970000e-06	-5.388195e-09	-1.433462e-08	-2.941824e+01	-2.474666e+03
6.980000e-06	-5.403912e-09	-1.435326e-08	-2.950402e+01	-2.477760e+03
6.990000e-06	-5.419175e-09	-1.437172e-08	-2.958724e+01	-2.480766e+03
7.000000e-06	-5.433804e-09	-1.438958e-08	-2.966700e+01	-2.483689e+03
7.010000e-06	-5.447718e-09	-1.440662e-08	-2.974288e+01	-2.486532e+03
7.020000e-06	-5.461005e-09	-1.442306e-08	-2.981535e+01	-2.489301e+03
7.030000e-06	-5.473797e-09	-1.443907e-08	-2.988511e+01	-2.491995e+03
7.040000e-06	-5.486207e-09	-1.445481e-08	-2.995276e+01	-2.494616e+03
7.050000e-06	-5.498278e-09	-1.447023e-08	-3.001856e+01	-2.497164e+03
7.060000e-06	-5.509970e-09	-1.448526e-08	-3.008234e+01	-2.499638e+03
7.070000e-06	-5.521238e-09	-1.450031e-08	-3.014381e+01	-2.502038e+03
7.080000e-06	-5.532090e-09	-1.451537e-08	-3.020298e+01	-2.504363e+03
7.090000e-06	-5.542561e-09	-1.452977e-08	-3.026012e+01	-2.506612e+03
7.100000e-06	-5.552671e-09	-1.454311e-08	-3.031531e+01	-2.508784e+03
7.110000e-06	-5.562413e-09	-1.455561e-08	-3.036849e+01	-2.510881e+03
7.120000e-06	-5.571743e-09	-1.456783e-08	-3.041941e+01	-2.512903e+03
7.130000e-06	-5.580655e-09	-1.457953e-08	-3.046801e+01	-2.514850e+03
7.140000e-06	-5.589216e-09	-1.459056e-08	-3.051468e+01	-2.516725e+03
7.150000e-06	-5.597503e-09	-1.460153e-08	-3.055984e+01	-2.518528e+03
7.160000e-06	-5.605549e-09	-1.461221e-08	-3.060374e+01	-2.520261e+03
7.170000e-06	-5.613310e-09	-1.462211e-08	-3.064612e+01	-2.521923e+03
7.180000e-06	-5.620656e-09	-1.463149e-08	-3.068624e+01	-2.523515e+03
7.190000e-06	-5.627454e-09	-1.464035e-08	-3.072340e+01	-2.525036e+03
7.200000e-06	-5.633621e-09	-1.464840e-08	-3.075712e+01	-2.526483e+03
7.210000e-06	-5.639115e-09	-1.465595e-08	-3.078716e+01	-2.527854e+03
7.220000e-06	-5.644035e-09	-1.466378e-08	-3.081400e+01	-2.529146e+03
7.230000e-06	-5.648555e-09	-1.467162e-08	-3.083866e+01	-2.530353e+03
7.240000e-06	-5.652798e-09	-1.467834e-08	-3.086183e+01	-2.531471e+03
7.250000e-06	-5.656797e-09	-1.468405e-08	-3.088364e+01	-2.532496e+03
7.260000e-06	-5.660506e-09	-1.468916e-08	-3.090384e+01	-2.533422e+03
7.270000e-06	-5.663831e-09	-1.469359e-08	-3.092202e+01	-2.534244e+03
7.280000e-06	-5.666730e-09	-1.469766e-08	-3.093789e+01	-2.534959e+03
7.290000e-06	-5.669237e-09	-1.470117e-08	-3.095160e+01	-2.535563e+03
7.300000e-06	-5.671403e-09	-1.470358e-08	-3.096347e+01	-2.536055e+03
7.310000e-06	-5.673239e-09	-1.470545e-08	-3.097354e+01	-2.536433e+03
7.320000e-06	-5.674606e-09	-1.470720e-08	-3.098098e+01	-2.536696e+03
7.330000e-06	-5.675505e-09	-1.470793e-08	-3.098587e+01	-2.536847e+03
7.340000e-06	-5.676074e-09	-1.470752e-08	-3.098898e+01	-2.536885e+03
