# Concentracion g/m^3_=_53300.0
# C_Vs_to_Am_M_A/Vsm_=_128687336408.14134
# pendiente_HvsI_1/m_=_3716.3
# ordenada_HvsI_A/m_=_1297.0
# frecuencia_Hz_=_136496.11827462594
# Promedio de 28 ciclos

Tiempo_(s)	Campo_(V.s)	Magnetizacion_(V.s)	Campo_(kA/m)	Magnetizacion_(A/m)
0.000000e+00	-9.974948e-09	-1.936269e-08	-5.328559e+01	-3.194323e+03
1.000000e-08	-9.975109e-09	-1.936204e-08	-5.328651e+01	-3.194211e+03
2.000000e-08	-9.974611e-09	-1.936047e-08	-5.328384e+01	-3.193996e+03
3.000000e-08	-9.973192e-09	-1.935834e-08	-5.327617e+01	-3.193683e+03
4.000000e-08	-9.970773e-09	-1.935578e-08	-5.326323e+01	-3.193278e+03
5.000000e-08	-9.967566e-09	-1.935301e-08	-5.324614e+01	-3.192786e+03
6.000000e-08	-9.963853e-09	-1.934997e-08	-5.322632e+01	-3.192210e+03
7.000000e-08	-9.959640e-09	-1.934627e-08	-5.320387e+01	-3.191553e+03
8.000000e-08	-9.954788e-09	-1.934332e-08	-5.317796e+01	-3.190819e+03
9.000000e-08	-9.949181e-09	-1.934095e-08	-5.314794e+01	-3.190010e+03
1.000000e-07	-9.942617e-09	-1.933204e-08	-5.311294e+01	-3.189128e+03
1.100000e-07	-9.934892e-09	-1.931561e-08	-5.307174e+01	-3.188178e+03
1.200000e-07	-9.925974e-09	-1.930778e-08	-5.302403e+01	-3.187163e+03
1.300000e-07	-9.916338e-09	-1.931869e-08	-5.297241e+01	-3.186091e+03
1.400000e-07	-9.906535e-09	-1.932180e-08	-5.292003e+01	-3.184969e+03
1.500000e-07	-9.896215e-09	-1.929058e-08	-5.286500e+01	-3.183807e+03
1.600000e-07	-9.884769e-09	-1.926216e-08	-5.280389e+01	-3.182616e+03
1.700000e-07	-9.872420e-09	-1.928465e-08	-5.273783e+01	-3.181411e+03
1.800000e-07	-9.859583e-09	-1.929929e-08	-5.266926e+01	-3.180203e+03
1.900000e-07	-9.845879e-09	-1.924632e-08	-5.259611e+01	-3.179007e+03
2.000000e-07	-9.830966e-09	-1.921732e-08	-5.251630e+01	-3.177834e+03
2.100000e-07	-9.815298e-09	-1.926482e-08	-5.243238e+01	-3.176693e+03
2.200000e-07	-9.799123e-09	-1.926984e-08	-5.234597e+01	-3.175592e+03
2.300000e-07	-9.782187e-09	-1.921007e-08	-5.225560e+01	-3.174533e+03
2.400000e-07	-9.764533e-09	-1.921517e-08	-5.216126e+01	-3.173513e+03
2.500000e-07	-9.746327e-09	-1.925315e-08	-5.206399e+01	-3.172526e+03
2.600000e-07	-9.727452e-09	-1.920979e-08	-5.196323e+01	-3.171559e+03
2.700000e-07	-9.707894e-09	-1.917366e-08	-5.185875e+01	-3.170594e+03
2.800000e-07	-9.687814e-09	-1.920913e-08	-5.175144e+01	-3.169609e+03
2.900000e-07	-9.667091e-09	-1.919618e-08	-5.164081e+01	-3.168580e+03
3.000000e-07	-9.645555e-09	-1.914599e-08	-5.152579e+01	-3.167477e+03
3.100000e-07	-9.623374e-09	-1.917051e-08	-5.140725e+01	-3.166272e+03
3.200000e-07	-9.600613e-09	-1.918537e-08	-5.128573e+01	-3.164934e+03
3.300000e-07	-9.577219e-09	-1.912381e-08	-5.116080e+01	-3.163435e+03
3.400000e-07	-9.553276e-09	-1.911323e-08	-5.103289e+01	-3.161749e+03
3.500000e-07	-9.528710e-09	-1.914623e-08	-5.090167e+01	-3.159854e+03
3.600000e-07	-9.503172e-09	-1.910425e-08	-5.076527e+01	-3.157730e+03
3.700000e-07	-9.476611e-09	-1.906273e-08	-5.062339e+01	-3.155363e+03
3.800000e-07	-9.449333e-09	-1.908054e-08	-5.047771e+01	-3.152747e+03
3.900000e-07	-9.421456e-09	-1.905444e-08	-5.032881e+01	-3.149876e+03
4.000000e-07	-9.392946e-09	-1.900360e-08	-5.017645e+01	-3.146753e+03
4.100000e-07	-9.363782e-09	-1.900231e-08	-5.002061e+01	-3.143385e+03
4.200000e-07	-9.333897e-09	-1.898073e-08	-4.986097e+01	-3.139781e+03
4.300000e-07	-9.303300e-09	-1.892942e-08	-4.969754e+01	-3.135955e+03
4.400000e-07	-9.272139e-09	-1.892253e-08	-4.953116e+01	-3.131923e+03
4.500000e-07	-9.240536e-09	-1.891246e-08	-4.936240e+01	-3.127701e+03
4.600000e-07	-9.208436e-09	-1.886231e-08	-4.919089e+01	-3.123309e+03
4.700000e-07	-9.175621e-09	-1.883764e-08	-4.901552e+01	-3.118761e+03
4.800000e-07	-9.141869e-09	-1.882477e-08	-4.883523e+01	-3.114075e+03
4.900000e-07	-9.107195e-09	-1.878084e-08	-4.865003e+01	-3.109265e+03
5.000000e-07	-9.071850e-09	-1.874831e-08	-4.846121e+01	-3.104341e+03
5.100000e-07	-9.035987e-09	-1.873168e-08	-4.826962e+01	-3.099314e+03
5.200000e-07	-8.999558e-09	-1.869350e-08	-4.807501e+01	-3.094189e+03
5.300000e-07	-8.962463e-09	-1.865798e-08	-4.787684e+01	-3.088969e+03
5.400000e-07	-8.924642e-09	-1.863596e-08	-4.767483e+01	-3.083655e+03
5.500000e-07	-8.886100e-09	-1.859868e-08	-4.746896e+01	-3.078244e+03
5.600000e-07	-8.846953e-09	-1.855804e-08	-4.725984e+01	-3.072732e+03
5.700000e-07	-8.807329e-09	-1.852970e-08	-4.704813e+01	-3.067114e+03
5.800000e-07	-8.767166e-09	-1.849427e-08	-4.683348e+01	-3.061382e+03
5.900000e-07	-8.726306e-09	-1.845388e-08	-4.661509e+01	-3.055529e+03
6.000000e-07	-8.684651e-09	-1.842207e-08	-4.639251e+01	-3.049548e+03
6.100000e-07	-8.642170e-09	-1.838769e-08	-4.616561e+01	-3.043432e+03
6.200000e-07	-8.598988e-09	-1.834613e-08	-4.593499e+01	-3.037176e+03
6.300000e-07	-8.555255e-09	-1.830619e-08	-4.570133e+01	-3.030775e+03
6.400000e-07	-8.510978e-09	-1.826626e-08	-4.546468e+01	-3.024226e+03
6.500000e-07	-8.466109e-09	-1.822401e-08	-4.522488e+01	-3.017530e+03
6.600000e-07	-8.420623e-09	-1.818220e-08	-4.498186e+01	-3.010686e+03
6.700000e-07	-8.374512e-09	-1.813961e-08	-4.473556e+01	-3.003697e+03
6.800000e-07	-8.327789e-09	-1.809621e-08	-4.448602e+01	-2.996565e+03
6.900000e-07	-8.280480e-09	-1.805315e-08	-4.423338e+01	-2.989294e+03
7.000000e-07	-8.232558e-09	-1.800838e-08	-4.397743e+01	-2.981887e+03
7.100000e-07	-8.183926e-09	-1.796158e-08	-4.371758e+01	-2.974346e+03
7.200000e-07	-8.134514e-09	-1.791357e-08	-4.345364e+01	-2.966675e+03
7.300000e-07	-8.084332e-09	-1.786450e-08	-4.318578e+01	-2.958873e+03
7.400000e-07	-8.033445e-09	-1.781661e-08	-4.291414e+01	-2.950939e+03
7.500000e-07	-7.981925e-09	-1.776934e-08	-4.263906e+01	-2.942870e+03
7.600000e-07	-7.929811e-09	-1.771919e-08	-4.236075e+01	-2.934663e+03
7.700000e-07	-7.877118e-09	-1.766728e-08	-4.207936e+01	-2.926312e+03
7.800000e-07	-7.823840e-09	-1.761599e-08	-4.179490e+01	-2.917809e+03
7.900000e-07	-7.769971e-09	-1.756289e-08	-4.150725e+01	-2.909150e+03
8.000000e-07	-7.715541e-09	-1.750746e-08	-4.121657e+01	-2.900326e+03
8.100000e-07	-7.660608e-09	-1.745186e-08	-4.092322e+01	-2.891332e+03
8.200000e-07	-7.605174e-09	-1.739549e-08	-4.062721e+01	-2.882162e+03
8.300000e-07	-7.549207e-09	-1.733702e-08	-4.032832e+01	-2.872814e+03
8.400000e-07	-7.492652e-09	-1.727814e-08	-4.002629e+01	-2.863286e+03
8.500000e-07	-7.435433e-09	-1.721901e-08	-3.972084e+01	-2.853578e+03
8.600000e-07	-7.377551e-09	-1.715826e-08	-3.941195e+01	-2.843691e+03
8.700000e-07	-7.319078e-09	-1.709615e-08	-3.909984e+01	-2.833629e+03
8.800000e-07	-7.260061e-09	-1.703327e-08	-3.878477e+01	-2.823395e+03
8.900000e-07	-7.200567e-09	-1.696977e-08	-3.846709e+01	-2.812992e+03
9.000000e-07	-7.140626e-09	-1.690624e-08	-3.814695e+01	-2.802424e+03
9.100000e-07	-7.080229e-09	-1.684259e-08	-3.782439e+01	-2.791692e+03
9.200000e-07	-7.019349e-09	-1.677797e-08	-3.749929e+01	-2.780796e+03
9.300000e-07	-6.957935e-09	-1.671199e-08	-3.717136e+01	-2.769735e+03
9.400000e-07	-6.896007e-09	-1.664498e-08	-3.684066e+01	-2.758505e+03
9.500000e-07	-6.833618e-09	-1.657635e-08	-3.650754e+01	-2.747098e+03
9.600000e-07	-6.770774e-09	-1.650522e-08	-3.617203e+01	-2.735508e+03
9.700000e-07	-6.707472e-09	-1.643259e-08	-3.583398e+01	-2.723724e+03
9.800000e-07	-6.643704e-09	-1.635970e-08	-3.549339e+01	-2.711737e+03
9.900000e-07	-6.579444e-09	-1.628614e-08	-3.515020e+01	-2.699538e+03
1.000000e-06	-6.514688e-09	-1.621118e-08	-3.480437e+01	-2.687115e+03
1.010000e-06	-6.449450e-09	-1.613467e-08	-3.445596e+01	-2.674464e+03
1.020000e-06	-6.383728e-09	-1.605660e-08	-3.410504e+01	-2.661576e+03
1.030000e-06	-6.317517e-09	-1.597695e-08	-3.375157e+01	-2.648450e+03
1.040000e-06	-6.250803e-09	-1.589584e-08	-3.339544e+01	-2.635083e+03
1.050000e-06	-6.183606e-09	-1.581375e-08	-3.303673e+01	-2.621476e+03
1.060000e-06	-6.115962e-09	-1.573063e-08	-3.267554e+01	-2.607630e+03
1.070000e-06	-6.047894e-09	-1.564642e-08	-3.231199e+01	-2.593549e+03
1.080000e-06	-5.979408e-09	-1.556125e-08	-3.194623e+01	-2.579233e+03
1.090000e-06	-5.910494e-09	-1.547493e-08	-3.157826e+01	-2.564686e+03
1.100000e-06	-5.841180e-09	-1.538683e-08	-3.120810e+01	-2.549905e+03
1.110000e-06	-5.771445e-09	-1.529665e-08	-3.083563e+01	-2.534889e+03
1.120000e-06	-5.701289e-09	-1.520429e-08	-3.046096e+01	-2.519630e+03
1.130000e-06	-5.630759e-09	-1.511015e-08	-3.008431e+01	-2.504120e+03
1.140000e-06	-5.559880e-09	-1.501459e-08	-2.970579e+01	-2.488348e+03
1.150000e-06	-5.488658e-09	-1.491703e-08	-2.932543e+01	-2.472300e+03
1.160000e-06	-5.417093e-09	-1.481660e-08	-2.894321e+01	-2.455960e+03
1.170000e-06	-5.345141e-09	-1.471393e-08	-2.855891e+01	-2.439314e+03
1.180000e-06	-5.272734e-09	-1.461051e-08	-2.817218e+01	-2.422347e+03
1.190000e-06	-5.199882e-09	-1.450596e-08	-2.778304e+01	-2.405046e+03
1.200000e-06	-5.126563e-09	-1.439875e-08	-2.739139e+01	-2.387400e+03
1.210000e-06	-5.052741e-09	-1.428883e-08	-2.699704e+01	-2.369403e+03
1.220000e-06	-4.978436e-09	-1.417763e-08	-2.660016e+01	-2.351052e+03
1.230000e-06	-4.903671e-09	-1.406591e-08	-2.620089e+01	-2.332345e+03
1.240000e-06	-4.828483e-09	-1.395268e-08	-2.579939e+01	-2.313285e+03
1.250000e-06	-4.752913e-09	-1.383655e-08	-2.539579e+01	-2.293878e+03
1.260000e-06	-4.676986e-09	-1.371751e-08	-2.499025e+01	-2.274128e+03
1.270000e-06	-4.600725e-09	-1.359672e-08	-2.458298e+01	-2.254039e+03
1.280000e-06	-4.524143e-09	-1.347447e-08	-2.417396e+01	-2.233615e+03
1.290000e-06	-4.447225e-09	-1.334967e-08	-2.376313e+01	-2.212854e+03
1.300000e-06	-4.369969e-09	-1.322181e-08	-2.335049e+01	-2.191750e+03
1.310000e-06	-4.292366e-09	-1.309169e-08	-2.293601e+01	-2.170295e+03
1.320000e-06	-4.214363e-09	-1.295978e-08	-2.251947e+01	-2.148471e+03
1.330000e-06	-4.135952e-09	-1.282556e-08	-2.210073e+01	-2.126260e+03
1.340000e-06	-4.057138e-09	-1.268845e-08	-2.167978e+01	-2.103637e+03
1.350000e-06	-3.977932e-09	-1.254819e-08	-2.125683e+01	-2.080574e+03
1.360000e-06	-3.898385e-09	-1.240526e-08	-2.083208e+01	-2.057044e+03
1.370000e-06	-3.818515e-09	-1.225957e-08	-2.040554e+01	-2.033019e+03
1.380000e-06	-3.738349e-09	-1.211030e-08	-1.997748e+01	-2.008473e+03
1.390000e-06	-3.657897e-09	-1.195714e-08	-1.954789e+01	-1.983384e+03
1.400000e-06	-3.577172e-09	-1.180018e-08	-1.911675e+01	-1.957734e+03
1.410000e-06	-3.496224e-09	-1.163960e-08	-1.868438e+01	-1.931509e+03
1.420000e-06	-3.415049e-09	-1.147620e-08	-1.825083e+01	-1.904702e+03
1.430000e-06	-3.333659e-09	-1.131065e-08	-1.781611e+01	-1.877309e+03
1.440000e-06	-3.252073e-09	-1.114260e-08	-1.738031e+01	-1.849328e+03
1.450000e-06	-3.170276e-09	-1.097049e-08	-1.694348e+01	-1.820760e+03
1.460000e-06	-3.088279e-09	-1.079374e-08	-1.650563e+01	-1.791604e+03
1.470000e-06	-3.006085e-09	-1.061354e-08	-1.606675e+01	-1.761856e+03
1.480000e-06	-2.923689e-09	-1.043003e-08	-1.562678e+01	-1.731509e+03
1.490000e-06	-2.841091e-09	-1.024267e-08	-1.518568e+01	-1.700550e+03
1.500000e-06	-2.758315e-09	-1.005069e-08	-1.474362e+01	-1.668956e+03
1.510000e-06	-2.675377e-09	-9.853466e-09	-1.430069e+01	-1.636700e+03
1.520000e-06	-2.592279e-09	-9.651435e-09	-1.385693e+01	-1.603747e+03
1.530000e-06	-2.509037e-09	-9.445716e-09	-1.341238e+01	-1.570055e+03
1.540000e-06	-2.425647e-09	-9.236453e-09	-1.296700e+01	-1.535579e+03
1.550000e-06	-2.342113e-09	-9.022604e-09	-1.252081e+01	-1.500272e+03
1.560000e-06	-2.258457e-09	-8.803135e-09	-1.207392e+01	-1.464086e+03
1.570000e-06	-2.174687e-09	-8.577688e-09	-1.162641e+01	-1.426978e+03
1.580000e-06	-2.090794e-09	-8.346388e-09	-1.117827e+01	-1.388908e+03
1.590000e-06	-2.006782e-09	-8.108938e-09	-1.072948e+01	-1.349840e+03
1.600000e-06	-1.922645e-09	-7.865079e-09	-1.028004e+01	-1.309745e+03
1.610000e-06	-1.838375e-09	-7.615443e-09	-9.829946e+00	-1.268602e+03
1.620000e-06	-1.753976e-09	-7.360842e-09	-9.379174e+00	-1.226392e+03
1.630000e-06	-1.669442e-09	-7.100435e-09	-8.927656e+00	-1.183097e+03
1.640000e-06	-1.584771e-09	-6.832219e-09	-8.475388e+00	-1.138700e+03
1.650000e-06	-1.499995e-09	-6.555615e-09	-8.022547e+00	-1.093180e+03
1.660000e-06	-1.415142e-09	-6.271524e-09	-7.569306e+00	-1.046507e+03
1.670000e-06	-1.330232e-09	-5.980427e-09	-7.115796e+00	-9.986425e+02
1.680000e-06	-1.245289e-09	-5.682177e-09	-6.662084e+00	-9.495354e+02
1.690000e-06	-1.160310e-09	-5.376217e-09	-6.208162e+00	-8.991218e+02
1.700000e-06	-1.075251e-09	-5.061325e-09	-5.753822e+00	-8.473259e+02
1.710000e-06	-9.900929e-10	-4.736927e-09	-5.298936e+00	-7.940621e+02
1.720000e-06	-9.048452e-10	-4.403040e-09	-4.843587e+00	-7.392393e+02
1.730000e-06	-8.195436e-10	-4.059059e-09	-4.387960e+00	-6.827666e+02
1.740000e-06	-7.342021e-10	-3.704133e-09	-3.932143e+00	-6.245602e+02
1.750000e-06	-6.487887e-10	-3.337655e-09	-3.475938e+00	-5.645516e+02
1.760000e-06	-5.632936e-10	-2.960742e-09	-3.019260e+00	-5.026954e+02
1.770000e-06	-4.777470e-10	-2.574878e-09	-2.562272e+00	-4.389781e+02
1.780000e-06	-3.921717e-10	-2.179165e-09	-2.105083e+00	-3.734246e+02
1.790000e-06	-3.065757e-10	-1.772167e-09	-1.647795e+00	-3.061050e+02
1.800000e-06	-2.209659e-10	-1.354842e-09	-1.190429e+00	-2.371375e+02
1.810000e-06	-1.353467e-10	-9.292184e-10	-7.329541e-01	-1.666903e+02
1.820000e-06	-4.972800e-11	-4.958163e-10	-2.754640e-01	-9.498029e+01
1.830000e-06	3.586447e-11	-5.511133e-11	1.818492e-01	-2.226924e+01
1.840000e-06	1.214022e-10	3.908790e-10	6.388143e-01	5.114307e+01
1.850000e-06	2.068968e-10	8.393269e-10	1.095523e+00	1.249276e+02
1.860000e-06	2.923834e-10	1.287039e-09	1.552182e+00	1.987366e+02
1.870000e-06	3.778843e-10	1.731531e-09	2.008876e+00	2.722157e+02
1.880000e-06	4.633818e-10	2.171412e-09	2.465549e+00	3.450162e+02
1.890000e-06	5.488547e-10	2.604749e-09	2.922110e+00	4.168069e+02
1.900000e-06	6.342973e-10	3.029073e-09	3.378494e+00	4.872856e+02
1.910000e-06	7.197048e-10	3.442465e-09	3.834711e+00	5.561880e+02
1.920000e-06	8.050644e-10	3.843860e-09	4.290717e+00	6.232954e+02
1.930000e-06	8.903675e-10	4.232826e-09	4.746423e+00	6.884387e+02
1.940000e-06	9.756072e-10	4.609335e-09	5.201808e+00	7.515011e+02
1.950000e-06	1.060763e-09	4.973330e-09	5.656764e+00	8.124169e+02
1.960000e-06	1.145848e-09	5.324612e-09	6.111296e+00	8.711679e+02
1.970000e-06	1.230832e-09	5.663045e-09	6.565304e+00	9.277786e+02
1.980000e-06	1.315700e-09	5.989225e-09	7.018681e+00	9.823089e+02
1.990000e-06	1.400481e-09	6.304181e-09	7.471606e+00	1.034846e+03
2.000000e-06	1.485186e-09	6.608475e-09	7.924160e+00	1.085494e+03
2.010000e-06	1.569820e-09	6.902579e-09	8.376280e+00	1.134371e+03
2.020000e-06	1.654364e-09	7.186793e-09	8.827932e+00	1.181595e+03
2.030000e-06	1.738809e-09	7.461578e-09	9.279081e+00	1.227282e+03
2.040000e-06	1.823170e-09	7.728369e-09	9.729761e+00	1.271536e+03
2.050000e-06	1.907439e-09	7.987918e-09	1.017997e+01	1.314454e+03
2.060000e-06	1.991579e-09	8.238699e-09	1.062951e+01	1.356116e+03
2.070000e-06	2.075572e-09	8.480553e-09	1.107827e+01	1.396589e+03
2.080000e-06	2.159404e-09	8.715914e-09	1.152616e+01	1.435928e+03
2.090000e-06	2.243072e-09	8.945319e-09	1.197314e+01	1.474177e+03
2.100000e-06	2.326585e-09	9.167782e-09	1.241924e+01	1.511372e+03
2.110000e-06	2.409945e-09	9.383758e-09	1.286451e+01	1.547546e+03
2.120000e-06	2.493143e-09	9.594274e-09	1.330888e+01	1.582728e+03
2.130000e-06	2.576186e-09	9.799582e-09	1.375241e+01	1.616948e+03
2.140000e-06	2.659088e-09	9.999604e-09	1.419522e+01	1.650237e+03
2.150000e-06	2.741853e-09	1.019394e-08	1.463729e+01	1.682633e+03
2.160000e-06	2.824470e-09	1.038262e-08	1.507854e+01	1.714171e+03
2.170000e-06	2.906915e-09	1.056736e-08	1.551890e+01	1.744895e+03
2.180000e-06	2.989178e-09	1.074923e-08	1.595833e+01	1.774845e+03
2.190000e-06	3.071229e-09	1.092696e-08	1.639663e+01	1.804065e+03
2.200000e-06	3.153065e-09	1.109921e-08	1.683378e+01	1.832596e+03
2.210000e-06	3.234664e-09	1.126630e-08	1.726969e+01	1.860475e+03
2.220000e-06	3.316004e-09	1.142967e-08	1.770422e+01	1.887736e+03
2.230000e-06	3.397095e-09	1.159028e-08	1.813744e+01	1.914409e+03
2.240000e-06	3.477889e-09	1.174812e-08	1.856909e+01	1.940515e+03
2.250000e-06	3.558378e-09	1.190273e-08	1.899908e+01	1.966075e+03
2.260000e-06	3.638610e-09	1.205361e-08	1.942764e+01	1.991100e+03
2.270000e-06	3.718591e-09	1.220068e-08	1.985490e+01	2.015604e+03
2.280000e-06	3.798298e-09	1.234406e-08	2.028072e+01	2.039593e+03
2.290000e-06	3.877743e-09	1.248354e-08	2.070509e+01	2.063078e+03
2.300000e-06	3.956923e-09	1.261956e-08	2.112798e+01	2.086067e+03
2.310000e-06	4.035789e-09	1.275316e-08	2.154917e+01	2.108571e+03
2.320000e-06	4.114287e-09	1.288527e-08	2.196841e+01	2.130605e+03
2.330000e-06	4.192415e-09	1.301617e-08	2.238575e+01	2.152184e+03
2.340000e-06	4.270186e-09	1.314511e-08	2.280118e+01	2.173327e+03
2.350000e-06	4.347597e-09	1.327106e-08	2.321460e+01	2.194055e+03
2.360000e-06	4.424657e-09	1.339345e-08	2.362615e+01	2.214388e+03
2.370000e-06	4.501377e-09	1.351222e-08	2.403593e+01	2.234348e+03
2.380000e-06	4.577765e-09	1.362772e-08	2.444393e+01	2.253954e+03
2.390000e-06	4.653816e-09	1.374098e-08	2.485011e+01	2.273222e+03
2.400000e-06	4.729512e-09	1.385294e-08	2.525447e+01	2.292166e+03
2.410000e-06	4.804814e-09	1.396385e-08	2.565680e+01	2.310793e+03
2.420000e-06	4.879697e-09	1.407382e-08	2.605687e+01	2.329111e+03
2.430000e-06	4.954162e-09	1.418273e-08	2.645462e+01	2.347119e+03
2.440000e-06	5.028213e-09	1.429009e-08	2.685008e+01	2.364816e+03
2.450000e-06	5.101830e-09	1.439572e-08	2.724322e+01	2.382201e+03
2.460000e-06	5.174975e-09	1.449939e-08	2.763391e+01	2.399268e+03
2.470000e-06	5.247656e-09	1.460069e-08	2.802213e+01	2.416016e+03
2.480000e-06	5.319880e-09	1.469892e-08	2.840787e+01	2.432444e+03
2.490000e-06	5.391665e-09	1.479391e-08	2.879128e+01	2.448554e+03
2.500000e-06	5.463056e-09	1.488664e-08	2.917260e+01	2.464352e+03
2.510000e-06	5.534087e-09	1.497856e-08	2.955201e+01	2.479848e+03
2.520000e-06	5.604762e-09	1.506995e-08	2.992956e+01	2.495053e+03
2.530000e-06	5.675068e-09	1.515981e-08	3.030516e+01	2.509983e+03
2.540000e-06	5.744996e-09	1.524795e-08	3.067869e+01	2.524655e+03
2.550000e-06	5.814513e-09	1.533471e-08	3.104999e+01	2.539085e+03
2.560000e-06	5.883621e-09	1.541967e-08	3.141911e+01	2.553289e+03
2.570000e-06	5.952348e-09	1.550266e-08	3.178618e+01	2.567281e+03
2.580000e-06	6.020702e-09	1.558451e-08	3.215121e+01	2.581070e+03
2.590000e-06	6.088691e-09	1.566543e-08	3.251432e+01	2.594663e+03
2.600000e-06	6.156287e-09	1.574574e-08	3.287536e+01	2.608062e+03
2.610000e-06	6.223415e-09	1.582611e-08	3.323400e+01	2.621264e+03
2.620000e-06	6.290026e-09	1.590606e-08	3.358987e+01	2.634264e+03
2.630000e-06	6.356089e-09	1.598433e-08	3.394268e+01	2.647054e+03
2.640000e-06	6.421569e-09	1.606063e-08	3.429232e+01	2.659626e+03
2.650000e-06	6.486491e-09	1.613478e-08	3.463897e+01	2.671970e+03
2.660000e-06	6.550885e-09	1.620659e-08	3.498291e+01	2.684081e+03
2.670000e-06	6.614784e-09	1.627675e-08	3.532431e+01	2.695955e+03
2.680000e-06	6.678259e-09	1.634588e-08	3.566348e+01	2.707592e+03
2.690000e-06	6.741349e-09	1.641400e-08	3.600053e+01	2.718996e+03
2.700000e-06	6.804051e-09	1.648123e-08	3.633544e+01	2.730178e+03
2.710000e-06	6.866338e-09	1.654785e-08	3.666814e+01	2.741151e+03
2.720000e-06	6.928160e-09	1.661351e-08	3.699842e+01	2.751931e+03
2.730000e-06	6.989505e-09	1.667765e-08	3.732611e+01	2.762535e+03
2.740000e-06	7.050392e-09	1.673999e-08	3.765134e+01	2.772983e+03
2.750000e-06	7.110825e-09	1.680093e-08	3.797418e+01	2.783291e+03
2.760000e-06	7.170810e-09	1.686154e-08	3.829461e+01	2.793475e+03
2.770000e-06	7.230329e-09	1.692221e-08	3.861254e+01	2.803544e+03
2.780000e-06	7.289328e-09	1.698228e-08	3.892768e+01	2.813504e+03
2.790000e-06	7.347709e-09	1.704156e-08	3.923954e+01	2.823355e+03
2.800000e-06	7.405425e-09	1.710040e-08	3.954775e+01	2.833093e+03
2.810000e-06	7.462466e-09	1.715827e-08	3.985232e+01	2.842708e+03
2.820000e-06	7.518873e-09	1.721496e-08	4.015350e+01	2.852186e+03
2.830000e-06	7.574727e-09	1.727084e-08	4.045170e+01	2.861511e+03
2.840000e-06	7.630084e-09	1.732549e-08	4.074737e+01	2.870668e+03
2.850000e-06	7.684982e-09	1.737843e-08	4.104064e+01	2.879639e+03
2.860000e-06	7.739389e-09	1.743057e-08	4.133124e+01	2.888412e+03
2.870000e-06	7.793256e-09	1.748291e-08	4.161898e+01	2.896977e+03
2.880000e-06	7.846558e-09	1.753485e-08	4.190377e+01	2.905327e+03
2.890000e-06	7.899281e-09	1.758515e-08	4.218548e+01	2.913461e+03
2.900000e-06	7.951406e-09	1.763332e-08	4.246400e+01	2.921385e+03
2.910000e-06	8.002862e-09	1.767978e-08	4.273898e+01	2.929107e+03
2.920000e-06	8.053579e-09	1.772505e-08	4.301005e+01	2.936639e+03
2.930000e-06	8.103494e-09	1.776913e-08	4.327680e+01	2.943997e+03
2.940000e-06	8.152599e-09	1.781239e-08	4.353923e+01	2.951197e+03
2.950000e-06	8.200980e-09	1.785543e-08	4.379779e+01	2.958257e+03
2.960000e-06	8.248748e-09	1.789867e-08	4.405308e+01	2.965191e+03
2.970000e-06	8.296005e-09	1.794177e-08	4.430568e+01	2.972015e+03
2.980000e-06	8.342759e-09	1.798308e-08	4.455559e+01	2.978738e+03
2.990000e-06	8.388945e-09	1.802252e-08	4.480247e+01	2.985368e+03
3.000000e-06	8.434522e-09	1.806121e-08	4.504611e+01	2.991908e+03
3.010000e-06	8.479499e-09	1.809913e-08	4.528654e+01	2.998360e+03
3.020000e-06	8.523910e-09	1.813656e-08	4.552390e+01	3.004721e+03
3.030000e-06	8.567825e-09	1.817385e-08	4.575859e+01	3.010988e+03
3.040000e-06	8.611274e-09	1.821068e-08	4.599087e+01	3.017156e+03
3.050000e-06	8.654146e-09	1.824732e-08	4.622021e+01	3.023219e+03
3.060000e-06	8.696248e-09	1.828336e-08	4.644550e+01	3.029174e+03
3.070000e-06	8.737489e-09	1.831775e-08	4.666612e+01	3.035016e+03
3.080000e-06	8.777945e-09	1.835108e-08	4.688239e+01	3.040743e+03
3.090000e-06	8.817760e-09	1.838450e-08	4.709517e+01	3.046356e+03
3.100000e-06	8.857045e-09	1.841767e-08	4.730516e+01	3.051854e+03
3.110000e-06	8.895803e-09	1.845015e-08	4.751237e+01	3.057239e+03
3.120000e-06	8.933965e-09	1.848234e-08	4.771641e+01	3.062513e+03
3.130000e-06	8.971475e-09	1.851388e-08	4.791696e+01	3.067678e+03
3.140000e-06	9.008328e-09	1.854426e-08	4.811395e+01	3.072735e+03
3.150000e-06	9.044578e-09	1.857391e-08	4.830767e+01	3.077685e+03
3.160000e-06	9.080328e-09	1.860324e-08	4.849872e+01	3.082524e+03
3.170000e-06	9.115578e-09	1.863170e-08	4.868718e+01	3.087251e+03
3.180000e-06	9.150141e-09	1.865872e-08	4.887215e+01	3.091861e+03
3.190000e-06	9.183818e-09	1.868457e-08	4.905240e+01	3.096349e+03
3.200000e-06	9.216580e-09	1.870986e-08	4.922760e+01	3.100709e+03
3.210000e-06	9.248604e-09	1.873485e-08	4.939876e+01	3.104936e+03
3.220000e-06	9.280060e-09	1.875942e-08	4.956695e+01	3.109025e+03
3.230000e-06	9.310961e-09	1.878315e-08	4.973221e+01	3.112973e+03
3.240000e-06	9.341264e-09	1.880604e-08	4.989425e+01	3.116780e+03
3.250000e-06	9.370917e-09	1.882874e-08	5.005282e+01	3.120447e+03
3.260000e-06	9.399898e-09	1.885078e-08	5.020779e+01	3.123979e+03
3.270000e-06	9.428243e-09	1.887095e-08	5.035931e+01	3.127383e+03
3.280000e-06	9.456067e-09	1.888963e-08	5.050799e+01	3.130668e+03
3.290000e-06	9.483396e-09	1.890799e-08	5.065409e+01	3.133844e+03
3.300000e-06	9.510006e-09	1.892650e-08	5.079644e+01	3.136923e+03
3.310000e-06	9.535642e-09	1.894462e-08	5.093366e+01	3.139916e+03
3.320000e-06	9.560311e-09	1.896137e-08	5.106563e+01	3.142832e+03
3.330000e-06	9.584212e-09	1.897697e-08	5.119337e+01	3.145682e+03
3.340000e-06	9.607475e-09	1.899258e-08	5.131770e+01	3.148470e+03
3.350000e-06	9.630102e-09	1.900836e-08	5.143861e+01	3.151201e+03
3.360000e-06	9.652065e-09	1.902414e-08	5.155598e+01	3.153877e+03
3.370000e-06	9.673371e-09	1.903960e-08	5.166986e+01	3.156494e+03
3.380000e-06	9.694026e-09	1.905417e-08	5.178027e+01	3.159051e+03
3.390000e-06	9.714094e-09	1.906776e-08	5.188749e+01	3.161542e+03
3.400000e-06	9.733686e-09	1.908063e-08	5.199218e+01	3.163961e+03
3.410000e-06	9.752733e-09	1.909360e-08	5.209398e+01	3.166302e+03
3.420000e-06	9.771069e-09	1.910663e-08	5.219206e+01	3.168560e+03
3.430000e-06	9.788647e-09	1.911887e-08	5.228611e+01	3.170730e+03
3.440000e-06	9.805543e-09	1.913076e-08	5.237646e+01	3.172811e+03
3.450000e-06	9.821769e-09	1.914314e-08	5.246321e+01	3.174800e+03
3.460000e-06	9.837172e-09	1.915526e-08	5.254559e+01	3.176701e+03
3.470000e-06	9.851686e-09	1.916567e-08	5.262321e+01	3.178514e+03
3.480000e-06	9.865401e-09	1.917454e-08	5.269650e+01	3.180243e+03
3.490000e-06	9.878364e-09	1.918335e-08	5.276577e+01	3.181893e+03
3.500000e-06	9.890614e-09	1.919314e-08	5.283122e+01	3.183468e+03
3.510000e-06	9.902194e-09	1.920316e-08	5.289313e+01	3.184970e+03
3.520000e-06	9.912986e-09	1.921205e-08	5.295094e+01	3.186402e+03
3.530000e-06	9.922749e-09	1.921963e-08	5.300331e+01	3.187763e+03
3.540000e-06	9.931474e-09	1.922699e-08	5.305005e+01	3.189053e+03
3.550000e-06	9.939430e-09	1.923428e-08	5.309258e+01	3.190268e+03
3.560000e-06	9.946795e-09	1.924091e-08	5.313201e+01	3.191402e+03
3.570000e-06	9.953525e-09	1.924674e-08	5.316807e+01	3.192449e+03
3.580000e-06	9.959545e-09	1.925175e-08	5.320027e+01	3.193401e+03
3.590000e-06	9.964837e-09	1.925649e-08	5.322853e+01	3.194253e+03
3.600000e-06	9.969423e-09	1.926176e-08	5.325301e+01	3.194996e+03
3.610000e-06	9.973429e-09	1.926714e-08	5.327439e+01	3.195625e+03
3.620000e-06	9.976959e-09	1.927122e-08	5.329319e+01	3.196136e+03
3.630000e-06	9.979860e-09	1.927359e-08	5.330870e+01	3.196527e+03
3.640000e-06	9.981833e-09	1.927496e-08	5.331934e+01	3.196798e+03
3.650000e-06	9.982759e-09	1.927556e-08	5.332438e+01	3.196950e+03
3.660000e-06	9.982861e-09	1.927538e-08	5.332498e+01	3.196987e+03
3.670000e-06	9.982391e-09	1.927486e-08	5.332254e+01	3.196912e+03
3.680000e-06	9.981346e-09	1.927406e-08	5.331706e+01	3.196733e+03
3.690000e-06	9.979643e-09	1.927333e-08	5.330801e+01	3.196453e+03
3.700000e-06	9.977298e-09	1.927282e-08	5.329554e+01	3.196080e+03
3.710000e-06	9.974302e-09	1.927132e-08	5.327965e+01	3.195617e+03
3.720000e-06	9.970665e-09	1.926763e-08	5.326032e+01	3.195070e+03
3.730000e-06	9.966530e-09	1.926230e-08	5.323824e+01	3.194441e+03
3.740000e-06	9.961970e-09	1.925482e-08	5.321393e+01	3.193734e+03
3.750000e-06	9.956735e-09	1.924853e-08	5.318621e+01	3.192950e+03
3.760000e-06	9.950376e-09	1.925300e-08	5.315256e+01	3.192094e+03
3.770000e-06	9.942589e-09	1.926032e-08	5.311118e+01	3.191167e+03
3.780000e-06	9.933488e-09	1.924252e-08	5.306260e+01	3.190174e+03
3.790000e-06	9.923679e-09	1.920804e-08	5.301015e+01	3.189121e+03
3.800000e-06	9.913770e-09	1.920693e-08	5.295728e+01	3.188015e+03
3.810000e-06	9.903648e-09	1.924095e-08	5.290349e+01	3.186866e+03
3.820000e-06	9.892676e-09	1.923214e-08	5.284513e+01	3.185684e+03
3.830000e-06	9.880779e-09	1.917639e-08	5.278157e+01	3.184482e+03
3.840000e-06	9.868410e-09	1.917550e-08	5.271545e+01	3.183274e+03
3.850000e-06	9.855389e-09	1.922707e-08	5.264604e+01	3.182072e+03
3.860000e-06	9.841088e-09	1.920850e-08	5.256978e+01	3.180890e+03
3.870000e-06	9.825627e-09	1.914191e-08	5.248717e+01	3.179737e+03
3.880000e-06	9.809556e-09	1.916187e-08	5.240135e+01	3.178622e+03
3.890000e-06	9.792936e-09	1.920742e-08	5.231265e+01	3.177548e+03
3.900000e-06	9.775651e-09	1.916476e-08	5.222037e+01	3.176516e+03
3.910000e-06	9.757790e-09	1.913021e-08	5.212502e+01	3.175518e+03
3.920000e-06	9.739263e-09	1.917628e-08	5.202627e+01	3.174546e+03
3.930000e-06	9.719885e-09	1.917526e-08	5.192295e+01	3.173582e+03
3.940000e-06	9.699856e-09	1.911277e-08	5.181596e+01	3.172607e+03
3.950000e-06	9.679361e-09	1.912472e-08	5.170647e+01	3.171595e+03
3.960000e-06	9.658135e-09	1.915725e-08	5.159317e+01	3.170521e+03
3.970000e-06	9.635970e-09	1.910903e-08	5.147486e+01	3.169355e+03
3.980000e-06	9.612926e-09	1.909166e-08	5.135188e+01	3.168066e+03
3.990000e-06	9.589109e-09	1.914194e-08	5.122475e+01	3.166626e+03
4.000000e-06	9.564692e-09	1.912375e-08	5.109436e+01	3.165008e+03
4.010000e-06	9.539733e-09	1.907842e-08	5.096112e+01	3.163188e+03
4.020000e-06	9.514075e-09	1.911112e-08	5.082416e+01	3.161145e+03
4.030000e-06	9.487697e-09	1.911157e-08	5.068334e+01	3.158864e+03
4.040000e-06	9.460726e-09	1.905243e-08	5.053935e+01	3.156335e+03
4.050000e-06	9.433167e-09	1.905926e-08	5.039223e+01	3.153553e+03
4.060000e-06	9.405018e-09	1.906752e-08	5.024192e+01	3.150517e+03
4.070000e-06	9.376212e-09	1.900970e-08	5.008815e+01	3.147233e+03
4.080000e-06	9.346463e-09	1.899638e-08	4.992942e+01	3.143710e+03
4.090000e-06	9.315640e-09	1.900107e-08	4.976496e+01	3.139960e+03
4.100000e-06	9.284023e-09	1.894437e-08	4.959621e+01	3.135998e+03
4.110000e-06	9.251844e-09	1.891497e-08	4.942436e+01	3.131841e+03
4.120000e-06	9.219102e-09	1.891565e-08	4.924949e+01	3.127506e+03
4.130000e-06	9.185772e-09	1.887048e-08	4.907157e+01	3.123011e+03
4.140000e-06	9.151841e-09	1.883908e-08	4.889044e+01	3.118371e+03
4.150000e-06	9.117284e-09	1.883444e-08	4.870594e+01	3.113603e+03
4.160000e-06	9.082137e-09	1.879122e-08	4.851827e+01	3.108718e+03
4.170000e-06	9.046439e-09	1.875231e-08	4.832763e+01	3.103726e+03
4.180000e-06	9.010193e-09	1.874133e-08	4.813403e+01	3.098634e+03
4.190000e-06	8.973360e-09	1.870367e-08	4.793735e+01	3.093447e+03
4.200000e-06	8.935741e-09	1.866154e-08	4.773656e+01	3.088165e+03
4.210000e-06	8.897139e-09	1.864238e-08	4.753067e+01	3.082788e+03
4.220000e-06	8.857633e-09	1.860972e-08	4.731994e+01	3.077312e+03
4.230000e-06	8.817443e-09	1.856953e-08	4.710539e+01	3.071732e+03
4.240000e-06	8.776724e-09	1.854264e-08	4.688792e+01	3.066040e+03
4.250000e-06	8.735503e-09	1.850680e-08	4.666779e+01	3.060230e+03
4.260000e-06	8.693729e-09	1.846261e-08	4.644476e+01	3.054295e+03
4.270000e-06	8.651374e-09	1.842810e-08	4.621858e+01	3.048226e+03
4.280000e-06	8.608452e-09	1.839449e-08	4.598927e+01	3.042020e+03
4.290000e-06	8.564992e-09	1.835563e-08	4.575713e+01	3.035669e+03
4.300000e-06	8.521035e-09	1.831730e-08	4.552238e+01	3.029173e+03
4.310000e-06	8.476581e-09	1.827757e-08	4.528491e+01	3.022528e+03
4.320000e-06	8.431543e-09	1.823659e-08	4.504434e+01	3.015735e+03
4.330000e-06	8.385859e-09	1.819617e-08	4.480038e+01	3.008796e+03
4.340000e-06	8.339511e-09	1.815310e-08	4.455290e+01	3.001714e+03
4.350000e-06	8.292539e-09	1.810879e-08	4.430209e+01	2.994490e+03
4.360000e-06	8.244950e-09	1.806595e-08	4.404789e+01	2.987130e+03
4.370000e-06	8.196701e-09	1.802208e-08	4.379010e+01	2.979636e+03
4.380000e-06	8.147775e-09	1.797789e-08	4.352877e+01	2.972010e+03
4.390000e-06	8.098188e-09	1.793343e-08	4.326392e+01	2.964253e+03
4.400000e-06	8.048001e-09	1.788439e-08	4.299574e+01	2.956365e+03
4.410000e-06	7.997241e-09	1.783422e-08	4.272443e+01	2.948344e+03
4.420000e-06	7.945894e-09	1.778738e-08	4.245009e+01	2.940185e+03
4.430000e-06	7.893924e-09	1.773906e-08	4.217248e+01	2.931885e+03
4.440000e-06	7.841279e-09	1.768760e-08	4.189126e+01	2.923436e+03
4.450000e-06	7.787901e-09	1.763609e-08	4.160615e+01	2.914832e+03
4.460000e-06	7.733732e-09	1.758329e-08	4.131683e+01	2.906066e+03
4.470000e-06	7.678763e-09	1.752864e-08	4.102332e+01	2.897131e+03
4.480000e-06	7.623085e-09	1.747381e-08	4.072607e+01	2.888023e+03
4.490000e-06	7.566831e-09	1.741815e-08	4.042561e+01	2.878738e+03
4.500000e-06	7.510092e-09	1.736085e-08	4.012239e+01	2.869273e+03
4.510000e-06	7.452880e-09	1.730378e-08	3.981668e+01	2.859627e+03
4.520000e-06	7.395155e-09	1.724730e-08	3.950833e+01	2.849802e+03
4.530000e-06	7.336922e-09	1.718923e-08	3.919728e+01	2.839801e+03
4.540000e-06	7.278212e-09	1.712793e-08	3.888369e+01	2.829626e+03
4.550000e-06	7.219058e-09	1.706438e-08	3.856777e+01	2.819282e+03
4.560000e-06	7.159462e-09	1.700003e-08	3.824947e+01	2.808771e+03
4.570000e-06	7.099391e-09	1.693526e-08	3.792855e+01	2.798096e+03
4.580000e-06	7.038821e-09	1.687038e-08	3.760489e+01	2.787257e+03
4.590000e-06	6.977709e-09	1.680508e-08	3.727833e+01	2.776254e+03
4.600000e-06	6.915986e-09	1.673792e-08	3.694850e+01	2.765083e+03
4.610000e-06	6.853598e-09	1.666892e-08	3.661517e+01	2.753739e+03
4.620000e-06	6.790562e-09	1.659932e-08	3.627844e+01	2.742213e+03
4.630000e-06	6.726946e-09	1.652814e-08	3.593861e+01	2.730498e+03
4.640000e-06	6.662842e-09	1.645463e-08	3.559617e+01	2.718583e+03
4.650000e-06	6.598316e-09	1.638027e-08	3.525140e+01	2.706458e+03
4.660000e-06	6.533403e-09	1.630587e-08	3.490455e+01	2.694115e+03
4.670000e-06	6.468093e-09	1.623099e-08	3.455569e+01	2.681544e+03
4.680000e-06	6.402377e-09	1.615472e-08	3.420470e+01	2.668739e+03
4.690000e-06	6.336242e-09	1.607576e-08	3.385146e+01	2.655696e+03
4.700000e-06	6.269666e-09	1.599380e-08	3.349589e+01	2.642412e+03
4.710000e-06	6.202654e-09	1.591031e-08	3.313798e+01	2.628889e+03
4.720000e-06	6.135227e-09	1.582662e-08	3.277787e+01	2.615126e+03
4.730000e-06	6.067418e-09	1.574251e-08	3.241572e+01	2.601126e+03
4.740000e-06	5.999217e-09	1.565734e-08	3.205149e+01	2.586892e+03
4.750000e-06	5.930596e-09	1.557030e-08	3.168495e+01	2.572425e+03
4.760000e-06	5.861523e-09	1.548117e-08	3.131592e+01	2.557726e+03
4.770000e-06	5.791957e-09	1.539133e-08	3.094433e+01	2.542792e+03
4.780000e-06	5.721900e-09	1.530090e-08	3.057029e+01	2.527618e+03
4.790000e-06	5.651358e-09	1.520800e-08	3.019377e+01	2.512197e+03
4.800000e-06	5.580344e-09	1.511297e-08	2.981469e+01	2.496518e+03
4.810000e-06	5.508901e-09	1.501697e-08	2.943327e+01	2.480567e+03
4.820000e-06	5.437058e-09	1.491962e-08	2.904961e+01	2.464331e+03
4.830000e-06	5.364841e-09	1.482051e-08	2.866387e+01	2.447793e+03
4.840000e-06	5.292293e-09	1.471889e-08	2.827636e+01	2.430939e+03
4.850000e-06	5.219421e-09	1.461373e-08	2.788709e+01	2.413756e+03
4.860000e-06	5.146185e-09	1.450586e-08	2.749588e+01	2.396231e+03
4.870000e-06	5.072564e-09	1.439700e-08	2.710263e+01	2.378357e+03
4.880000e-06	4.998560e-09	1.428695e-08	2.670737e+01	2.360129e+03
4.890000e-06	4.924200e-09	1.417442e-08	2.631027e+01	2.341545e+03
4.900000e-06	4.849509e-09	1.405947e-08	2.591140e+01	2.322608e+03
4.910000e-06	4.774481e-09	1.394312e-08	2.551073e+01	2.303322e+03
4.920000e-06	4.699124e-09	1.382552e-08	2.510837e+01	2.283690e+03
4.930000e-06	4.623444e-09	1.370583e-08	2.470433e+01	2.263719e+03
4.940000e-06	4.547427e-09	1.358325e-08	2.429843e+01	2.243412e+03
4.950000e-06	4.471081e-09	1.345781e-08	2.389073e+01	2.222768e+03
4.960000e-06	4.394368e-09	1.333024e-08	2.348113e+01	2.201785e+03
4.970000e-06	4.317259e-09	1.320074e-08	2.306939e+01	2.180453e+03
4.980000e-06	4.239742e-09	1.306876e-08	2.265548e+01	2.158760e+03
4.990000e-06	4.161798e-09	1.293428e-08	2.223929e+01	2.136686e+03
5.000000e-06	4.083450e-09	1.279747e-08	2.182095e+01	2.114209e+03
5.010000e-06	4.004714e-09	1.265827e-08	2.140060e+01	2.091302e+03
5.020000e-06	3.925610e-09	1.251670e-08	2.097836e+01	2.067938e+03
5.030000e-06	3.846181e-09	1.237264e-08	2.055440e+01	2.044088e+03
5.040000e-06	3.766455e-09	1.222518e-08	2.012877e+01	2.019726e+03
5.050000e-06	3.686446e-09	1.207419e-08	1.970153e+01	1.994829e+03
5.060000e-06	3.606160e-09	1.192039e-08	1.927274e+01	1.969375e+03
5.070000e-06	3.525622e-09	1.176412e-08	1.884254e+01	1.943352e+03
5.080000e-06	3.444867e-09	1.160523e-08	1.841118e+01	1.916748e+03
5.090000e-06	3.363905e-09	1.144306e-08	1.797872e+01	1.889559e+03
5.100000e-06	3.282759e-09	1.127687e-08	1.754526e+01	1.861783e+03
5.110000e-06	3.201418e-09	1.110637e-08	1.711080e+01	1.833419e+03
5.120000e-06	3.119867e-09	1.093203e-08	1.667528e+01	1.804468e+03
5.130000e-06	3.038093e-09	1.075383e-08	1.623862e+01	1.774927e+03
5.140000e-06	2.956099e-09	1.057115e-08	1.580078e+01	1.744790e+03
5.150000e-06	2.873894e-09	1.038526e-08	1.536176e+01	1.714045e+03
5.160000e-06	2.791471e-09	1.019699e-08	1.492160e+01	1.682675e+03
5.170000e-06	2.708869e-09	1.000475e-08	1.448045e+01	1.650653e+03
5.180000e-06	2.626116e-09	9.807542e-09	1.403848e+01	1.617947e+03
5.190000e-06	2.543207e-09	9.604851e-09	1.359573e+01	1.584517e+03
5.200000e-06	2.460141e-09	9.396494e-09	1.315215e+01	1.550319e+03
5.210000e-06	2.376923e-09	9.183720e-09	1.270773e+01	1.515306e+03
5.220000e-06	2.293577e-09	8.967091e-09	1.226255e+01	1.479432e+03
5.230000e-06	2.210123e-09	8.745378e-09	1.181673e+01	1.442650e+03
5.240000e-06	2.126549e-09	8.517608e-09	1.137030e+01	1.404918e+03
5.250000e-06	2.042840e-09	8.284364e-09	1.092316e+01	1.366201e+03
5.260000e-06	1.958999e-09	8.045975e-09	1.047529e+01	1.326467e+03
5.270000e-06	1.875023e-09	7.801941e-09	1.002670e+01	1.285691e+03
5.280000e-06	1.790890e-09	7.551294e-09	9.577313e+00	1.243854e+03
5.290000e-06	1.706590e-09	7.293440e-09	9.127033e+00	1.200938e+03
5.300000e-06	1.622145e-09	7.028938e-09	8.675961e+00	1.156927e+03
5.310000e-06	1.537589e-09	6.757234e-09	8.224282e+00	1.111801e+03
5.320000e-06	1.452930e-09	6.477619e-09	7.772091e+00	1.065533e+03
5.330000e-06	1.368199e-09	6.191134e-09	7.319537e+00	1.018088e+03
5.340000e-06	1.283422e-09	5.898059e-09	6.866667e+00	9.694201e+02
5.350000e-06	1.198567e-09	5.596836e-09	6.413297e+00	9.194690e+02
5.360000e-06	1.113600e-09	5.287280e-09	5.959357e+00	8.681633e+02
5.370000e-06	1.028529e-09	4.969991e-09	5.504949e+00	8.154202e+02
5.380000e-06	9.433684e-10	4.643327e-09	5.050006e+00	7.611502e+02
5.390000e-06	8.581285e-10	4.305447e-09	4.594578e+00	7.052615e+02
5.400000e-06	7.728068e-10	3.956786e-09	4.138787e+00	6.476671e+02
5.410000e-06	6.873974e-10	3.598725e-09	3.682610e+00	5.882922e+02
5.420000e-06	6.019184e-10	3.231223e-09	3.226067e+00	5.270824e+02
5.430000e-06	5.163830e-10	2.853251e-09	2.769206e+00	4.640123e+02
5.440000e-06	4.308001e-10	2.464029e-09	2.312065e+00	3.990928e+02
5.450000e-06	3.451868e-10	2.063908e-09	1.854729e+00	3.323776e+02
5.460000e-06	2.595526e-10	1.654405e-09	1.397232e+00	2.639680e+02
5.470000e-06	1.739030e-10	1.236151e-09	9.396277e-01	1.940147e+02
5.480000e-06	8.828146e-11	8.086578e-10	4.821925e-01	1.227179e+02
5.490000e-06	2.699857e-12	3.726353e-10	2.504761e-02	5.032453e+01
5.500000e-06	-8.284388e-11	-6.949867e-11	-4.318380e-01	-2.287819e+01
5.510000e-06	-1.683575e-10	-5.153689e-10	-8.885912e-01	-9.657026e+01
5.520000e-06	-2.538842e-10	-9.628849e-10	-1.345421e+00	-1.704092e+02
5.530000e-06	-3.394057e-10	-1.410105e-09	-1.802286e+00	-2.440417e+02
5.540000e-06	-4.249051e-10	-1.854922e-09	-2.259074e+00	-3.171156e+02
5.550000e-06	-5.103874e-10	-2.293781e-09	-2.715779e+00	-3.892924e+02
5.560000e-06	-5.958385e-10	-2.723973e-09	-3.172328e+00	-4.602587e+02
5.570000e-06	-6.812581e-10	-3.144715e-09	-3.628617e+00	-5.297361e+02
5.580000e-06	-7.666400e-10	-3.555681e-09	-4.084601e+00	-5.974893e+02
5.590000e-06	-8.519554e-10	-3.955849e-09	-4.540269e+00	-6.633317e+02
5.600000e-06	-9.371699e-10	-4.343086e-09	-4.995496e+00	-7.271283e+02
5.610000e-06	-1.022302e-09	-4.716304e-09	-5.450308e+00	-7.887957e+02
5.620000e-06	-1.107369e-09	-5.075988e-09	-5.904814e+00	-8.482998e+02
5.630000e-06	-1.192325e-09	-5.423556e-09	-6.358775e+00	-9.056508e+02
5.640000e-06	-1.277131e-09	-5.760007e-09	-6.811874e+00	-9.608972e+02
5.650000e-06	-1.361810e-09	-6.084685e-09	-7.264215e+00	-1.014117e+03
5.660000e-06	-1.446407e-09	-6.397049e-09	-7.716118e+00	-1.065411e+03
5.670000e-06	-1.530929e-09	-6.697919e-09	-8.167632e+00	-1.114892e+03
5.680000e-06	-1.615346e-09	-6.989059e-09	-8.618603e+00	-1.162679e+03
5.690000e-06	-1.699653e-09	-7.271852e-09	-9.068966e+00	-1.208888e+03
5.700000e-06	-1.783857e-09	-7.546040e-09	-9.518756e+00	-1.253631e+03
5.710000e-06	-1.867925e-09	-7.811628e-09	-9.967837e+00	-1.297004e+03
5.720000e-06	-1.951823e-09	-8.069397e-09	-1.041599e+01	-1.339096e+03
5.730000e-06	-2.035559e-09	-8.319327e-09	-1.086326e+01	-1.379976e+03
5.740000e-06	-2.119146e-09	-8.561246e-09	-1.130975e+01	-1.419705e+03
5.750000e-06	-2.202588e-09	-8.795163e-09	-1.175550e+01	-1.458329e+03
5.760000e-06	-2.285889e-09	-9.021617e-09	-1.220050e+01	-1.495887e+03
5.770000e-06	-2.369022e-09	-9.241658e-09	-1.264465e+01	-1.532414e+03
5.780000e-06	-2.451986e-09	-9.456717e-09	-1.308787e+01	-1.567937e+03
5.790000e-06	-2.534814e-09	-9.667019e-09	-1.353030e+01	-1.602489e+03
5.800000e-06	-2.617496e-09	-9.871305e-09	-1.397200e+01	-1.636099e+03
5.810000e-06	-2.700008e-09	-1.006954e-08	-1.441281e+01	-1.668801e+03
5.820000e-06	-2.782364e-09	-1.026298e-08	-1.485278e+01	-1.700634e+03
5.830000e-06	-2.864572e-09	-1.045207e-08	-1.529199e+01	-1.731637e+03
5.840000e-06	-2.946603e-09	-1.063651e-08	-1.573024e+01	-1.761852e+03
5.850000e-06	-3.028413e-09	-1.081625e-08	-1.616725e+01	-1.791321e+03
5.860000e-06	-3.109990e-09	-1.099136e-08	-1.660290e+01	-1.820088e+03
5.870000e-06	-3.191355e-09	-1.116246e-08	-1.703742e+01	-1.848190e+03
5.880000e-06	-3.272500e-09	-1.133054e-08	-1.747085e+01	-1.875663e+03
5.890000e-06	-3.353418e-09	-1.149536e-08	-1.790306e+01	-1.902537e+03
5.900000e-06	-3.434093e-09	-1.165573e-08	-1.833398e+01	-1.928839e+03
5.910000e-06	-3.514511e-09	-1.181147e-08	-1.876353e+01	-1.954587e+03
5.920000e-06	-3.594679e-09	-1.196346e-08	-1.919171e+01	-1.979797e+03
5.930000e-06	-3.674604e-09	-1.211233e-08	-1.961858e+01	-2.004481e+03
5.940000e-06	-3.754276e-09	-1.225791e-08	-2.004412e+01	-2.028649e+03
5.950000e-06	-3.833665e-09	-1.240010e-08	-2.046815e+01	-2.052309e+03
5.960000e-06	-3.912730e-09	-1.253985e-08	-2.089047e+01	-2.075469e+03
5.970000e-06	-3.991440e-09	-1.267795e-08	-2.131090e+01	-2.098141e+03
5.980000e-06	-4.069793e-09	-1.281419e-08	-2.172945e+01	-2.120337e+03
5.990000e-06	-4.147777e-09	-1.294765e-08	-2.214593e+01	-2.142072e+03
6.000000e-06	-4.225349e-09	-1.307755e-08	-2.256010e+01	-2.163365e+03
6.010000e-06	-4.302494e-09	-1.320419e-08	-2.297197e+01	-2.184235e+03
6.020000e-06	-4.379225e-09	-1.332839e-08	-2.338167e+01	-2.204703e+03
6.030000e-06	-4.455558e-09	-1.345093e-08	-2.378929e+01	-2.224791e+03
6.040000e-06	-4.531528e-09	-1.357129e-08	-2.419502e+01	-2.244519e+03
6.050000e-06	-4.607153e-09	-1.368884e-08	-2.459896e+01	-2.263903e+03
6.060000e-06	-4.682445e-09	-1.380463e-08	-2.500110e+01	-2.282958e+03
6.070000e-06	-4.757402e-09	-1.391930e-08	-2.540153e+01	-2.301695e+03
6.080000e-06	-4.832028e-09	-1.403236e-08	-2.580025e+01	-2.320120e+03
6.090000e-06	-4.906346e-09	-1.414359e-08	-2.619721e+01	-2.338236e+03
6.100000e-06	-4.980339e-09	-1.425300e-08	-2.659238e+01	-2.356042e+03
6.110000e-06	-5.053988e-09	-1.436011e-08	-2.698576e+01	-2.373535e+03
6.120000e-06	-5.127305e-09	-1.446455e-08	-2.737743e+01	-2.390714e+03
6.130000e-06	-5.200312e-09	-1.456646e-08	-2.776746e+01	-2.407573e+03
6.140000e-06	-5.272998e-09	-1.466574e-08	-2.815576e+01	-2.424112e+03
6.150000e-06	-5.345326e-09	-1.476256e-08	-2.854219e+01	-2.440333e+03
6.160000e-06	-5.417275e-09	-1.485783e-08	-2.892663e+01	-2.456239e+03
6.170000e-06	-5.488802e-09	-1.495263e-08	-2.930877e+01	-2.471838e+03
6.180000e-06	-5.559877e-09	-1.504691e-08	-2.968842e+01	-2.487143e+03
6.190000e-06	-5.630484e-09	-1.513951e-08	-3.006558e+01	-2.502167e+03
6.200000e-06	-5.700621e-09	-1.522970e-08	-3.044025e+01	-2.516927e+03
6.210000e-06	-5.770291e-09	-1.531785e-08	-3.081240e+01	-2.531440e+03
6.220000e-06	-5.839494e-09	-1.540496e-08	-3.118204e+01	-2.545721e+03
6.230000e-06	-5.908256e-09	-1.549150e-08	-3.154939e+01	-2.559785e+03
6.240000e-06	-5.976596e-09	-1.557703e-08	-3.191456e+01	-2.573644e+03
6.250000e-06	-6.044531e-09	-1.566114e-08	-3.227761e+01	-2.587305e+03
6.260000e-06	-6.112087e-09	-1.574399e-08	-3.263864e+01	-2.600772e+03
6.270000e-06	-6.179259e-09	-1.582612e-08	-3.299758e+01	-2.614043e+03
6.280000e-06	-6.246009e-09	-1.590689e-08	-3.335423e+01	-2.627114e+03
6.290000e-06	-6.312307e-09	-1.598473e-08	-3.370845e+01	-2.639978e+03
6.300000e-06	-6.378155e-09	-1.605965e-08	-3.406025e+01	-2.652627e+03
6.310000e-06	-6.443559e-09	-1.613322e-08	-3.440970e+01	-2.665051e+03
6.320000e-06	-6.508553e-09	-1.620634e-08	-3.475695e+01	-2.677244e+03
6.330000e-06	-6.573159e-09	-1.627869e-08	-3.510213e+01	-2.689200e+03
6.340000e-06	-6.637365e-09	-1.635007e-08	-3.544522e+01	-2.700919e+03
6.350000e-06	-6.701125e-09	-1.642005e-08	-3.578598e+01	-2.712404e+03
6.360000e-06	-6.764381e-09	-1.648833e-08	-3.612402e+01	-2.723663e+03
6.370000e-06	-6.827091e-09	-1.655575e-08	-3.645914e+01	-2.734706e+03
6.380000e-06	-6.889206e-09	-1.662253e-08	-3.679105e+01	-2.745551e+03
6.390000e-06	-6.950713e-09	-1.668777e-08	-3.711970e+01	-2.756215e+03
6.400000e-06	-7.011641e-09	-1.675142e-08	-3.744525e+01	-2.766715e+03
6.410000e-06	-7.072033e-09	-1.681455e-08	-3.776796e+01	-2.777070e+03
6.420000e-06	-7.131937e-09	-1.687812e-08	-3.808815e+01	-2.787296e+03
6.430000e-06	-7.191392e-09	-1.694175e-08	-3.840594e+01	-2.797404e+03
6.440000e-06	-7.250376e-09	-1.700444e-08	-3.872119e+01	-2.807402e+03
6.450000e-06	-7.308835e-09	-1.706541e-08	-3.903368e+01	-2.817291e+03
6.460000e-06	-7.366774e-09	-1.712446e-08	-3.934333e+01	-2.827069e+03
6.470000e-06	-7.424214e-09	-1.718297e-08	-3.965030e+01	-2.836728e+03
6.480000e-06	-7.481170e-09	-1.724104e-08	-3.995469e+01	-2.846255e+03
6.490000e-06	-7.537662e-09	-1.729694e-08	-4.025661e+01	-2.855636e+03
6.500000e-06	-7.593655e-09	-1.735111e-08	-4.055595e+01	-2.864853e+03
6.510000e-06	-7.649075e-09	-1.740480e-08	-4.085218e+01	-2.873891e+03
6.520000e-06	-7.703818e-09	-1.745815e-08	-4.114475e+01	-2.882734e+03
6.530000e-06	-7.757793e-09	-1.751089e-08	-4.143315e+01	-2.891372e+03
6.540000e-06	-7.810986e-09	-1.756206e-08	-4.171739e+01	-2.899797e+03
6.550000e-06	-7.863463e-09	-1.761113e-08	-4.199787e+01	-2.908007e+03
6.560000e-06	-7.915304e-09	-1.765913e-08	-4.227496e+01	-2.916003e+03
6.570000e-06	-7.966548e-09	-1.770647e-08	-4.254884e+01	-2.923794e+03
6.580000e-06	-8.017169e-09	-1.775237e-08	-4.281941e+01	-2.931391e+03
6.590000e-06	-8.067111e-09	-1.779706e-08	-4.308636e+01	-2.938807e+03
6.600000e-06	-8.116311e-09	-1.784091e-08	-4.334933e+01	-2.946061e+03
6.610000e-06	-8.164729e-09	-1.788437e-08	-4.360808e+01	-2.953168e+03
6.620000e-06	-8.212416e-09	-1.792758e-08	-4.386287e+01	-2.960144e+03
6.630000e-06	-8.259489e-09	-1.796996e-08	-4.411434e+01	-2.967005e+03
6.640000e-06	-8.306037e-09	-1.801109e-08	-4.436308e+01	-2.973763e+03
6.650000e-06	-8.352090e-09	-1.805116e-08	-4.460927e+01	-2.980424e+03
6.660000e-06	-8.397646e-09	-1.809030e-08	-4.485277e+01	-2.986996e+03
6.670000e-06	-8.442689e-09	-1.812838e-08	-4.509348e+01	-2.993478e+03
6.680000e-06	-8.487223e-09	-1.816605e-08	-4.533153e+01	-2.999871e+03
6.690000e-06	-8.531275e-09	-1.820389e-08	-4.556706e+01	-3.006172e+03
6.700000e-06	-8.574830e-09	-1.824165e-08	-4.579998e+01	-3.012374e+03
6.710000e-06	-8.617844e-09	-1.827913e-08	-4.602998e+01	-3.018474e+03
6.720000e-06	-8.660274e-09	-1.831646e-08	-4.625686e+01	-3.024467e+03
6.730000e-06	-8.702105e-09	-1.835303e-08	-4.648051e+01	-3.030349e+03
6.740000e-06	-8.743361e-09	-1.838802e-08	-4.670099e+01	-3.036116e+03
6.750000e-06	-8.784086e-09	-1.842179e-08	-4.691861e+01	-3.041769e+03
6.760000e-06	-8.824303e-09	-1.845528e-08	-4.713359e+01	-3.047307e+03
6.770000e-06	-8.863962e-09	-1.848828e-08	-4.734568e+01	-3.052731e+03
6.780000e-06	-8.902902e-09	-1.852076e-08	-4.755399e+01	-3.058044e+03
6.790000e-06	-8.940977e-09	-1.855298e-08	-4.775758e+01	-3.063247e+03
6.800000e-06	-8.978218e-09	-1.858439e-08	-4.795660e+01	-3.068341e+03
6.810000e-06	-9.014771e-09	-1.861486e-08	-4.815197e+01	-3.073328e+03
6.820000e-06	-9.050764e-09	-1.864452e-08	-4.834440e+01	-3.078206e+03
6.830000e-06	-9.086177e-09	-1.867336e-08	-4.853375e+01	-3.082973e+03
6.840000e-06	-9.120943e-09	-1.870128e-08	-4.871959e+01	-3.087624e+03
6.850000e-06	-9.155058e-09	-1.872823e-08	-4.890188e+01	-3.092156e+03
6.860000e-06	-9.188511e-09	-1.875401e-08	-4.908065e+01	-3.096561e+03
6.870000e-06	-9.221376e-09	-1.877898e-08	-4.925628e+01	-3.100835e+03
6.880000e-06	-9.253715e-09	-1.880369e-08	-4.942914e+01	-3.104972e+03
6.890000e-06	-9.285460e-09	-1.882763e-08	-4.959888e+01	-3.108969e+03
6.900000e-06	-9.316438e-09	-1.885056e-08	-4.976452e+01	-3.112825e+03
6.910000e-06	-9.346468e-09	-1.887301e-08	-4.992499e+01	-3.116541e+03
6.920000e-06	-9.375606e-09	-1.889548e-08	-5.008058e+01	-3.120119e+03
6.930000e-06	-9.404078e-09	-1.891778e-08	-5.023266e+01	-3.123567e+03
6.940000e-06	-9.431992e-09	-1.893932e-08	-5.038194e+01	-3.126892e+03
6.950000e-06	-9.459296e-09	-1.895960e-08	-5.052795e+01	-3.130105e+03
6.960000e-06	-9.485929e-09	-1.897868e-08	-5.067026e+01	-3.133217e+03
6.970000e-06	-9.511854e-09	-1.899743e-08	-5.080878e+01	-3.136238e+03
6.980000e-06	-9.537068e-09	-1.901610e-08	-5.094349e+01	-3.139180e+03
6.990000e-06	-9.561687e-09	-1.903405e-08	-5.107502e+01	-3.142052e+03
7.000000e-06	-9.585834e-09	-1.905189e-08	-5.120410e+01	-3.144861e+03
7.010000e-06	-9.609398e-09	-1.907027e-08	-5.133010e+01	-3.147612e+03
7.020000e-06	-9.632088e-09	-1.908820e-08	-5.145132e+01	-3.150307e+03
7.030000e-06	-9.653766e-09	-1.910491e-08	-5.156704e+01	-3.152945e+03
7.040000e-06	-9.674616e-09	-1.912097e-08	-5.167840e+01	-3.155523e+03
7.050000e-06	-9.694893e-09	-1.913679e-08	-5.178678e+01	-3.158038e+03
7.060000e-06	-9.714637e-09	-1.915197e-08	-5.189234e+01	-3.160482e+03
7.070000e-06	-9.733737e-09	-1.916705e-08	-5.199447e+01	-3.162851e+03
7.080000e-06	-9.752156e-09	-1.918200e-08	-5.209295e+01	-3.165138e+03
7.090000e-06	-9.769897e-09	-1.919608e-08	-5.218782e+01	-3.167340e+03
7.100000e-06	-9.786965e-09	-1.920943e-08	-5.227909e+01	-3.169452e+03
7.110000e-06	-9.803460e-09	-1.922267e-08	-5.236729e+01	-3.171473e+03
7.120000e-06	-9.819387e-09	-1.923568e-08	-5.245251e+01	-3.173404e+03
7.130000e-06	-9.834479e-09	-1.924789e-08	-5.253330e+01	-3.175247e+03
7.140000e-06	-9.848469e-09	-1.925927e-08	-5.260809e+01	-3.177006e+03
7.150000e-06	-9.861451e-09	-1.926964e-08	-5.267741e+01	-3.178683e+03
7.160000e-06	-9.873693e-09	-1.927936e-08	-5.274281e+01	-3.180283e+03
7.170000e-06	-9.885256e-09	-1.928925e-08	-5.280465e+01	-3.181810e+03
7.180000e-06	-9.896102e-09	-1.929909e-08	-5.286272e+01	-3.183267e+03
7.190000e-06	-9.906283e-09	-1.930776e-08	-5.291720e+01	-3.184653e+03
7.200000e-06	-9.915781e-09	-1.931520e-08	-5.296800e+01	-3.185968e+03
7.210000e-06	-9.924606e-09	-1.932248e-08	-5.301522e+01	-3.187209e+03
7.220000e-06	-9.932891e-09	-1.933012e-08	-5.305956e+01	-3.188372e+03
7.230000e-06	-9.940577e-09	-1.933715e-08	-5.310081e+01	-3.189450e+03
7.240000e-06	-9.947375e-09	-1.934253e-08	-5.313735e+01	-3.190436e+03
7.250000e-06	-9.953139e-09	-1.934671e-08	-5.316827e+01	-3.191324e+03
7.260000e-06	-9.958044e-09	-1.935095e-08	-5.319453e+01	-3.192105e+03
7.270000e-06	-9.962341e-09	-1.935546e-08	-5.321760e+01	-3.192775e+03
7.280000e-06	-9.966074e-09	-1.935908e-08	-5.323769e+01	-3.193327e+03
7.290000e-06	-9.969159e-09	-1.936138e-08	-5.325431e+01	-3.193760e+03
7.300000e-06	-9.971608e-09	-1.936255e-08	-5.326750e+01	-3.194073e+03
7.310000e-06	-9.973379e-09	-1.936293e-08	-5.327705e+01	-3.194266e+03
7.320000e-06	-9.974406e-09	-1.936290e-08	-5.328263e+01	-3.194342e+03
