# Concentracion g/m^3_=_53300.0
# C_Vs_to_Am_M_A/Vsm_=_128687336408.14134
# pendiente_HvsI_1/m_=_3716.3
# ordenada_HvsI_A/m_=_1297.0
# frecuencia_Hz_=_136394.01222008176
# Promedio de 31 ciclos

Tiempo_(s)	Campo_(V.s)	Magnetizacion_(V.s)	Campo_(kA/m)	Magnetizacion_(A/m)
0.000000e+00	-8.478119e-09	-2.259203e-08	-4.579686e+01	-3.473703e+03
1.000000e-08	-8.478141e-09	-2.259043e-08	-4.579694e+01	-3.473574e+03
2.000000e-08	-8.477680e-09	-2.258887e-08	-4.579435e+01	-3.473309e+03
3.000000e-08	-8.476497e-09	-2.258678e-08	-4.578784e+01	-3.472912e+03
4.000000e-08	-8.474434e-09	-2.258352e-08	-4.577655e+01	-3.472387e+03
5.000000e-08	-8.471527e-09	-2.258006e-08	-4.576072e+01	-3.471740e+03
6.000000e-08	-8.468005e-09	-2.257642e-08	-4.574158e+01	-3.470977e+03
7.000000e-08	-8.464084e-09	-2.257249e-08	-4.572035e+01	-3.470107e+03
8.000000e-08	-8.459753e-09	-2.257031e-08	-4.569684e+01	-3.469138e+03
9.000000e-08	-8.454745e-09	-2.256448e-08	-4.566955e+01	-3.468077e+03
1.000000e-07	-8.448758e-09	-2.254414e-08	-4.563699e+01	-3.466933e+03
1.100000e-07	-8.441778e-09	-2.252405e-08	-4.559910e+01	-3.465715e+03
1.200000e-07	-8.434166e-09	-2.253749e-08	-4.555791e+01	-3.464428e+03
1.300000e-07	-8.426342e-09	-2.255919e-08	-4.551568e+01	-3.463081e+03
1.400000e-07	-8.418276e-09	-2.252535e-08	-4.547208e+01	-3.461679e+03
1.500000e-07	-8.409453e-09	-2.246772e-08	-4.542419e+01	-3.460228e+03
1.600000e-07	-8.399612e-09	-2.248950e-08	-4.537076e+01	-3.458733e+03
1.700000e-07	-8.389157e-09	-2.253942e-08	-4.531418e+01	-3.457197e+03
1.800000e-07	-8.378317e-09	-2.247558e-08	-4.525551e+01	-3.455625e+03
1.900000e-07	-8.366748e-09	-2.239085e-08	-4.519277e+01	-3.454018e+03
2.000000e-07	-8.354374e-09	-2.244484e-08	-4.512571e+01	-3.452378e+03
2.100000e-07	-8.341500e-09	-2.250105e-08	-4.505603e+01	-3.450706e+03
2.200000e-07	-8.328047e-09	-2.241313e-08	-4.498322e+01	-3.449001e+03
2.300000e-07	-8.313720e-09	-2.235810e-08	-4.490564e+01	-3.447261e+03
2.400000e-07	-8.298548e-09	-2.242657e-08	-4.482365e+01	-3.445482e+03
2.500000e-07	-8.282638e-09	-2.241736e-08	-4.473769e+01	-3.443661e+03
2.600000e-07	-8.265940e-09	-2.232302e-08	-4.464738e+01	-3.441790e+03
2.700000e-07	-8.248574e-09	-2.233249e-08	-4.455353e+01	-3.439862e+03
2.800000e-07	-8.230742e-09	-2.236904e-08	-4.445717e+01	-3.437868e+03
2.900000e-07	-8.212342e-09	-2.229437e-08	-4.435769e+01	-3.435795e+03
3.000000e-07	-8.193252e-09	-2.225634e-08	-4.425448e+01	-3.433632e+03
3.100000e-07	-8.173640e-09	-2.230524e-08	-4.414854e+01	-3.431364e+03
3.200000e-07	-8.153666e-09	-2.225803e-08	-4.404060e+01	-3.428979e+03
3.300000e-07	-8.133239e-09	-2.216912e-08	-4.393013e+01	-3.426460e+03
3.400000e-07	-8.112330e-09	-2.220337e-08	-4.381705e+01	-3.423793e+03
3.500000e-07	-8.090959e-09	-2.222325e-08	-4.370152e+01	-3.420964e+03
3.600000e-07	-8.069031e-09	-2.213063e-08	-4.358294e+01	-3.417959e+03
3.700000e-07	-8.046490e-09	-2.209995e-08	-4.346101e+01	-3.414766e+03
3.800000e-07	-8.023375e-09	-2.213484e-08	-4.333598e+01	-3.411375e+03
3.900000e-07	-7.999763e-09	-2.208199e-08	-4.320832e+01	-3.407778e+03
4.000000e-07	-7.975684e-09	-2.201727e-08	-4.307814e+01	-3.403968e+03
4.100000e-07	-7.951026e-09	-2.202349e-08	-4.294479e+01	-3.399943e+03
4.200000e-07	-7.925522e-09	-2.199361e-08	-4.280679e+01	-3.395703e+03
4.300000e-07	-7.899042e-09	-2.193377e-08	-4.266357e+01	-3.391250e+03
4.400000e-07	-7.871798e-09	-2.192829e-08	-4.251637e+01	-3.386589e+03
4.500000e-07	-7.844077e-09	-2.190801e-08	-4.236664e+01	-3.381726e+03
4.600000e-07	-7.816000e-09	-2.184370e-08	-4.221488e+01	-3.376673e+03
4.700000e-07	-7.787503e-09	-2.181572e-08	-4.206081e+01	-3.371437e+03
4.800000e-07	-7.758472e-09	-2.179946e-08	-4.190385e+01	-3.366033e+03
4.900000e-07	-7.728870e-09	-2.174681e-08	-4.174382e+01	-3.360470e+03
5.000000e-07	-7.698736e-09	-2.170777e-08	-4.158094e+01	-3.354760e+03
5.100000e-07	-7.668077e-09	-2.168489e-08	-4.141527e+01	-3.348914e+03
5.200000e-07	-7.636892e-09	-2.163984e-08	-4.124676e+01	-3.342941e+03
5.300000e-07	-7.605249e-09	-2.159770e-08	-4.107574e+01	-3.336848e+03
5.400000e-07	-7.573211e-09	-2.156550e-08	-4.090252e+01	-3.330640e+03
5.500000e-07	-7.540657e-09	-2.151692e-08	-4.072647e+01	-3.324320e+03
5.600000e-07	-7.507348e-09	-2.147075e-08	-4.054630e+01	-3.317888e+03
5.700000e-07	-7.473167e-09	-2.143598e-08	-4.036149e+01	-3.311343e+03
5.800000e-07	-7.438219e-09	-2.139030e-08	-4.017267e+01	-3.304679e+03
5.900000e-07	-7.402730e-09	-2.134354e-08	-3.998093e+01	-3.297892e+03
6.000000e-07	-7.366872e-09	-2.130477e-08	-3.978718e+01	-3.290975e+03
6.100000e-07	-7.330646e-09	-2.125662e-08	-3.959138e+01	-3.283919e+03
6.200000e-07	-7.293924e-09	-2.120398e-08	-3.939287e+01	-3.276717e+03
6.300000e-07	-7.256638e-09	-2.115901e-08	-3.919135e+01	-3.269361e+03
6.400000e-07	-7.218810e-09	-2.111209e-08	-3.898691e+01	-3.261845e+03
6.500000e-07	-7.180455e-09	-2.106083e-08	-3.877962e+01	-3.254164e+03
6.600000e-07	-7.141587e-09	-2.101165e-08	-3.856959e+01	-3.246313e+03
6.700000e-07	-7.102246e-09	-2.096026e-08	-3.835697e+01	-3.238291e+03
6.800000e-07	-7.062481e-09	-2.090507e-08	-3.814202e+01	-3.230096e+03
6.900000e-07	-7.022291e-09	-2.085048e-08	-3.792473e+01	-3.221731e+03
7.000000e-07	-6.981572e-09	-2.079483e-08	-3.770454e+01	-3.213195e+03
7.100000e-07	-6.940181e-09	-2.073682e-08	-3.748069e+01	-3.204494e+03
7.200000e-07	-6.898043e-09	-2.067885e-08	-3.725287e+01	-3.195628e+03
7.300000e-07	-6.855240e-09	-2.062230e-08	-3.702154e+01	-3.186601e+03
7.400000e-07	-6.811917e-09	-2.056593e-08	-3.678744e+01	-3.177416e+03
7.500000e-07	-6.768177e-09	-2.050587e-08	-3.655112e+01	-3.168072e+03
7.600000e-07	-6.724070e-09	-2.044151e-08	-3.631275e+01	-3.158571e+03
7.700000e-07	-6.679570e-09	-2.037730e-08	-3.607222e+01	-3.148909e+03
7.800000e-07	-6.634589e-09	-2.031328e-08	-3.582910e+01	-3.139086e+03
7.900000e-07	-6.589088e-09	-2.024670e-08	-3.558322e+01	-3.129095e+03
8.000000e-07	-6.543097e-09	-2.017995e-08	-3.533464e+01	-3.118932e+03
8.100000e-07	-6.496630e-09	-2.011455e-08	-3.508354e+01	-3.108591e+03
8.200000e-07	-6.449698e-09	-2.004773e-08	-3.482998e+01	-3.098067e+03
8.300000e-07	-6.402323e-09	-1.997909e-08	-3.457401e+01	-3.087354e+03
8.400000e-07	-6.354550e-09	-1.990879e-08	-3.431588e+01	-3.076447e+03
8.500000e-07	-6.306397e-09	-1.983524e-08	-3.405567e+01	-3.065341e+03
8.600000e-07	-6.257791e-09	-1.975961e-08	-3.379303e+01	-3.054036e+03
8.700000e-07	-6.208634e-09	-1.968453e-08	-3.352741e+01	-3.042529e+03
8.800000e-07	-6.158848e-09	-1.960918e-08	-3.325841e+01	-3.030820e+03
8.900000e-07	-6.108408e-09	-1.953273e-08	-3.298595e+01	-3.018911e+03
9.000000e-07	-6.057356e-09	-1.945635e-08	-3.271020e+01	-3.006805e+03
9.100000e-07	-6.005757e-09	-1.937886e-08	-3.243144e+01	-2.994502e+03
9.200000e-07	-5.953659e-09	-1.929774e-08	-3.215001e+01	-2.982006e+03
9.300000e-07	-5.901074e-09	-1.921343e-08	-3.186597e+01	-2.969317e+03
9.400000e-07	-5.848017e-09	-1.912800e-08	-3.157940e+01	-2.956437e+03
9.500000e-07	-5.794539e-09	-1.904201e-08	-3.129051e+01	-2.943365e+03
9.600000e-07	-5.740657e-09	-1.895489e-08	-3.099948e+01	-2.930097e+03
9.700000e-07	-5.686367e-09	-1.886681e-08	-3.070630e+01	-2.916631e+03
9.800000e-07	-5.631678e-09	-1.877767e-08	-3.041095e+01	-2.902959e+03
9.900000e-07	-5.576598e-09	-1.868716e-08	-3.011350e+01	-2.889075e+03
1.000000e-06	-5.521184e-09	-1.859597e-08	-2.981424e+01	-2.874970e+03
1.010000e-06	-5.465497e-09	-1.850389e-08	-2.951348e+01	-2.860634e+03
1.020000e-06	-5.409542e-09	-1.840929e-08	-2.921120e+01	-2.846060e+03
1.030000e-06	-5.353282e-09	-1.831199e-08	-2.890729e+01	-2.831236e+03
1.040000e-06	-5.296645e-09	-1.821366e-08	-2.860139e+01	-2.816156e+03
1.050000e-06	-5.239535e-09	-1.811448e-08	-2.829294e+01	-2.800811e+03
1.060000e-06	-5.181865e-09	-1.801346e-08	-2.798152e+01	-2.785196e+03
1.070000e-06	-5.123599e-09	-1.791076e-08	-2.766690e+01	-2.769305e+03
1.080000e-06	-5.064768e-09	-1.780635e-08	-2.734919e+01	-2.753134e+03
1.090000e-06	-5.005466e-09	-1.769949e-08	-2.702891e+01	-2.736681e+03
1.100000e-06	-4.945815e-09	-1.759063e-08	-2.670667e+01	-2.719943e+03
1.110000e-06	-4.885868e-09	-1.747979e-08	-2.638281e+01	-2.702920e+03
1.120000e-06	-4.825642e-09	-1.736593e-08	-2.605748e+01	-2.685608e+03
1.130000e-06	-4.765161e-09	-1.725005e-08	-2.573079e+01	-2.668006e+03
1.140000e-06	-4.704425e-09	-1.713376e-08	-2.540273e+01	-2.650112e+03
1.150000e-06	-4.643409e-09	-1.701661e-08	-2.507311e+01	-2.631921e+03
1.160000e-06	-4.582083e-09	-1.689796e-08	-2.474177e+01	-2.613429e+03
1.170000e-06	-4.520426e-09	-1.677715e-08	-2.440875e+01	-2.594629e+03
1.180000e-06	-4.458457e-09	-1.665403e-08	-2.407408e+01	-2.575516e+03
1.190000e-06	-4.396175e-09	-1.652922e-08	-2.373768e+01	-2.556083e+03
1.200000e-06	-4.333564e-09	-1.640259e-08	-2.339950e+01	-2.536320e+03
1.210000e-06	-4.270619e-09	-1.627331e-08	-2.305954e+01	-2.516220e+03
1.220000e-06	-4.207371e-09	-1.614070e-08	-2.271796e+01	-2.495776e+03
1.230000e-06	-4.143860e-09	-1.600502e-08	-2.237497e+01	-2.474979e+03
1.240000e-06	-4.080100e-09	-1.586749e-08	-2.203065e+01	-2.453822e+03
1.250000e-06	-4.016121e-09	-1.572851e-08	-2.168506e+01	-2.432297e+03
1.260000e-06	-3.951939e-09	-1.558700e-08	-2.133832e+01	-2.410397e+03
1.270000e-06	-3.887504e-09	-1.544282e-08	-2.099026e+01	-2.388115e+03
1.280000e-06	-3.822797e-09	-1.529669e-08	-2.064081e+01	-2.365443e+03
1.290000e-06	-3.757825e-09	-1.514881e-08	-2.028992e+01	-2.342372e+03
1.300000e-06	-3.692532e-09	-1.499879e-08	-1.993731e+01	-2.318893e+03
1.310000e-06	-3.626876e-09	-1.484512e-08	-1.958273e+01	-2.294995e+03
1.320000e-06	-3.560841e-09	-1.468675e-08	-1.922611e+01	-2.270667e+03
1.330000e-06	-3.494417e-09	-1.452481e-08	-1.886745e+01	-2.245894e+03
1.340000e-06	-3.427622e-09	-1.436012e-08	-1.850681e+01	-2.220662e+03
1.350000e-06	-3.360499e-09	-1.419209e-08	-1.814432e+01	-2.194957e+03
1.360000e-06	-3.293096e-09	-1.402056e-08	-1.778024e+01	-2.168762e+03
1.370000e-06	-3.225467e-09	-1.384603e-08	-1.741492e+01	-2.142062e+03
1.380000e-06	-3.157659e-09	-1.366885e-08	-1.704867e+01	-2.114841e+03
1.390000e-06	-3.089689e-09	-1.348900e-08	-1.668156e+01	-2.087085e+03
1.400000e-06	-3.021580e-09	-1.330573e-08	-1.631368e+01	-2.058780e+03
1.410000e-06	-2.953342e-09	-1.311804e-08	-1.594512e+01	-2.029916e+03
1.420000e-06	-2.884948e-09	-1.292584e-08	-1.557576e+01	-2.000481e+03
1.430000e-06	-2.816390e-09	-1.273043e-08	-1.520548e+01	-1.970466e+03
1.440000e-06	-2.747654e-09	-1.253330e-08	-1.483425e+01	-1.939861e+03
1.450000e-06	-2.678736e-09	-1.233329e-08	-1.446204e+01	-1.908659e+03
1.460000e-06	-2.609624e-09	-1.212847e-08	-1.408877e+01	-1.876848e+03
1.470000e-06	-2.540292e-09	-1.191843e-08	-1.371429e+01	-1.844417e+03
1.480000e-06	-2.470728e-09	-1.170354e-08	-1.333857e+01	-1.811352e+03
1.490000e-06	-2.400931e-09	-1.148387e-08	-1.296159e+01	-1.777636e+03
1.500000e-06	-2.330913e-09	-1.125928e-08	-1.258334e+01	-1.743249e+03
1.510000e-06	-2.260698e-09	-1.102987e-08	-1.220400e+01	-1.708166e+03
1.520000e-06	-2.190333e-09	-1.079591e-08	-1.182391e+01	-1.672359e+03
1.530000e-06	-2.119833e-09	-1.055763e-08	-1.144314e+01	-1.635799e+03
1.540000e-06	-2.049220e-09	-1.031476e-08	-1.106180e+01	-1.598452e+03
1.550000e-06	-1.978508e-09	-1.006672e-08	-1.067992e+01	-1.560285e+03
1.560000e-06	-1.907679e-09	-9.812845e-09	-1.029736e+01	-1.521262e+03
1.570000e-06	-1.836722e-09	-9.552861e-09	-9.914174e+00	-1.481351e+03
1.580000e-06	-1.765631e-09	-9.286875e-09	-9.530286e+00	-1.440519e+03
1.590000e-06	-1.694421e-09	-9.014966e-09	-9.145708e+00	-1.398737e+03
1.600000e-06	-1.623091e-09	-8.737116e-09	-8.760455e+00	-1.355977e+03
1.610000e-06	-1.551632e-09	-8.452887e-09	-8.374447e+00	-1.312215e+03
1.620000e-06	-1.480046e-09	-8.161699e-09	-7.987689e+00	-1.267426e+03
1.630000e-06	-1.408349e-09	-7.863781e-09	-7.600375e+00	-1.221588e+03
1.640000e-06	-1.336572e-09	-7.559283e-09	-7.212643e+00	-1.174677e+03
1.650000e-06	-1.264719e-09	-7.247140e-09	-6.824528e+00	-1.126667e+03
1.660000e-06	-1.192809e-09	-6.926290e-09	-6.436143e+00	-1.077529e+03
1.670000e-06	-1.120850e-09	-6.596966e-09	-6.047445e+00	-1.027226e+03
1.680000e-06	-1.048831e-09	-6.260414e-09	-5.658383e+00	-9.757175e+02
1.690000e-06	-9.767404e-10	-5.916930e-09	-5.268940e+00	-9.229560e+02
1.700000e-06	-9.045760e-10	-5.565292e-09	-4.879082e+00	-8.688878e+02
1.710000e-06	-8.323523e-10	-5.204187e-09	-4.488881e+00	-8.134550e+02
1.720000e-06	-7.600731e-10	-4.833167e-09	-4.098416e+00	-7.565984e+02
1.730000e-06	-6.877398e-10	-4.452678e-09	-3.707751e+00	-6.982603e+02
1.740000e-06	-6.153636e-10	-4.063124e-09	-3.316861e+00	-6.383895e+02
1.750000e-06	-5.429435e-10	-3.663715e-09	-2.925621e+00	-5.769461e+02
1.760000e-06	-4.704633e-10	-3.253340e-09	-2.534016e+00	-5.139071e+02
1.770000e-06	-3.979297e-10	-2.832587e-09	-2.142170e+00	-4.492713e+02
1.780000e-06	-3.253614e-10	-2.402736e-09	-1.750181e+00	-3.830650e+02
1.790000e-06	-2.527781e-10	-1.964137e-09	-1.358109e+00	-3.153457e+02
1.800000e-06	-1.801810e-10	-1.516198e-09	-9.659419e-01	-2.462057e+02
1.810000e-06	-1.075608e-10	-1.058860e-09	-5.736826e-01	-1.757734e+02
1.820000e-06	-3.493349e-11	-5.942468e-10	-1.813453e-01	-1.042135e+02
1.830000e-06	3.766291e-11	-1.246108e-10	2.108650e-01	-3.172507e+01
1.840000e-06	1.102088e-10	3.499000e-10	6.027452e-01	4.146206e+01
1.850000e-06	1.827378e-10	8.287859e-10	9.945590e-01	1.150926e+02
1.860000e-06	2.552520e-10	1.309227e-09	1.386292e+00	1.888928e+02
1.870000e-06	3.277569e-10	1.788024e-09	1.777905e+00	2.625781e+02
1.880000e-06	4.002686e-10	2.262925e-09	2.169556e+00	3.358621e+02
1.890000e-06	4.727537e-10	2.732365e-09	2.561042e+00	4.084650e+02
1.900000e-06	5.451961e-10	3.195405e-09	2.952279e+00	4.801227e+02
1.910000e-06	6.175999e-10	3.650339e-09	3.343325e+00	5.505941e+02
1.920000e-06	6.899498e-10	4.095362e-09	3.734117e+00	6.196679e+02
1.930000e-06	7.622506e-10	4.528952e-09	4.124705e+00	6.871676e+02
1.940000e-06	8.344975e-10	4.950527e-09	4.514981e+00	7.529547e+02
1.950000e-06	9.066597e-10	5.361025e-09	4.904796e+00	8.169301e+02
1.960000e-06	9.787493e-10	5.760396e-09	5.294236e+00	8.790333e+02
1.970000e-06	1.050767e-09	6.147217e-09	5.683289e+00	9.392402e+02
1.980000e-06	1.122706e-09	6.521058e-09	6.071883e+00	9.975592e+02
1.990000e-06	1.194571e-09	6.883615e-09	6.460047e+00	1.054026e+03
2.000000e-06	1.266377e-09	7.236418e-09	6.847874e+00	1.108699e+03
2.010000e-06	1.338126e-09	7.578906e-09	7.235410e+00	1.161650e+03
2.020000e-06	1.409788e-09	7.910417e-09	7.622503e+00	1.212962e+03
2.030000e-06	1.481351e-09	8.231581e-09	8.009110e+00	1.262721e+03
2.040000e-06	1.552833e-09	8.543046e-09	8.395278e+00	1.311013e+03
2.050000e-06	1.624217e-09	8.845458e-09	8.780873e+00	1.357919e+03
2.060000e-06	1.695477e-09	9.139284e-09	9.165811e+00	1.403512e+03
2.070000e-06	1.766627e-09	9.424602e-09	9.550145e+00	1.447857e+03
2.080000e-06	1.837654e-09	9.702041e-09	9.933781e+00	1.491011e+03
2.090000e-06	1.908527e-09	9.972504e-09	1.031657e+01	1.533020e+03
2.100000e-06	1.979246e-09	1.023620e-08	1.069848e+01	1.573926e+03
2.110000e-06	2.049831e-09	1.049253e-08	1.107967e+01	1.613763e+03
2.120000e-06	2.120288e-09	1.074143e-08	1.146017e+01	1.652565e+03
2.130000e-06	2.190591e-09	1.098392e-08	1.183986e+01	1.690363e+03
2.140000e-06	2.260735e-09	1.122075e-08	1.221875e+01	1.727189e+03
2.150000e-06	2.330719e-09	1.145199e-08	1.259671e+01	1.763076e+03
2.160000e-06	2.400549e-09	1.167788e-08	1.297377e+01	1.798060e+03
2.170000e-06	2.470214e-09	1.189855e-08	1.334998e+01	1.832179e+03
2.180000e-06	2.539674e-09	1.211364e-08	1.372508e+01	1.865476e+03
2.190000e-06	2.608921e-09	1.232333e-08	1.409898e+01	1.897990e+03
2.200000e-06	2.677966e-09	1.252839e-08	1.447181e+01	1.929762e+03
2.210000e-06	2.746816e-09	1.272897e-08	1.484362e+01	1.960834e+03
2.220000e-06	2.815481e-09	1.292492e-08	1.521445e+01	1.991241e+03
2.230000e-06	2.883960e-09	1.311700e-08	1.558428e+01	2.021015e+03
2.240000e-06	2.952256e-09	1.330560e-08	1.595313e+01	2.050185e+03
2.250000e-06	3.020372e-09	1.348995e-08	1.632102e+01	2.078772e+03
2.260000e-06	3.088314e-09	1.366987e-08	1.668794e+01	2.106793e+03
2.270000e-06	3.156095e-09	1.384594e-08	1.705398e+01	2.134261e+03
2.280000e-06	3.223714e-09	1.401876e-08	1.741917e+01	2.161184e+03
2.290000e-06	3.291153e-09	1.418911e-08	1.778338e+01	2.187570e+03
2.300000e-06	3.358371e-09	1.435681e-08	1.814635e+01	2.213422e+03
2.310000e-06	3.425323e-09	1.452052e-08	1.850784e+01	2.238747e+03
2.320000e-06	3.491953e-09	1.467979e-08	1.886759e+01	2.263552e+03
2.330000e-06	3.558229e-09	1.483551e-08	1.922544e+01	2.287846e+03
2.340000e-06	3.624138e-09	1.498832e-08	1.958134e+01	2.311643e+03
2.350000e-06	3.689673e-09	1.513821e-08	1.993520e+01	2.334959e+03
2.360000e-06	3.754846e-09	1.528477e-08	2.028708e+01	2.357812e+03
2.370000e-06	3.819681e-09	1.542836e-08	2.063712e+01	2.380223e+03
2.380000e-06	3.884197e-09	1.557009e-08	2.098542e+01	2.402217e+03
2.390000e-06	3.948419e-09	1.571083e-08	2.133216e+01	2.423814e+03
2.400000e-06	4.012385e-09	1.584980e-08	2.167757e+01	2.445038e+03
2.410000e-06	4.076127e-09	1.598554e-08	2.202179e+01	2.465907e+03
2.420000e-06	4.139648e-09	1.611780e-08	2.236481e+01	2.486438e+03
2.430000e-06	4.202930e-09	1.624666e-08	2.270655e+01	2.506643e+03
2.440000e-06	4.265954e-09	1.637278e-08	2.304693e+01	2.526530e+03
2.450000e-06	4.328715e-09	1.649692e-08	2.338587e+01	2.546102e+03
2.460000e-06	4.391201e-09	1.661907e-08	2.372330e+01	2.565362e+03
2.470000e-06	4.453389e-09	1.673936e-08	2.405910e+01	2.584305e+03
2.480000e-06	4.515256e-09	1.685836e-08	2.439314e+01	2.602928e+03
2.490000e-06	4.576775e-09	1.697604e-08	2.472525e+01	2.621228e+03
2.500000e-06	4.637943e-09	1.709193e-08	2.505550e+01	2.639199e+03
2.510000e-06	4.698797e-09	1.720580e-08	2.538410e+01	2.656841e+03
2.520000e-06	4.759359e-09	1.731775e-08	2.571111e+01	2.674155e+03
2.530000e-06	4.819646e-09	1.742788e-08	2.603662e+01	2.691145e+03
2.540000e-06	4.879685e-09	1.753611e-08	2.636079e+01	2.707818e+03
2.550000e-06	4.939467e-09	1.764242e-08	2.668358e+01	2.724186e+03
2.560000e-06	4.998957e-09	1.774625e-08	2.700480e+01	2.740263e+03
2.570000e-06	5.058107e-09	1.784751e-08	2.732417e+01	2.756064e+03
2.580000e-06	5.116833e-09	1.794688e-08	2.764131e+01	2.771605e+03
2.590000e-06	5.175064e-09	1.804461e-08	2.795573e+01	2.786903e+03
2.600000e-06	5.232739e-09	1.814084e-08	2.826707e+01	2.801972e+03
2.610000e-06	5.289833e-09	1.823569e-08	2.857532e+01	2.816824e+03
2.620000e-06	5.346420e-09	1.832907e-08	2.888079e+01	2.831469e+03
2.630000e-06	5.402608e-09	1.842053e-08	2.918408e+01	2.845910e+03
2.640000e-06	5.458455e-09	1.851033e-08	2.948563e+01	2.860151e+03
2.650000e-06	5.513967e-09	1.859925e-08	2.978537e+01	2.874189e+03
2.660000e-06	5.569145e-09	1.868742e-08	3.008327e+01	2.888019e+03
2.670000e-06	5.623970e-09	1.877508e-08	3.037932e+01	2.901636e+03
2.680000e-06	5.678422e-09	1.886197e-08	3.067339e+01	2.915032e+03
2.690000e-06	5.732510e-09	1.894728e-08	3.096547e+01	2.928200e+03
2.700000e-06	5.786228e-09	1.903088e-08	3.125550e+01	2.941135e+03
2.710000e-06	5.839535e-09	1.911280e-08	3.154331e+01	2.953833e+03
2.720000e-06	5.892414e-09	1.919312e-08	3.182879e+01	2.966294e+03
2.730000e-06	5.944862e-09	1.927184e-08	3.211194e+01	2.978521e+03
2.740000e-06	5.996819e-09	1.934909e-08	3.239248e+01	2.990519e+03
2.750000e-06	6.048238e-09	1.942511e-08	3.267014e+01	3.002298e+03
2.760000e-06	6.099065e-09	1.949989e-08	3.294456e+01	3.013870e+03
2.770000e-06	6.149219e-09	1.957327e-08	3.321534e+01	3.025249e+03
2.780000e-06	6.198691e-09	1.964521e-08	3.348249e+01	3.036448e+03
2.790000e-06	6.247547e-09	1.971576e-08	3.374633e+01	3.047483e+03
2.800000e-06	6.295904e-09	1.978485e-08	3.400753e+01	3.058365e+03
2.810000e-06	6.343871e-09	1.985277e-08	3.426661e+01	3.069105e+03
2.820000e-06	6.391489e-09	1.991959e-08	3.452381e+01	3.079712e+03
2.830000e-06	6.438711e-09	1.998593e-08	3.477893e+01	3.090190e+03
2.840000e-06	6.485492e-09	2.005232e-08	3.503169e+01	3.100539e+03
2.850000e-06	6.531810e-09	2.011824e-08	3.528189e+01	3.110758e+03
2.860000e-06	6.577646e-09	2.018305e-08	3.552948e+01	3.120842e+03
2.870000e-06	6.622997e-09	2.024670e-08	3.577444e+01	3.130784e+03
2.880000e-06	6.667884e-09	2.030949e-08	3.601684e+01	3.140573e+03
2.890000e-06	6.712351e-09	2.037111e-08	3.625691e+01	3.150201e+03
2.900000e-06	6.756454e-09	2.043147e-08	3.649505e+01	3.159658e+03
2.910000e-06	6.800219e-09	2.049107e-08	3.673146e+01	3.168935e+03
2.920000e-06	6.843597e-09	2.054996e-08	3.696588e+01	3.178024e+03
2.930000e-06	6.886458e-09	2.060774e-08	3.719756e+01	3.186919e+03
2.940000e-06	6.928644e-09	2.066425e-08	3.742558e+01	3.195618e+03
2.950000e-06	6.970079e-09	2.071953e-08	3.764944e+01	3.204120e+03
2.960000e-06	7.010834e-09	2.077341e-08	3.786958e+01	3.212425e+03
2.970000e-06	7.051063e-09	2.082588e-08	3.808686e+01	3.220537e+03
2.980000e-06	7.090884e-09	2.087724e-08	3.830194e+01	3.228463e+03
2.990000e-06	7.130316e-09	2.092728e-08	3.851496e+01	3.236207e+03
3.000000e-06	7.169295e-09	2.097611e-08	3.872553e+01	3.243778e+03
3.010000e-06	7.207767e-09	2.102425e-08	3.893337e+01	3.251184e+03
3.020000e-06	7.245701e-09	2.107170e-08	3.913829e+01	3.258434e+03
3.030000e-06	7.283076e-09	2.111835e-08	3.934022e+01	3.265535e+03
3.040000e-06	7.319925e-09	2.116355e-08	3.953923e+01	3.272497e+03
3.050000e-06	7.356311e-09	2.120713e-08	3.973570e+01	3.279326e+03
3.060000e-06	7.392319e-09	2.124976e-08	3.993021e+01	3.286029e+03
3.070000e-06	7.427980e-09	2.129212e-08	4.012289e+01	3.292614e+03
3.080000e-06	7.463186e-09	2.133412e-08	4.031312e+01	3.299085e+03
3.090000e-06	7.497777e-09	2.137502e-08	4.050003e+01	3.305448e+03
3.100000e-06	7.531605e-09	2.141459e-08	4.068278e+01	3.311706e+03
3.110000e-06	7.564621e-09	2.145331e-08	4.086111e+01	3.317864e+03
3.120000e-06	7.596988e-09	2.149206e-08	4.103593e+01	3.323923e+03
3.130000e-06	7.628888e-09	2.153041e-08	4.120825e+01	3.329885e+03
3.140000e-06	7.660368e-09	2.156779e-08	4.137831e+01	3.335748e+03
3.150000e-06	7.691361e-09	2.160509e-08	4.154577e+01	3.341512e+03
3.160000e-06	7.721809e-09	2.164208e-08	4.171023e+01	3.347173e+03
3.170000e-06	7.751703e-09	2.167768e-08	4.187173e+01	3.352728e+03
3.180000e-06	7.781014e-09	2.171147e-08	4.203011e+01	3.358170e+03
3.190000e-06	7.809775e-09	2.174436e-08	4.218548e+01	3.363494e+03
3.200000e-06	7.838081e-09	2.177748e-08	4.233840e+01	3.368691e+03
3.210000e-06	7.866030e-09	2.181065e-08	4.248940e+01	3.373756e+03
3.220000e-06	7.893614e-09	2.184296e-08	4.263846e+01	3.378680e+03
3.230000e-06	7.920657e-09	2.187380e-08	4.278465e+01	3.383458e+03
3.240000e-06	7.946913e-09	2.190337e-08	4.292662e+01	3.388084e+03
3.250000e-06	7.972259e-09	2.193199e-08	4.306366e+01	3.392555e+03
3.260000e-06	7.996817e-09	2.195966e-08	4.319634e+01	3.396868e+03
3.270000e-06	8.020784e-09	2.198611e-08	4.332579e+01	3.401024e+03
3.280000e-06	8.044236e-09	2.201132e-08	4.345248e+01	3.405025e+03
3.290000e-06	8.067131e-09	2.203573e-08	4.357611e+01	3.408877e+03
3.300000e-06	8.089456e-09	2.205974e-08	4.369662e+01	3.412585e+03
3.310000e-06	8.111227e-09	2.208299e-08	4.381416e+01	3.416158e+03
3.320000e-06	8.132440e-09	2.210488e-08	4.392866e+01	3.419603e+03
3.330000e-06	8.153108e-09	2.212537e-08	4.404017e+01	3.422932e+03
3.340000e-06	8.173301e-09	2.214498e-08	4.414916e+01	3.426151e+03
3.350000e-06	8.193099e-09	2.216451e-08	4.425609e+01	3.429271e+03
3.360000e-06	8.212477e-09	2.218398e-08	4.436073e+01	3.432299e+03
3.370000e-06	8.231297e-09	2.220273e-08	4.446226e+01	3.435239e+03
3.380000e-06	8.249451e-09	2.222042e-08	4.456015e+01	3.438098e+03
3.390000e-06	8.266971e-09	2.223732e-08	4.465466e+01	3.440878e+03
3.400000e-06	8.283946e-09	2.225358e-08	4.474629e+01	3.443578e+03
3.410000e-06	8.300350e-09	2.226902e-08	4.483489e+01	3.446200e+03
3.420000e-06	8.316063e-09	2.228384e-08	4.491976e+01	3.448741e+03
3.430000e-06	8.330998e-09	2.229820e-08	4.500033e+01	3.451199e+03
3.440000e-06	8.345215e-09	2.231213e-08	4.507695e+01	3.453572e+03
3.450000e-06	8.358800e-09	2.232587e-08	4.515023e+01	3.455855e+03
3.460000e-06	8.371749e-09	2.233939e-08	4.522010e+01	3.458048e+03
3.470000e-06	8.384105e-09	2.235234e-08	4.528673e+01	3.460147e+03
3.480000e-06	8.395914e-09	2.236459e-08	4.535043e+01	3.462153e+03
3.490000e-06	8.407101e-09	2.237650e-08	4.541086e+01	3.464063e+03
3.500000e-06	8.417481e-09	2.238813e-08	4.546696e+01	3.465880e+03
3.510000e-06	8.426913e-09	2.239907e-08	4.551788e+01	3.467602e+03
3.520000e-06	8.435512e-09	2.240911e-08	4.556427e+01	3.469231e+03
3.530000e-06	8.443553e-09	2.241865e-08	4.560768e+01	3.470768e+03
3.540000e-06	8.451151e-09	2.242793e-08	4.564869e+01	3.472212e+03
3.550000e-06	8.458218e-09	2.243647e-08	4.568675e+01	3.473564e+03
3.560000e-06	8.464663e-09	2.244421e-08	4.572146e+01	3.474822e+03
3.570000e-06	8.470485e-09	2.245137e-08	4.575293e+01	3.475984e+03
3.580000e-06	8.475698e-09	2.245840e-08	4.578109e+01	3.477047e+03
3.590000e-06	8.480314e-09	2.246522e-08	4.580599e+01	3.478006e+03
3.600000e-06	8.484439e-09	2.247073e-08	4.582823e+01	3.478856e+03
3.610000e-06	8.488178e-09	2.247499e-08	4.584838e+01	3.479591e+03
3.620000e-06	8.491422e-09	2.247900e-08	4.586586e+01	3.480207e+03
3.630000e-06	8.493931e-09	2.248247e-08	4.587934e+01	3.480698e+03
3.640000e-06	8.495526e-09	2.248449e-08	4.588786e+01	3.481058e+03
3.650000e-06	8.496268e-09	2.248539e-08	4.589183e+01	3.481285e+03
3.660000e-06	8.496409e-09	2.248586e-08	4.589259e+01	3.481375e+03
3.670000e-06	8.496108e-09	2.248573e-08	4.589095e+01	3.481328e+03
3.680000e-06	8.495334e-09	2.248462e-08	4.588674e+01	3.481144e+03
3.690000e-06	8.493981e-09	2.248313e-08	4.587938e+01	3.480826e+03
3.700000e-06	8.492060e-09	2.248171e-08	4.586898e+01	3.480376e+03
3.710000e-06	8.489612e-09	2.247893e-08	4.585575e+01	3.479801e+03
3.720000e-06	8.486599e-09	2.247409e-08	4.583945e+01	3.479107e+03
3.730000e-06	8.483050e-09	2.246691e-08	4.582025e+01	3.478300e+03
3.740000e-06	8.479097e-09	2.245531e-08	4.579885e+01	3.477389e+03
3.750000e-06	8.474721e-09	2.244882e-08	4.577521e+01	3.476381e+03
3.760000e-06	8.469479e-09	2.246203e-08	4.574689e+01	3.475286e+03
3.770000e-06	8.462921e-09	2.246687e-08	4.571141e+01	3.474111e+03
3.780000e-06	8.455253e-09	2.241873e-08	4.566991e+01	3.472864e+03
3.790000e-06	8.447118e-09	2.237694e-08	4.562593e+01	3.471552e+03
3.800000e-06	8.438882e-09	2.241920e-08	4.558148e+01	3.470182e+03
3.810000e-06	8.430310e-09	2.245877e-08	4.553518e+01	3.468760e+03
3.820000e-06	8.421023e-09	2.238581e-08	4.548492e+01	3.467290e+03
3.830000e-06	8.411095e-09	2.231097e-08	4.543125e+01	3.465778e+03
3.840000e-06	8.400806e-09	2.238295e-08	4.537570e+01	3.464228e+03
3.850000e-06	8.390004e-09	2.245242e-08	4.531731e+01	3.462641e+03
3.860000e-06	8.378343e-09	2.235559e-08	4.525429e+01	3.461021e+03
3.870000e-06	8.365977e-09	2.227768e-08	4.518751e+01	3.459368e+03
3.880000e-06	8.353152e-09	2.235845e-08	4.511821e+01	3.457682e+03
3.890000e-06	8.339555e-09	2.238646e-08	4.504469e+01	3.455963e+03
3.900000e-06	8.324884e-09	2.228683e-08	4.496539e+01	3.454208e+03
3.910000e-06	8.309368e-09	2.229248e-08	4.488165e+01	3.452413e+03
3.920000e-06	8.293291e-09	2.238514e-08	4.479487e+01	3.450572e+03
3.930000e-06	8.276593e-09	2.232369e-08	4.470467e+01	3.448679e+03
3.940000e-06	8.259271e-09	2.221417e-08	4.461107e+01	3.446725e+03
3.950000e-06	8.241485e-09	2.226840e-08	4.451494e+01	3.444700e+03
3.960000e-06	8.223184e-09	2.231185e-08	4.441596e+01	3.442592e+03
3.970000e-06	8.204243e-09	2.222452e-08	4.431358e+01	3.440388e+03
3.980000e-06	8.184775e-09	2.222775e-08	4.420844e+01	3.438075e+03
3.990000e-06	8.164904e-09	2.231307e-08	4.410111e+01	3.435637e+03
4.000000e-06	8.144630e-09	2.225272e-08	4.399159e+01	3.433061e+03
4.010000e-06	8.123886e-09	2.216520e-08	4.387949e+01	3.430330e+03
4.020000e-06	8.102391e-09	2.222160e-08	4.376335e+01	3.427431e+03
4.030000e-06	8.079925e-09	2.223142e-08	4.364191e+01	3.424352e+03
4.040000e-06	8.056639e-09	2.213670e-08	4.351607e+01	3.421080e+03
4.050000e-06	8.032791e-09	2.214867e-08	4.338724e+01	3.417606e+03
4.060000e-06	8.008450e-09	2.219714e-08	4.325572e+01	3.413924e+03
4.070000e-06	7.983577e-09	2.212171e-08	4.312131e+01	3.410027e+03
4.080000e-06	7.958130e-09	2.207424e-08	4.298384e+01	3.405916e+03
4.090000e-06	7.932101e-09	2.210193e-08	4.284321e+01	3.401589e+03
4.100000e-06	7.905536e-09	2.205039e-08	4.269969e+01	3.397051e+03
4.110000e-06	7.878470e-09	2.198372e-08	4.255347e+01	3.392308e+03
4.120000e-06	7.850907e-09	2.199105e-08	4.240457e+01	3.387367e+03
4.130000e-06	7.822927e-09	2.196375e-08	4.225345e+01	3.382239e+03
4.140000e-06	7.794546e-09	2.190005e-08	4.210014e+01	3.376934e+03
4.150000e-06	7.765569e-09	2.187980e-08	4.194363e+01	3.371464e+03
4.160000e-06	7.735782e-09	2.185089e-08	4.178279e+01	3.365840e+03
4.170000e-06	7.705153e-09	2.179881e-08	4.161736e+01	3.360074e+03
4.180000e-06	7.673801e-09	2.177214e-08	4.144798e+01	3.354175e+03
4.190000e-06	7.641900e-09	2.173657e-08	4.127564e+01	3.348153e+03
4.200000e-06	7.609550e-09	2.168441e-08	4.110086e+01	3.342013e+03
4.210000e-06	7.576681e-09	2.165406e-08	4.092324e+01	3.335760e+03
4.220000e-06	7.543236e-09	2.161727e-08	4.074251e+01	3.329395e+03
4.230000e-06	7.509260e-09	2.156519e-08	4.055894e+01	3.322918e+03
4.240000e-06	7.474799e-09	2.152783e-08	4.037281e+01	3.316325e+03
4.250000e-06	7.439854e-09	2.148445e-08	4.018410e+01	3.309612e+03
4.260000e-06	7.404430e-09	2.143099e-08	3.999277e+01	3.302774e+03
4.270000e-06	7.368583e-09	2.139472e-08	3.979911e+01	3.295801e+03
4.280000e-06	7.332374e-09	2.135456e-08	3.960346e+01	3.288687e+03
4.290000e-06	7.295741e-09	2.129821e-08	3.940551e+01	3.281424e+03
4.300000e-06	7.258464e-09	2.125098e-08	3.920410e+01	3.274004e+03
4.310000e-06	7.220355e-09	2.120629e-08	3.899823e+01	3.266422e+03
4.320000e-06	7.181432e-09	2.115178e-08	3.878796e+01	3.258673e+03
4.330000e-06	7.141867e-09	2.110075e-08	3.857421e+01	3.250753e+03
4.340000e-06	7.101841e-09	2.105162e-08	3.835799e+01	3.242661e+03
4.350000e-06	7.061412e-09	2.099693e-08	3.813956e+01	3.234397e+03
4.360000e-06	7.020513e-09	2.094391e-08	3.791857e+01	3.225963e+03
4.370000e-06	6.979108e-09	2.089194e-08	3.769481e+01	3.217360e+03
4.380000e-06	6.937232e-09	2.083474e-08	3.746845e+01	3.208591e+03
4.390000e-06	6.894893e-09	2.077402e-08	3.723965e+01	3.199660e+03
4.400000e-06	6.852103e-09	2.071339e-08	3.700844e+01	3.190569e+03
4.410000e-06	6.808876e-09	2.065551e-08	3.677481e+01	3.181320e+03
4.420000e-06	6.765225e-09	2.059861e-08	3.653889e+01	3.171913e+03
4.430000e-06	6.721206e-09	2.053673e-08	3.630102e+01	3.162347e+03
4.440000e-06	6.676839e-09	2.047207e-08	3.606130e+01	3.152620e+03
4.450000e-06	6.632045e-09	2.040886e-08	3.581927e+01	3.142730e+03
4.460000e-06	6.586717e-09	2.034320e-08	3.557434e+01	3.132670e+03
4.470000e-06	6.540833e-09	2.027448e-08	3.532644e+01	3.122436e+03
4.480000e-06	6.494453e-09	2.020683e-08	3.507583e+01	3.112022e+03
4.490000e-06	6.447646e-09	2.013802e-08	3.482286e+01	3.101422e+03
4.500000e-06	6.400421e-09	2.006682e-08	3.456764e+01	3.090631e+03
4.510000e-06	6.352714e-09	1.999763e-08	3.430983e+01	3.079644e+03
4.520000e-06	6.304479e-09	1.992832e-08	3.404923e+01	3.068458e+03
4.530000e-06	6.255727e-09	1.985315e-08	3.378587e+01	3.057071e+03
4.540000e-06	6.206492e-09	1.977494e-08	3.351983e+01	3.045483e+03
4.550000e-06	6.156768e-09	1.969824e-08	3.325118e+01	3.033693e+03
4.560000e-06	6.106545e-09	1.962142e-08	3.297988e+01	3.021704e+03
4.570000e-06	6.055843e-09	1.954306e-08	3.270596e+01	3.009518e+03
4.580000e-06	6.004657e-09	1.946442e-08	3.242941e+01	2.997137e+03
4.590000e-06	5.952991e-09	1.938483e-08	3.215026e+01	2.984563e+03
4.600000e-06	5.900850e-09	1.930216e-08	3.186859e+01	2.971797e+03
4.610000e-06	5.848190e-09	1.921736e-08	3.158409e+01	2.958840e+03
4.620000e-06	5.794971e-09	1.913206e-08	3.129655e+01	2.945689e+03
4.630000e-06	5.741146e-09	1.904517e-08	3.100577e+01	2.932342e+03
4.640000e-06	5.686711e-09	1.895643e-08	3.071173e+01	2.918793e+03
4.650000e-06	5.631737e-09	1.886772e-08	3.041476e+01	2.905036e+03
4.660000e-06	5.576299e-09	1.877884e-08	3.011531e+01	2.891064e+03
4.670000e-06	5.520474e-09	1.868756e-08	2.981375e+01	2.876867e+03
4.680000e-06	5.464342e-09	1.859373e-08	2.951050e+01	2.862436e+03
4.690000e-06	5.407924e-09	1.849834e-08	2.920571e+01	2.847762e+03
4.700000e-06	5.351182e-09	1.840081e-08	2.889916e+01	2.832836e+03
4.710000e-06	5.294065e-09	1.830141e-08	2.859057e+01	2.817650e+03
4.720000e-06	5.236526e-09	1.820099e-08	2.827971e+01	2.802196e+03
4.730000e-06	5.178567e-09	1.809903e-08	2.796659e+01	2.786470e+03
4.740000e-06	5.120217e-09	1.799586e-08	2.765140e+01	2.770466e+03
4.750000e-06	5.061499e-09	1.789219e-08	2.733423e+01	2.754182e+03
4.760000e-06	5.002440e-09	1.778673e-08	2.701518e+01	2.737614e+03
4.770000e-06	4.943062e-09	1.767797e-08	2.669438e+01	2.720761e+03
4.780000e-06	4.883385e-09	1.756605e-08	2.637199e+01	2.703621e+03
4.790000e-06	4.823443e-09	1.745189e-08	2.604820e+01	2.686193e+03
4.800000e-06	4.763243e-09	1.733650e-08	2.572299e+01	2.668474e+03
4.810000e-06	4.702776e-09	1.722014e-08	2.539628e+01	2.650460e+03
4.820000e-06	4.641992e-09	1.710164e-08	2.506790e+01	2.632148e+03
4.830000e-06	4.580849e-09	1.698030e-08	2.473763e+01	2.613533e+03
4.840000e-06	4.519283e-09	1.685644e-08	2.440504e+01	2.594608e+03
4.850000e-06	4.457220e-09	1.673073e-08	2.406975e+01	2.575366e+03
4.860000e-06	4.394665e-09	1.660379e-08	2.373188e+01	2.555800e+03
4.870000e-06	4.331673e-09	1.647497e-08	2.339162e+01	2.535902e+03
4.880000e-06	4.268312e-09	1.634315e-08	2.304929e+01	2.515665e+03
4.890000e-06	4.204622e-09	1.620900e-08	2.270517e+01	2.495079e+03
4.900000e-06	4.140638e-09	1.607324e-08	2.235947e+01	2.474137e+03
4.910000e-06	4.076415e-09	1.593500e-08	2.201248e+01	2.452832e+03
4.920000e-06	4.011976e-09	1.579338e-08	2.166434e+01	2.431157e+03
4.930000e-06	3.947320e-09	1.564831e-08	2.131505e+01	2.409104e+03
4.940000e-06	3.882437e-09	1.550115e-08	2.096459e+01	2.386665e+03
4.950000e-06	3.817312e-09	1.535297e-08	2.061278e+01	2.363833e+03
4.960000e-06	3.751928e-09	1.520375e-08	2.025959e+01	2.340599e+03
4.970000e-06	3.686290e-09	1.505289e-08	1.990500e+01	2.316952e+03
4.980000e-06	3.620388e-09	1.489936e-08	1.954896e+01	2.292882e+03
4.990000e-06	3.554203e-09	1.474203e-08	1.919139e+01	2.268376e+03
5.000000e-06	3.487723e-09	1.458048e-08	1.883227e+01	2.243420e+03
5.010000e-06	3.420980e-09	1.441524e-08	1.847177e+01	2.217999e+03
5.020000e-06	3.354027e-09	1.424606e-08	1.811012e+01	2.192098e+03
5.030000e-06	3.286876e-09	1.407321e-08	1.774742e+01	2.165701e+03
5.040000e-06	3.219530e-09	1.389834e-08	1.738366e+01	2.138792e+03
5.050000e-06	3.152008e-09	1.372189e-08	1.701896e+01	2.111356e+03
5.060000e-06	3.084318e-09	1.354269e-08	1.665334e+01	2.083381e+03
5.070000e-06	3.016467e-09	1.335926e-08	1.628678e+01	2.054852e+03
5.080000e-06	2.948461e-09	1.317109e-08	1.591937e+01	2.025758e+03
5.090000e-06	2.880279e-09	1.297835e-08	1.555107e+01	1.996090e+03
5.100000e-06	2.811931e-09	1.278128e-08	1.518188e+01	1.965838e+03
5.110000e-06	2.743418e-09	1.258083e-08	1.481181e+01	1.934994e+03
5.120000e-06	2.674697e-09	1.237756e-08	1.444063e+01	1.903547e+03
5.130000e-06	2.605735e-09	1.217157e-08	1.406819e+01	1.871487e+03
5.140000e-06	2.536528e-09	1.196208e-08	1.369446e+01	1.838802e+03
5.150000e-06	2.467071e-09	1.174762e-08	1.331937e+01	1.805477e+03
5.160000e-06	2.397368e-09	1.152784e-08	1.294298e+01	1.771493e+03
5.170000e-06	2.327415e-09	1.130293e-08	1.256525e+01	1.736828e+03
5.180000e-06	2.257233e-09	1.107273e-08	1.218630e+01	1.701456e+03
5.190000e-06	2.186859e-09	1.083812e-08	1.180628e+01	1.665349e+03
5.200000e-06	2.116299e-09	1.059956e-08	1.142519e+01	1.628475e+03
5.210000e-06	2.045555e-09	1.035593e-08	1.104314e+01	1.590801e+03
5.220000e-06	1.974623e-09	1.010686e-08	1.066011e+01	1.552292e+03
5.230000e-06	1.903512e-09	9.852828e-09	1.027610e+01	1.512915e+03
5.240000e-06	1.832250e-09	9.593086e-09	9.891280e+00	1.472636e+03
5.250000e-06	1.760837e-09	9.326949e-09	9.505627e+00	1.431424e+03
5.260000e-06	1.689298e-09	9.054871e-09	9.119248e+00	1.389251e+03
5.270000e-06	1.617631e-09	8.776415e-09	8.732150e+00	1.346089e+03
5.280000e-06	1.545825e-09	8.491443e-09	8.344290e+00	1.301915e+03
5.290000e-06	1.473905e-09	8.200759e-09	7.955871e+00	1.256706e+03
5.300000e-06	1.401892e-09	7.903914e-09	7.566968e+00	1.210438e+03
5.310000e-06	1.329801e-09	7.599334e-09	7.177570e+00	1.163087e+03
5.320000e-06	1.257638e-09	7.286660e-09	6.787795e+00	1.114625e+03
5.330000e-06	1.185419e-09	6.966445e-09	6.397723e+00	1.065021e+03
5.340000e-06	1.113144e-09	6.638648e-09	6.007313e+00	1.014237e+03
5.350000e-06	1.040812e-09	6.303043e-09	5.616617e+00	9.622292e+02
5.360000e-06	9.684252e-10	5.959495e-09	5.225634e+00	9.089469e+02
5.370000e-06	8.959805e-10	5.607065e-09	4.834337e+00	8.543349e+02
5.380000e-06	8.234960e-10	5.245104e-09	4.442800e+00	7.983345e+02
5.390000e-06	7.509806e-10	4.873808e-09	4.051042e+00	7.408866e+02
5.400000e-06	6.784228e-10	4.492985e-09	3.659097e+00	6.819355e+02
5.410000e-06	6.058221e-10	4.102015e-09	3.266933e+00	6.214341e+02
5.420000e-06	5.331765e-10	3.700502e-09	2.874500e+00	5.593487e+02
5.430000e-06	4.604931e-10	3.289060e-09	2.481876e+00	4.956643e+02
5.440000e-06	3.877744e-10	2.868558e-09	2.089086e+00	4.303903e+02
5.450000e-06	3.150385e-10	2.438829e-09	1.696195e+00	3.635654e+02
5.460000e-06	2.422927e-10	1.999466e-09	1.303263e+00	2.952606e+02
5.470000e-06	1.695443e-10	1.550804e-09	9.103462e-01	2.255827e+02
5.480000e-06	9.680761e-11	1.093383e-09	5.174730e-01	1.546749e+02
5.490000e-06	2.407379e-11	6.284389e-10	1.246471e-01	8.271609e+01
5.500000e-06	-4.865177e-11	1.579196e-10	-2.681378e-01	9.918176e+00
5.510000e-06	-1.213663e-10	-3.170283e-10	-6.609069e-01	-6.347803e+01
5.520000e-06	-1.940815e-10	-7.956777e-10	-1.053671e+00	-1.372089e+02
5.530000e-06	-2.667905e-10	-1.275724e-09	-1.446394e+00	-2.109954e+02
5.540000e-06	-3.394872e-10	-1.754493e-09	-1.839066e+00	-2.845513e+02
5.550000e-06	-4.121650e-10	-2.229842e-09	-2.231638e+00	-3.575917e+02
5.560000e-06	-4.848102e-10	-2.699822e-09	-2.624022e+00	-4.298424e+02
5.570000e-06	-5.574379e-10	-3.163167e-09	-3.016305e+00	-5.010475e+02
5.580000e-06	-6.300423e-10	-3.618438e-09	-3.408452e+00	-5.709775e+02
5.590000e-06	-7.026071e-10	-4.063837e-09	-3.800376e+00	-6.394345e+02
5.600000e-06	-7.751126e-10	-4.498200e-09	-4.191977e+00	-7.062572e+02
5.610000e-06	-8.475500e-10	-4.921502e-09	-4.583248e+00	-7.713228e+02
5.620000e-06	-9.199370e-10	-5.333656e-09	-4.974248e+00	-8.345480e+02
5.630000e-06	-9.922816e-10	-5.733978e-09	-5.364988e+00	-8.958874e+02
5.640000e-06	-1.064586e-09	-6.121915e-09	-5.755576e+00	-9.553304e+02
5.650000e-06	-1.136837e-09	-6.497707e-09	-6.145897e+00	-1.012897e+03
5.660000e-06	-1.209013e-09	-6.861871e-09	-6.535752e+00	-1.068633e+03
5.670000e-06	-1.281104e-09	-7.214979e-09	-6.925143e+00	-1.122602e+03
5.680000e-06	-1.353123e-09	-7.557306e-09	-7.314167e+00	-1.174883e+03
5.690000e-06	-1.425086e-09	-7.888674e-09	-7.702887e+00	-1.225559e+03
5.700000e-06	-1.496966e-09	-8.209911e-09	-8.091150e+00	-1.274717e+03
5.710000e-06	-1.568720e-09	-8.522405e-09	-8.478745e+00	-1.322441e+03
5.720000e-06	-1.640343e-09	-8.826670e-09	-8.865618e+00	-1.368810e+03
5.730000e-06	-1.711830e-09	-9.122412e-09	-9.251730e+00	-1.413893e+03
5.740000e-06	-1.783167e-09	-9.409641e-09	-9.637070e+00	-1.457752e+03
5.750000e-06	-1.854332e-09	-9.688375e-09	-1.002151e+01	-1.500439e+03
5.760000e-06	-1.925316e-09	-9.958422e-09	-1.040492e+01	-1.541999e+03
5.770000e-06	-1.996131e-09	-1.022028e-08	-1.078737e+01	-1.582471e+03
5.780000e-06	-2.066767e-09	-1.047552e-08	-1.116879e+01	-1.621887e+03
5.790000e-06	-2.137205e-09	-1.072496e-08	-1.154912e+01	-1.660281e+03
5.800000e-06	-2.207451e-09	-1.096837e-08	-1.192840e+01	-1.697683e+03
5.810000e-06	-2.277497e-09	-1.120638e-08	-1.230660e+01	-1.734126e+03
5.820000e-06	-2.347326e-09	-1.143960e-08	-1.268368e+01	-1.769645e+03
5.830000e-06	-2.416914e-09	-1.166715e-08	-1.305944e+01	-1.804276e+03
5.840000e-06	-2.486260e-09	-1.188798e-08	-1.343397e+01	-1.838059e+03
5.850000e-06	-2.555386e-09	-1.210301e-08	-1.380730e+01	-1.871035e+03
5.860000e-06	-2.624285e-09	-1.231344e-08	-1.417939e+01	-1.903246e+03
5.870000e-06	-2.692959e-09	-1.251929e-08	-1.455030e+01	-1.934731e+03
5.880000e-06	-2.761431e-09	-1.272070e-08	-1.492016e+01	-1.965531e+03
5.890000e-06	-2.829709e-09	-1.291818e-08	-1.528901e+01	-1.995679e+03
5.900000e-06	-2.897785e-09	-1.311191e-08	-1.565674e+01	-2.025207e+03
5.910000e-06	-2.965688e-09	-1.330104e-08	-1.602351e+01	-2.054140e+03
5.920000e-06	-3.033429e-09	-1.348512e-08	-1.638943e+01	-2.082497e+03
5.930000e-06	-3.100985e-09	-1.366532e-08	-1.675435e+01	-2.110294e+03
5.940000e-06	-3.168363e-09	-1.384249e-08	-1.711832e+01	-2.137542e+03
5.950000e-06	-3.235565e-09	-1.401664e-08	-1.748133e+01	-2.164248e+03
5.960000e-06	-3.302569e-09	-1.418741e-08	-1.784326e+01	-2.190418e+03
5.970000e-06	-3.369365e-09	-1.435452e-08	-1.820409e+01	-2.216057e+03
5.980000e-06	-3.435939e-09	-1.451786e-08	-1.856368e+01	-2.241171e+03
5.990000e-06	-3.502261e-09	-1.467773e-08	-1.892197e+01	-2.265769e+03
6.000000e-06	-3.568310e-09	-1.483460e-08	-1.927879e+01	-2.289861e+03
6.010000e-06	-3.634092e-09	-1.498840e-08	-1.963404e+01	-2.313462e+03
6.020000e-06	-3.699601e-09	-1.513929e-08	-1.998778e+01	-2.336589e+03
6.030000e-06	-3.764828e-09	-1.528773e-08	-2.034007e+01	-2.359262e+03
6.040000e-06	-3.829797e-09	-1.543374e-08	-2.069103e+01	-2.381502e+03
6.050000e-06	-3.894537e-09	-1.557771e-08	-2.104075e+01	-2.403333e+03
6.060000e-06	-3.959048e-09	-1.571969e-08	-2.138925e+01	-2.424778e+03
6.070000e-06	-4.023350e-09	-1.585869e-08	-2.173662e+01	-2.445857e+03
6.080000e-06	-4.087447e-09	-1.599424e-08	-2.208292e+01	-2.466588e+03
6.090000e-06	-4.151302e-09	-1.612669e-08	-2.242793e+01	-2.486987e+03
6.100000e-06	-4.214888e-09	-1.625639e-08	-2.277142e+01	-2.507062e+03
6.110000e-06	-4.278161e-09	-1.638366e-08	-2.311316e+01	-2.526822e+03
6.120000e-06	-4.341065e-09	-1.650931e-08	-2.345288e+01	-2.546269e+03
6.130000e-06	-4.403548e-09	-1.663404e-08	-2.379036e+01	-2.565401e+03
6.140000e-06	-4.465566e-09	-1.675786e-08	-2.412536e+01	-2.584216e+03
6.150000e-06	-4.527116e-09	-1.687998e-08	-2.445779e+01	-2.602710e+03
6.160000e-06	-4.588228e-09	-1.699973e-08	-2.478783e+01	-2.620877e+03
6.170000e-06	-4.648944e-09	-1.711658e-08	-2.511574e+01	-2.638716e+03
6.180000e-06	-4.709333e-09	-1.723064e-08	-2.544195e+01	-2.656225e+03
6.190000e-06	-4.769437e-09	-1.734290e-08	-2.576664e+01	-2.673408e+03
6.200000e-06	-4.829268e-09	-1.745311e-08	-2.608984e+01	-2.690269e+03
6.210000e-06	-4.888824e-09	-1.756079e-08	-2.641147e+01	-2.706818e+03
6.220000e-06	-4.948065e-09	-1.766677e-08	-2.673137e+01	-2.723067e+03
6.230000e-06	-5.006971e-09	-1.777111e-08	-2.704953e+01	-2.739031e+03
6.240000e-06	-5.065530e-09	-1.787353e-08	-2.736584e+01	-2.754725e+03
6.250000e-06	-5.123722e-09	-1.797439e-08	-2.768017e+01	-2.770167e+03
6.260000e-06	-5.181526e-09	-1.807390e-08	-2.799241e+01	-2.785371e+03
6.270000e-06	-5.238944e-09	-1.817185e-08	-2.830255e+01	-2.800351e+03
6.280000e-06	-5.295983e-09	-1.826809e-08	-2.861065e+01	-2.815119e+03
6.290000e-06	-5.352645e-09	-1.836299e-08	-2.891672e+01	-2.829681e+03
6.300000e-06	-5.408987e-09	-1.845689e-08	-2.922109e+01	-2.844042e+03
6.310000e-06	-5.465023e-09	-1.854986e-08	-2.952384e+01	-2.858201e+03
6.320000e-06	-5.520726e-09	-1.864195e-08	-2.982478e+01	-2.872156e+03
6.330000e-06	-5.576034e-09	-1.873282e-08	-3.012349e+01	-2.885901e+03
6.340000e-06	-5.630845e-09	-1.882207e-08	-3.041952e+01	-2.899430e+03
6.350000e-06	-5.685093e-09	-1.890964e-08	-3.071250e+01	-2.912735e+03
6.360000e-06	-5.738746e-09	-1.899481e-08	-3.100223e+01	-2.925810e+03
6.370000e-06	-5.791817e-09	-1.907745e-08	-3.128884e+01	-2.938650e+03
6.380000e-06	-5.844373e-09	-1.915853e-08	-3.157265e+01	-2.951252e+03
6.390000e-06	-5.896464e-09	-1.923864e-08	-3.185401e+01	-2.963618e+03
6.400000e-06	-5.948114e-09	-1.931783e-08	-3.213297e+01	-2.975752e+03
6.410000e-06	-5.999316e-09	-1.939587e-08	-3.240953e+01	-2.987660e+03
6.420000e-06	-6.050052e-09	-1.947249e-08	-3.268365e+01	-2.999355e+03
6.430000e-06	-6.100311e-09	-1.954808e-08	-3.295514e+01	-3.010847e+03
6.440000e-06	-6.150042e-09	-1.962296e-08	-3.322378e+01	-3.022152e+03
6.450000e-06	-6.199180e-09	-1.969639e-08	-3.348919e+01	-3.033284e+03
6.460000e-06	-6.247682e-09	-1.976774e-08	-3.375107e+01	-3.044255e+03
6.470000e-06	-6.295551e-09	-1.983811e-08	-3.400959e+01	-3.055079e+03
6.480000e-06	-6.342858e-09	-1.990881e-08	-3.426509e+01	-3.065765e+03
6.490000e-06	-6.389723e-09	-1.997926e-08	-3.451820e+01	-3.076320e+03
6.500000e-06	-6.436211e-09	-2.004804e-08	-3.476933e+01	-3.086746e+03
6.510000e-06	-6.482346e-09	-2.011524e-08	-3.501855e+01	-3.097043e+03
6.520000e-06	-6.528116e-09	-2.018174e-08	-3.526574e+01	-3.107209e+03
6.530000e-06	-6.573442e-09	-2.024797e-08	-3.551060e+01	-3.117236e+03
6.540000e-06	-6.618295e-09	-2.031356e-08	-3.575296e+01	-3.127118e+03
6.550000e-06	-6.662732e-09	-2.037762e-08	-3.599304e+01	-3.136844e+03
6.560000e-06	-6.706818e-09	-2.043995e-08	-3.623125e+01	-3.146404e+03
6.570000e-06	-6.750556e-09	-2.050124e-08	-3.646756e+01	-3.155789e+03
6.580000e-06	-6.793912e-09	-2.056191e-08	-3.670177e+01	-3.164991e+03
6.590000e-06	-6.836825e-09	-2.062123e-08	-3.693355e+01	-3.174002e+03
6.600000e-06	-6.879279e-09	-2.067821e-08	-3.716284e+01	-3.182819e+03
6.610000e-06	-6.921273e-09	-2.073314e-08	-3.738970e+01	-3.191438e+03
6.620000e-06	-6.962776e-09	-2.078725e-08	-3.761393e+01	-3.199861e+03
6.630000e-06	-7.003791e-09	-2.084083e-08	-3.783550e+01	-3.208088e+03
6.640000e-06	-7.044358e-09	-2.089301e-08	-3.805462e+01	-3.216124e+03
6.650000e-06	-7.084524e-09	-2.094352e-08	-3.827157e+01	-3.223976e+03
6.660000e-06	-7.124306e-09	-2.099277e-08	-3.848641e+01	-3.231650e+03
6.670000e-06	-7.163617e-09	-2.104128e-08	-3.869874e+01	-3.239153e+03
6.680000e-06	-7.202287e-09	-2.108969e-08	-3.890766e+01	-3.246496e+03
6.690000e-06	-7.240192e-09	-2.113788e-08	-3.911244e+01	-3.253685e+03
6.700000e-06	-7.277349e-09	-2.118461e-08	-3.931316e+01	-3.260729e+03
6.710000e-06	-7.313895e-09	-2.122913e-08	-3.951060e+01	-3.267636e+03
6.720000e-06	-7.349999e-09	-2.127258e-08	-3.970572e+01	-3.274414e+03
6.730000e-06	-7.385720e-09	-2.131636e-08	-3.989878e+01	-3.281069e+03
6.740000e-06	-7.420990e-09	-2.135962e-08	-4.008940e+01	-3.287607e+03
6.750000e-06	-7.455739e-09	-2.140150e-08	-4.027719e+01	-3.294034e+03
6.760000e-06	-7.489957e-09	-2.144271e-08	-4.046206e+01	-3.300355e+03
6.770000e-06	-7.523644e-09	-2.148387e-08	-4.064406e+01	-3.306572e+03
6.780000e-06	-7.556781e-09	-2.152446e-08	-4.082307e+01	-3.312690e+03
6.790000e-06	-7.589402e-09	-2.156375e-08	-4.099927e+01	-3.318710e+03
6.800000e-06	-7.621590e-09	-2.160211e-08	-4.117311e+01	-3.324632e+03
6.810000e-06	-7.653332e-09	-2.164030e-08	-4.134457e+01	-3.330456e+03
6.820000e-06	-7.684484e-09	-2.167838e-08	-4.151290e+01	-3.336179e+03
6.830000e-06	-7.714864e-09	-2.171587e-08	-4.167694e+01	-3.341798e+03
6.840000e-06	-7.744387e-09	-2.175232e-08	-4.183622e+01	-3.347308e+03
6.850000e-06	-7.773181e-09	-2.178773e-08	-4.199164e+01	-3.352703e+03
6.860000e-06	-7.801460e-09	-2.182201e-08	-4.214434e+01	-3.357977e+03
6.870000e-06	-7.829334e-09	-2.185539e-08	-4.229491e+01	-3.363122e+03
6.880000e-06	-7.856775e-09	-2.188802e-08	-4.244311e+01	-3.368131e+03
6.890000e-06	-7.883688e-09	-2.191952e-08	-4.258838e+01	-3.372997e+03
6.900000e-06	-7.910026e-09	-2.195009e-08	-4.273054e+01	-3.377714e+03
6.910000e-06	-7.935779e-09	-2.197973e-08	-4.286962e+01	-3.382278e+03
6.920000e-06	-7.960933e-09	-2.200824e-08	-4.300546e+01	-3.386685e+03
6.930000e-06	-7.985538e-09	-2.203583e-08	-4.313828e+01	-3.390934e+03
6.940000e-06	-8.009721e-09	-2.206259e-08	-4.326885e+01	-3.395028e+03
6.950000e-06	-8.033503e-09	-2.208753e-08	-4.339725e+01	-3.398969e+03
6.960000e-06	-8.056698e-09	-2.211095e-08	-4.352249e+01	-3.402762e+03
6.970000e-06	-8.079072e-09	-2.213469e-08	-4.364329e+01	-3.406414e+03
6.980000e-06	-8.100573e-09	-2.215903e-08	-4.375935e+01	-3.409935e+03
6.990000e-06	-8.121333e-09	-2.218271e-08	-4.387143e+01	-3.413332e+03
7.000000e-06	-8.141578e-09	-2.220501e-08	-4.398076e+01	-3.416616e+03
7.010000e-06	-8.161427e-09	-2.222652e-08	-4.408795e+01	-3.419794e+03
7.020000e-06	-8.180803e-09	-2.224752e-08	-4.419251e+01	-3.422876e+03
7.030000e-06	-8.199626e-09	-2.226800e-08	-4.429405e+01	-3.425868e+03
7.040000e-06	-8.217892e-09	-2.228772e-08	-4.439261e+01	-3.428776e+03
7.050000e-06	-8.235605e-09	-2.230639e-08	-4.448825e+01	-3.431602e+03
7.060000e-06	-8.252737e-09	-2.232455e-08	-4.458073e+01	-3.434350e+03
7.070000e-06	-8.269325e-09	-2.234298e-08	-4.467028e+01	-3.437019e+03
7.080000e-06	-8.285478e-09	-2.236147e-08	-4.475751e+01	-3.439609e+03
7.090000e-06	-8.301136e-09	-2.237892e-08	-4.484204e+01	-3.442117e+03
7.100000e-06	-8.316056e-09	-2.239527e-08	-4.492253e+01	-3.444541e+03
7.110000e-06	-8.330018e-09	-2.241114e-08	-4.499782e+01	-3.446878e+03
7.120000e-06	-8.343062e-09	-2.242664e-08	-4.506819e+01	-3.449125e+03
7.130000e-06	-8.355416e-09	-2.244146e-08	-4.513487e+01	-3.451281e+03
7.140000e-06	-8.367204e-09	-2.245586e-08	-4.519854e+01	-3.453342e+03
7.150000e-06	-8.378400e-09	-2.246987e-08	-4.525900e+01	-3.455310e+03
7.160000e-06	-8.388986e-09	-2.248276e-08	-4.531614e+01	-3.457182e+03
7.170000e-06	-8.399003e-09	-2.249458e-08	-4.537019e+01	-3.458961e+03
7.180000e-06	-8.408430e-09	-2.250579e-08	-4.542106e+01	-3.460645e+03
7.190000e-06	-8.417265e-09	-2.251626e-08	-4.546872e+01	-3.462237e+03
7.200000e-06	-8.425600e-09	-2.252609e-08	-4.551371e+01	-3.463737e+03
7.210000e-06	-8.433522e-09	-2.253588e-08	-4.555648e+01	-3.465144e+03
7.220000e-06	-8.440924e-09	-2.254577e-08	-4.559640e+01	-3.466459e+03
7.230000e-06	-8.447522e-09	-2.255498e-08	-4.563201e+01	-3.467678e+03
7.240000e-06	-8.453185e-09	-2.256234e-08	-4.566253e+01	-3.468801e+03
7.250000e-06	-8.458039e-09	-2.256814e-08	-4.568868e+01	-3.469822e+03
7.260000e-06	-8.462330e-09	-2.257354e-08	-4.571185e+01	-3.470738e+03
7.270000e-06	-8.466195e-09	-2.257861e-08	-4.573272e+01	-3.471543e+03
7.280000e-06	-8.469574e-09	-2.258327e-08	-4.575092e+01	-3.472231e+03
7.290000e-06	-8.472379e-09	-2.258753e-08	-4.576599e+01	-3.472797e+03
7.300000e-06	-8.474639e-09	-2.259075e-08	-4.577816e+01	-3.473236e+03
7.310000e-06	-8.476337e-09	-2.259265e-08	-4.578729e+01	-3.473543e+03
7.320000e-06	-8.477379e-09	-2.259375e-08	-4.579289e+01	-3.473715e+03
7.330000e-06	-8.477871e-09	-2.259346e-08	-4.579556e+01	-3.473750e+03
