# Concentracion g/m^3_=_53300.0
# C_Vs_to_Am_M_A/Vsm_=_128687336408.14134
# pendiente_HvsI_1/m_=_3716.3
# ordenada_HvsI_A/m_=_1297.0
# frecuencia_Hz_=_136506.53409360154
# Promedio de 28 ciclos

Tiempo_(s)	Campo_(V.s)	Magnetizacion_(V.s)	Campo_(kA/m)	Magnetizacion_(A/m)
0.000000e+00	-1.088677e-08	-2.082611e-08	-5.775358e+01	-3.315941e+03
1.000000e-08	-1.088680e-08	-2.082495e-08	-5.775385e+01	-3.315830e+03
2.000000e-08	-1.088602e-08	-2.082332e-08	-5.774985e+01	-3.315608e+03
3.000000e-08	-1.088414e-08	-2.082154e-08	-5.774010e+01	-3.315281e+03
4.000000e-08	-1.088128e-08	-2.081929e-08	-5.772508e+01	-3.314853e+03
5.000000e-08	-1.087774e-08	-2.081608e-08	-5.770638e+01	-3.314330e+03
6.000000e-08	-1.087366e-08	-2.081161e-08	-5.768486e+01	-3.313715e+03
7.000000e-08	-1.086893e-08	-2.080765e-08	-5.765991e+01	-3.313013e+03
8.000000e-08	-1.086346e-08	-2.080654e-08	-5.763103e+01	-3.312229e+03
9.000000e-08	-1.085715e-08	-2.080161e-08	-5.759783e+01	-3.311368e+03
1.000000e-07	-1.084980e-08	-2.078220e-08	-5.755914e+01	-3.310436e+03
1.100000e-07	-1.084107e-08	-2.076082e-08	-5.751309e+01	-3.309440e+03
1.200000e-07	-1.083082e-08	-2.076799e-08	-5.745892e+01	-3.308390e+03
1.300000e-07	-1.081964e-08	-2.079454e-08	-5.739968e+01	-3.307295e+03
1.400000e-07	-1.080823e-08	-2.078509e-08	-5.733919e+01	-3.306167e+03
1.500000e-07	-1.079641e-08	-2.072290e-08	-5.727663e+01	-3.305020e+03
1.600000e-07	-1.078360e-08	-2.070711e-08	-5.720889e+01	-3.303867e+03
1.700000e-07	-1.076994e-08	-2.077731e-08	-5.713649e+01	-3.302721e+03
1.800000e-07	-1.075573e-08	-2.076703e-08	-5.706124e+01	-3.301598e+03
1.900000e-07	-1.074045e-08	-2.065965e-08	-5.698048e+01	-3.300507e+03
2.000000e-07	-1.072389e-08	-2.068265e-08	-5.689270e+01	-3.299458e+03
2.100000e-07	-1.070670e-08	-2.077969e-08	-5.680148e+01	-3.298458e+03
2.200000e-07	-1.068911e-08	-2.070567e-08	-5.670830e+01	-3.297508e+03
2.300000e-07	-1.067071e-08	-2.061360e-08	-5.661088e+01	-3.296607e+03
2.400000e-07	-1.065148e-08	-2.069268e-08	-5.650899e+01	-3.295746e+03
2.500000e-07	-1.063173e-08	-2.070935e-08	-5.640435e+01	-3.294913e+03
2.600000e-07	-1.061128e-08	-2.061371e-08	-5.629609e+01	-3.294094e+03
2.700000e-07	-1.058998e-08	-2.065662e-08	-5.618329e+01	-3.293266e+03
2.800000e-07	-1.056802e-08	-2.072981e-08	-5.606698e+01	-3.292406e+03
2.900000e-07	-1.054535e-08	-2.064898e-08	-5.594688e+01	-3.291489e+03
3.000000e-07	-1.052191e-08	-2.062898e-08	-5.582260e+01	-3.290485e+03
3.100000e-07	-1.049788e-08	-2.070785e-08	-5.569523e+01	-3.289368e+03
3.200000e-07	-1.047308e-08	-2.063892e-08	-5.556395e+01	-3.288110e+03
3.300000e-07	-1.044715e-08	-2.054767e-08	-5.542662e+01	-3.286685e+03
3.400000e-07	-1.042021e-08	-2.061307e-08	-5.528384e+01	-3.285070e+03
3.500000e-07	-1.039262e-08	-2.061528e-08	-5.513756e+01	-3.283245e+03
3.600000e-07	-1.036443e-08	-2.051639e-08	-5.498818e+01	-3.281193e+03
3.700000e-07	-1.033563e-08	-2.053474e-08	-5.483554e+01	-3.278901e+03
3.800000e-07	-1.030612e-08	-2.056120e-08	-5.467917e+01	-3.276361e+03
3.900000e-07	-1.027578e-08	-2.048086e-08	-5.451844e+01	-3.273568e+03
4.000000e-07	-1.024472e-08	-2.046247e-08	-5.435380e+01	-3.270523e+03
4.100000e-07	-1.021306e-08	-2.047829e-08	-5.418592e+01	-3.267230e+03
4.200000e-07	-1.018068e-08	-2.041050e-08	-5.401432e+01	-3.263694e+03
4.300000e-07	-1.014742e-08	-2.037807e-08	-5.383804e+01	-3.259926e+03
4.400000e-07	-1.011318e-08	-2.039848e-08	-5.365650e+01	-3.255940e+03
4.500000e-07	-1.007806e-08	-2.035443e-08	-5.347031e+01	-3.251749e+03
4.600000e-07	-1.004230e-08	-2.030476e-08	-5.328075e+01	-3.247371e+03
4.700000e-07	-1.000597e-08	-2.030107e-08	-5.308815e+01	-3.242821e+03
4.800000e-07	-9.968948e-09	-2.026861e-08	-5.289188e+01	-3.238117e+03
4.900000e-07	-9.931177e-09	-2.022250e-08	-5.269167e+01	-3.233275e+03
5.000000e-07	-9.892737e-09	-2.020573e-08	-5.248784e+01	-3.228312e+03
5.100000e-07	-9.853664e-09	-2.017569e-08	-5.228063e+01	-3.223240e+03
5.200000e-07	-9.814015e-09	-2.013327e-08	-5.207040e+01	-3.218070e+03
5.300000e-07	-9.773720e-09	-2.011021e-08	-5.185686e+01	-3.212810e+03
5.400000e-07	-9.732519e-09	-2.008176e-08	-5.163853e+01	-3.207466e+03
5.500000e-07	-9.690260e-09	-2.003786e-08	-5.141444e+01	-3.202039e+03
5.600000e-07	-9.647094e-09	-2.000252e-08	-5.118548e+01	-3.196526e+03
5.700000e-07	-9.603233e-09	-1.996885e-08	-5.095285e+01	-3.190924e+03
5.800000e-07	-9.558775e-09	-1.992771e-08	-5.071708e+01	-3.185224e+03
5.900000e-07	-9.513724e-09	-1.989166e-08	-5.047817e+01	-3.179417e+03
6.000000e-07	-9.468046e-09	-1.985940e-08	-5.023592e+01	-3.173492e+03
6.100000e-07	-9.421734e-09	-1.982010e-08	-4.999029e+01	-3.167439e+03
6.200000e-07	-9.374784e-09	-1.977718e-08	-4.974128e+01	-3.161247e+03
6.300000e-07	-9.327174e-09	-1.973646e-08	-4.948885e+01	-3.154907e+03
6.400000e-07	-9.278813e-09	-1.969709e-08	-4.923249e+01	-3.148411e+03
6.500000e-07	-9.229606e-09	-1.965542e-08	-4.897160e+01	-3.141756e+03
6.600000e-07	-9.179492e-09	-1.961151e-08	-4.870596e+01	-3.134938e+03
6.700000e-07	-9.128469e-09	-1.956857e-08	-4.843560e+01	-3.127959e+03
6.800000e-07	-9.076601e-09	-1.952574e-08	-4.816077e+01	-3.120822e+03
6.900000e-07	-9.023972e-09	-1.948051e-08	-4.788193e+01	-3.113532e+03
7.000000e-07	-8.970654e-09	-1.943365e-08	-4.759943e+01	-3.106095e+03
7.100000e-07	-8.916718e-09	-1.938447e-08	-4.731358e+01	-3.098517e+03
7.200000e-07	-8.862223e-09	-1.933292e-08	-4.702466e+01	-3.090806e+03
7.300000e-07	-8.807178e-09	-1.928428e-08	-4.673280e+01	-3.082964e+03
7.400000e-07	-8.751607e-09	-1.923867e-08	-4.643826e+01	-3.074996e+03
7.500000e-07	-8.695492e-09	-1.918920e-08	-4.614089e+01	-3.066902e+03
7.600000e-07	-8.638748e-09	-1.913529e-08	-4.584013e+01	-3.058678e+03
7.700000e-07	-8.581294e-09	-1.908173e-08	-4.553547e+01	-3.050320e+03
7.800000e-07	-8.523060e-09	-1.902787e-08	-4.522661e+01	-3.041821e+03
7.900000e-07	-8.464060e-09	-1.897219e-08	-4.491377e+01	-3.033171e+03
8.000000e-07	-8.404397e-09	-1.891619e-08	-4.459747e+01	-3.024360e+03
8.100000e-07	-8.344166e-09	-1.885961e-08	-4.427815e+01	-3.015380e+03
8.200000e-07	-8.283373e-09	-1.880105e-08	-4.395582e+01	-3.006219e+03
8.300000e-07	-8.221985e-09	-1.874188e-08	-4.363037e+01	-2.996872e+03
8.400000e-07	-8.160008e-09	-1.868222e-08	-4.330179e+01	-2.987332e+03
8.500000e-07	-8.097479e-09	-1.861961e-08	-4.297028e+01	-2.977598e+03
8.600000e-07	-8.034436e-09	-1.855448e-08	-4.263608e+01	-2.967669e+03
8.700000e-07	-7.970885e-09	-1.848991e-08	-4.229915e+01	-2.957547e+03
8.800000e-07	-7.906786e-09	-1.842539e-08	-4.195938e+01	-2.947238e+03
8.900000e-07	-7.842129e-09	-1.836020e-08	-4.161668e+01	-2.936747e+03
9.000000e-07	-7.776903e-09	-1.829444e-08	-4.127087e+01	-2.926079e+03
9.100000e-07	-7.711056e-09	-1.822715e-08	-4.092173e+01	-2.915240e+03
9.200000e-07	-7.644545e-09	-1.815727e-08	-4.056908e+01	-2.904234e+03
9.300000e-07	-7.577396e-09	-1.808598e-08	-4.021310e+01	-2.893061e+03
9.400000e-07	-7.509672e-09	-1.801516e-08	-3.985409e+01	-2.881720e+03
9.500000e-07	-7.441422e-09	-1.794351e-08	-3.949225e+01	-2.870207e+03
9.600000e-07	-7.372687e-09	-1.787002e-08	-3.912782e+01	-2.858514e+03
9.700000e-07	-7.303471e-09	-1.779596e-08	-3.876078e+01	-2.846632e+03
9.800000e-07	-7.233731e-09	-1.772117e-08	-3.839093e+01	-2.834550e+03
9.900000e-07	-7.163477e-09	-1.764449e-08	-3.801833e+01	-2.822255e+03
1.000000e-06	-7.092748e-09	-1.756531e-08	-3.764318e+01	-2.809737e+03
1.010000e-06	-7.021537e-09	-1.748361e-08	-3.726560e+01	-2.796985e+03
1.020000e-06	-6.949852e-09	-1.740089e-08	-3.688559e+01	-2.783991e+03
1.030000e-06	-6.877686e-09	-1.731843e-08	-3.650299e+01	-2.770748e+03
1.040000e-06	-6.805025e-09	-1.723534e-08	-3.611774e+01	-2.757254e+03
1.050000e-06	-6.731826e-09	-1.714992e-08	-3.572954e+01	-2.743508e+03
1.060000e-06	-6.658003e-09	-1.706226e-08	-3.533806e+01	-2.729513e+03
1.070000e-06	-6.583511e-09	-1.697332e-08	-3.494311e+01	-2.715271e+03
1.080000e-06	-6.508359e-09	-1.688365e-08	-3.454472e+01	-2.700787e+03
1.090000e-06	-6.432599e-09	-1.679303e-08	-3.414307e+01	-2.686064e+03
1.100000e-06	-6.356311e-09	-1.670066e-08	-3.373856e+01	-2.671102e+03
1.110000e-06	-6.279538e-09	-1.660579e-08	-3.333150e+01	-2.655902e+03
1.120000e-06	-6.202282e-09	-1.650950e-08	-3.292180e+01	-2.640458e+03
1.130000e-06	-6.124524e-09	-1.641277e-08	-3.250939e+01	-2.624762e+03
1.140000e-06	-6.046259e-09	-1.631406e-08	-3.209431e+01	-2.608802e+03
1.150000e-06	-5.967522e-09	-1.621116e-08	-3.167660e+01	-2.592565e+03
1.160000e-06	-5.888370e-09	-1.610498e-08	-3.125669e+01	-2.576033e+03
1.170000e-06	-5.808754e-09	-1.599773e-08	-3.083432e+01	-2.559187e+03
1.180000e-06	-5.728613e-09	-1.588956e-08	-3.040918e+01	-2.542011e+03
1.190000e-06	-5.648009e-09	-1.577947e-08	-2.998157e+01	-2.524489e+03
1.200000e-06	-5.566957e-09	-1.566712e-08	-2.955159e+01	-2.506606e+03
1.210000e-06	-5.485468e-09	-1.555249e-08	-2.911933e+01	-2.488353e+03
1.220000e-06	-5.403586e-09	-1.543566e-08	-2.868500e+01	-2.469725e+03
1.230000e-06	-5.321374e-09	-1.531749e-08	-2.824889e+01	-2.450718e+03
1.240000e-06	-5.238881e-09	-1.519781e-08	-2.781125e+01	-2.431336e+03
1.250000e-06	-5.156107e-09	-1.507524e-08	-2.737215e+01	-2.411582e+03
1.260000e-06	-5.073041e-09	-1.494936e-08	-2.693154e+01	-2.391462e+03
1.270000e-06	-4.989671e-09	-1.482208e-08	-2.648940e+01	-2.370980e+03
1.280000e-06	-4.905989e-09	-1.469357e-08	-2.604562e+01	-2.350141e+03
1.290000e-06	-4.822008e-09	-1.456180e-08	-2.560019e+01	-2.328944e+03
1.300000e-06	-4.737753e-09	-1.442673e-08	-2.515322e+01	-2.307383e+03
1.310000e-06	-4.653228e-09	-1.428896e-08	-2.470482e+01	-2.285449e+03
1.320000e-06	-4.568429e-09	-1.414869e-08	-2.425504e+01	-2.263126e+03
1.330000e-06	-4.483344e-09	-1.400704e-08	-2.380376e+01	-2.240391e+03
1.340000e-06	-4.397959e-09	-1.386319e-08	-2.335086e+01	-2.217218e+03
1.350000e-06	-4.312252e-09	-1.371429e-08	-2.289616e+01	-2.193579e+03
1.360000e-06	-4.226216e-09	-1.356066e-08	-2.243982e+01	-2.169441e+03
1.370000e-06	-4.139878e-09	-1.340408e-08	-2.198195e+01	-2.144776e+03
1.380000e-06	-4.053260e-09	-1.324369e-08	-2.152256e+01	-2.119555e+03
1.390000e-06	-3.966378e-09	-1.307975e-08	-2.106176e+01	-2.093755e+03
1.400000e-06	-3.879264e-09	-1.291334e-08	-2.059973e+01	-2.067357e+03
1.410000e-06	-3.791900e-09	-1.274407e-08	-2.013644e+01	-2.040348e+03
1.420000e-06	-3.704286e-09	-1.257187e-08	-1.967189e+01	-2.012720e+03
1.430000e-06	-3.616433e-09	-1.239610e-08	-1.920607e+01	-1.984471e+03
1.440000e-06	-3.528315e-09	-1.221625e-08	-1.873879e+01	-1.955600e+03
1.450000e-06	-3.439927e-09	-1.203205e-08	-1.827004e+01	-1.926109e+03
1.460000e-06	-3.351260e-09	-1.184369e-08	-1.779980e+01	-1.895997e+03
1.470000e-06	-3.262310e-09	-1.165220e-08	-1.732800e+01	-1.865260e+03
1.480000e-06	-3.173090e-09	-1.145644e-08	-1.685465e+01	-1.833888e+03
1.490000e-06	-3.083619e-09	-1.125511e-08	-1.637991e+01	-1.801863e+03
1.500000e-06	-2.993901e-09	-1.104790e-08	-1.590390e+01	-1.769159e+03
1.510000e-06	-2.903942e-09	-1.083526e-08	-1.542669e+01	-1.735741e+03
1.520000e-06	-2.813745e-09	-1.061901e-08	-1.494816e+01	-1.701564e+03
1.530000e-06	-2.723305e-09	-1.039904e-08	-1.446831e+01	-1.666579e+03
1.540000e-06	-2.632672e-09	-1.017303e-08	-1.398746e+01	-1.630731e+03
1.550000e-06	-2.541888e-09	-9.940308e-09	-1.350586e+01	-1.593964e+03
1.560000e-06	-2.450950e-09	-9.702035e-09	-1.302345e+01	-1.556223e+03
1.570000e-06	-2.359832e-09	-9.458929e-09	-1.254012e+01	-1.517456e+03
1.580000e-06	-2.268501e-09	-9.209847e-09	-1.205573e+01	-1.477617e+03
1.590000e-06	-2.176974e-09	-8.953083e-09	-1.157025e+01	-1.436670e+03
1.600000e-06	-2.085264e-09	-8.688786e-09	-1.108373e+01	-1.394581e+03
1.610000e-06	-1.993359e-09	-8.417830e-09	-1.059620e+01	-1.351327e+03
1.620000e-06	-1.901253e-09	-8.140577e-09	-1.010756e+01	-1.306889e+03
1.630000e-06	-1.808961e-09	-7.856033e-09	-9.617916e+00	-1.261246e+03
1.640000e-06	-1.716532e-09	-7.562644e-09	-9.127547e+00	-1.214380e+03
1.650000e-06	-1.624007e-09	-7.260306e-09	-8.636698e+00	-1.166261e+03
1.660000e-06	-1.531403e-09	-6.949762e-09	-8.145427e+00	-1.116852e+03
1.670000e-06	-1.438725e-09	-6.630750e-09	-7.653773e+00	-1.066101e+03
1.680000e-06	-1.345983e-09	-6.301875e-09	-7.161779e+00	-1.013940e+03
1.690000e-06	-1.253168e-09	-5.962244e-09	-6.669340e+00	-9.602837e+02
1.700000e-06	-1.160286e-09	-5.611468e-09	-6.176595e+00	-9.050318e+02
1.710000e-06	-1.067356e-09	-5.249453e-09	-5.683643e+00	-8.480723e+02
1.720000e-06	-9.743627e-10	-4.876690e-09	-5.190363e+00	-7.892868e+02
1.730000e-06	-8.812942e-10	-4.493109e-09	-4.696710e+00	-7.285582e+02
1.740000e-06	-7.881586e-10	-4.097187e-09	-4.202658e+00	-6.657801e+02
1.750000e-06	-6.949509e-10	-3.688230e-09	-3.708203e+00	-6.008669e+02
1.760000e-06	-6.016830e-10	-3.266821e-09	-3.213389e+00	-5.337640e+02
1.770000e-06	-5.083518e-10	-2.832530e-09	-2.718173e+00	-4.644583e+02
1.780000e-06	-4.149405e-10	-2.384802e-09	-2.222496e+00	-3.929868e+02
1.790000e-06	-3.214947e-10	-1.923369e-09	-1.726566e+00	-3.194433e+02
1.800000e-06	-2.280686e-10	-1.449139e-09	-1.230732e+00	-2.439825e+02
1.810000e-06	-1.346706e-10	-9.648333e-10	-7.351428e-01	-1.668212e+02
1.820000e-06	-4.129842e-11	-4.723209e-10	-2.397354e-01	-8.823529e+01
1.830000e-06	5.202772e-11	2.768118e-11	2.554583e-01	-8.554431e+00
1.840000e-06	1.453292e-10	5.334208e-10	7.505092e-01	7.184752e+01
1.850000e-06	2.386230e-10	1.041728e-09	1.245493e+00	1.525642e+02
1.860000e-06	3.319095e-10	1.548732e-09	1.740440e+00	2.331709e+02
1.870000e-06	4.252064e-10	2.051336e-09	2.235439e+00	3.132395e+02
1.880000e-06	5.184850e-10	2.547886e-09	2.730345e+00	3.923542e+02
1.890000e-06	6.117267e-10	3.035674e-09	3.225076e+00	4.701264e+02
1.900000e-06	7.049442e-10	3.511323e-09	3.719684e+00	5.462077e+02
1.910000e-06	7.981396e-10	3.971756e-09	4.214138e+00	6.203014e+02
1.920000e-06	8.912811e-10	4.415735e-09	4.708284e+00	6.921697e+02
1.930000e-06	9.843524e-10	4.844220e-09	5.202064e+00	7.616391e+02
1.940000e-06	1.077343e-09	5.257867e-09	5.695459e+00	8.286007e+02
1.950000e-06	1.170252e-09	5.656179e-09	6.188450e+00	8.930086e+02
1.960000e-06	1.263063e-09	6.038732e-09	6.680930e+00	9.548740e+02
1.970000e-06	1.355791e-09	6.406223e-09	7.172937e+00	1.014257e+03
1.980000e-06	1.448455e-09	6.759321e-09	7.664568e+00	1.071259e+03
1.990000e-06	1.541015e-09	7.099497e-09	8.155669e+00	1.126008e+03
2.000000e-06	1.633473e-09	7.428094e-09	8.646250e+00	1.178651e+03
2.010000e-06	1.725851e-09	7.745617e-09	9.136429e+00	1.229342e+03
2.020000e-06	1.818137e-09	8.051395e-09	9.626121e+00	1.278234e+03
2.030000e-06	1.910307e-09	8.345517e-09	1.011522e+01	1.325469e+03
2.040000e-06	2.002360e-09	8.630063e-09	1.060375e+01	1.371176e+03
2.050000e-06	2.094274e-09	8.906370e-09	1.109154e+01	1.415465e+03
2.060000e-06	2.185997e-09	9.174193e-09	1.157829e+01	1.458425e+03
2.070000e-06	2.277517e-09	9.433126e-09	1.206389e+01	1.500130e+03
2.080000e-06	2.368825e-09	9.684460e-09	1.254829e+01	1.540635e+03
2.090000e-06	2.459875e-09	9.928704e-09	1.303136e+01	1.579984e+03
2.100000e-06	2.550670e-09	1.016543e-08	1.351302e+01	1.618212e+03
2.110000e-06	2.641234e-09	1.039447e-08	1.399342e+01	1.655348e+03
2.120000e-06	2.731576e-09	1.061641e-08	1.447266e+01	1.691424e+03
2.130000e-06	2.821707e-09	1.083339e-08	1.495086e+01	1.726470e+03
2.140000e-06	2.911624e-09	1.104589e-08	1.542794e+01	1.760522e+03
2.150000e-06	3.001329e-09	1.125238e-08	1.590394e+01	1.793622e+03
2.160000e-06	3.090850e-09	1.145244e-08	1.637898e+01	1.825815e+03
2.170000e-06	3.180167e-09	1.164739e-08	1.685292e+01	1.857150e+03
2.180000e-06	3.269264e-09	1.183840e-08	1.732575e+01	1.887679e+03
2.190000e-06	3.358109e-09	1.202550e-08	1.779729e+01	1.917454e+03
2.200000e-06	3.446671e-09	1.220847e-08	1.826735e+01	1.946523e+03
2.210000e-06	3.534918e-09	1.238628e-08	1.873568e+01	1.974930e+03
2.220000e-06	3.622827e-09	1.255874e-08	1.920213e+01	2.002712e+03
2.230000e-06	3.710431e-09	1.272768e-08	1.966683e+01	2.029901e+03
2.240000e-06	3.797751e-09	1.289415e-08	2.012997e+01	2.056517e+03
2.250000e-06	3.884792e-09	1.305761e-08	2.059169e+01	2.082578e+03
2.260000e-06	3.971571e-09	1.321688e-08	2.105205e+01	2.108094e+03
2.270000e-06	4.058101e-09	1.337170e-08	2.151112e+01	2.133071e+03
2.280000e-06	4.144384e-09	1.352242e-08	2.196887e+01	2.157512e+03
2.290000e-06	4.230415e-09	1.366934e-08	2.242529e+01	2.181423e+03
2.300000e-06	4.316188e-09	1.381269e-08	2.288041e+01	2.204807e+03
2.310000e-06	4.401680e-09	1.395355e-08	2.333401e+01	2.227676e+03
2.320000e-06	4.486874e-09	1.409271e-08	2.378597e+01	2.250041e+03
2.330000e-06	4.571778e-09	1.422954e-08	2.423641e+01	2.271921e+03
2.340000e-06	4.656397e-09	1.436443e-08	2.468539e+01	2.293336e+03
2.350000e-06	4.740717e-09	1.449712e-08	2.513277e+01	2.314311e+03
2.360000e-06	4.824717e-09	1.462613e-08	2.557847e+01	2.334873e+03
2.370000e-06	4.908371e-09	1.475126e-08	2.602239e+01	2.355046e+03
2.380000e-06	4.991682e-09	1.487416e-08	2.646446e+01	2.374856e+03
2.390000e-06	5.074668e-09	1.499515e-08	2.690472e+01	2.394323e+03
2.400000e-06	5.157333e-09	1.511325e-08	2.734328e+01	2.413462e+03
2.410000e-06	5.239704e-09	1.522879e-08	2.778028e+01	2.432285e+03
2.420000e-06	5.321776e-09	1.534277e-08	2.821572e+01	2.450796e+03
2.430000e-06	5.403491e-09	1.545556e-08	2.864931e+01	2.468998e+03
2.440000e-06	5.484839e-09	1.556673e-08	2.908096e+01	2.486884e+03
2.450000e-06	5.565781e-09	1.567604e-08	2.951048e+01	2.504451e+03
2.460000e-06	5.646260e-09	1.578370e-08	2.993762e+01	2.521690e+03
2.470000e-06	5.726275e-09	1.588991e-08	3.036228e+01	2.538594e+03
2.480000e-06	5.805831e-09	1.599435e-08	3.078441e+01	2.555161e+03
2.490000e-06	5.884925e-09	1.609553e-08	3.120408e+01	2.571390e+03
2.500000e-06	5.963547e-09	1.619302e-08	3.162129e+01	2.587285e+03
2.510000e-06	6.041699e-09	1.628870e-08	3.203598e+01	2.602854e+03
2.520000e-06	6.119379e-09	1.638284e-08	3.244816e+01	2.618112e+03
2.530000e-06	6.196602e-09	1.647493e-08	3.285789e+01	2.633076e+03
2.540000e-06	6.273384e-09	1.656601e-08	3.326530e+01	2.647765e+03
2.550000e-06	6.349726e-09	1.665583e-08	3.367038e+01	2.662201e+03
2.560000e-06	6.425583e-09	1.674352e-08	3.407288e+01	2.676402e+03
2.570000e-06	6.500911e-09	1.682953e-08	3.447259e+01	2.690387e+03
2.580000e-06	6.575664e-09	1.691442e-08	3.486918e+01	2.704170e+03
2.590000e-06	6.649811e-09	1.699846e-08	3.526256e+01	2.717759e+03
2.600000e-06	6.723367e-09	1.708150e-08	3.565291e+01	2.731159e+03
2.610000e-06	6.796342e-09	1.716317e-08	3.604022e+01	2.744369e+03
2.620000e-06	6.868754e-09	1.724420e-08	3.642446e+01	2.757384e+03
2.630000e-06	6.940612e-09	1.732477e-08	3.680561e+01	2.770195e+03
2.640000e-06	7.011921e-09	1.740378e-08	3.718385e+01	2.782794e+03
2.650000e-06	7.082717e-09	1.748059e-08	3.755948e+01	2.795170e+03
2.660000e-06	7.153028e-09	1.755571e-08	3.793264e+01	2.807314e+03
2.670000e-06	7.222871e-09	1.762974e-08	3.830330e+01	2.819221e+03
2.680000e-06	7.292238e-09	1.770187e-08	3.867133e+01	2.830890e+03
2.690000e-06	7.361123e-09	1.777156e-08	3.903676e+01	2.842324e+03
2.700000e-06	7.429569e-09	1.783949e-08	3.939992e+01	2.853531e+03
2.710000e-06	7.497567e-09	1.790678e-08	3.976073e+01	2.864525e+03
2.720000e-06	7.565054e-09	1.797388e-08	4.011884e+01	2.875321e+03
2.730000e-06	7.631949e-09	1.804028e-08	4.047386e+01	2.885938e+03
2.740000e-06	7.698180e-09	1.810557e-08	4.082539e+01	2.896395e+03
2.750000e-06	7.763759e-09	1.817004e-08	4.117335e+01	2.906709e+03
2.760000e-06	7.828672e-09	1.823349e-08	4.151777e+01	2.916896e+03
2.770000e-06	7.892936e-09	1.829572e-08	4.185872e+01	2.926966e+03
2.780000e-06	7.956606e-09	1.835689e-08	4.219647e+01	2.936926e+03
2.790000e-06	8.019725e-09	1.841730e-08	4.253135e+01	2.946775e+03
2.800000e-06	8.082355e-09	1.847775e-08	4.286361e+01	2.956510e+03
2.810000e-06	8.144506e-09	1.853754e-08	4.319334e+01	2.966118e+03
2.820000e-06	8.206131e-09	1.859572e-08	4.352032e+01	2.975588e+03
2.830000e-06	8.267227e-09	1.865304e-08	4.384446e+01	2.984902e+03
2.840000e-06	8.327836e-09	1.870954e-08	4.416599e+01	2.994045e+03
2.850000e-06	8.387971e-09	1.876499e-08	4.448503e+01	3.002999e+03
2.860000e-06	8.447569e-09	1.881974e-08	4.480118e+01	3.011753e+03
2.870000e-06	8.506498e-09	1.887335e-08	4.511383e+01	3.020296e+03
2.880000e-06	8.564659e-09	1.892568e-08	4.542256e+01	3.028623e+03
2.890000e-06	8.622027e-09	1.897668e-08	4.572711e+01	3.036735e+03
2.900000e-06	8.678653e-09	1.902575e-08	4.602759e+01	3.044636e+03
2.910000e-06	8.734593e-09	1.907284e-08	4.632435e+01	3.052338e+03
2.920000e-06	8.789917e-09	1.911934e-08	4.661782e+01	3.059851e+03
2.930000e-06	8.844685e-09	1.916581e-08	4.690842e+01	3.067193e+03
2.940000e-06	8.898906e-09	1.921188e-08	4.719620e+01	3.074380e+03
2.950000e-06	8.952541e-09	1.925690e-08	4.748083e+01	3.081429e+03
2.960000e-06	9.005539e-09	1.930063e-08	4.776211e+01	3.088354e+03
2.970000e-06	9.057889e-09	1.934345e-08	4.804000e+01	3.095167e+03
2.980000e-06	9.109525e-09	1.938516e-08	4.831407e+01	3.101878e+03
2.990000e-06	9.160323e-09	1.942556e-08	4.858373e+01	3.108492e+03
3.000000e-06	9.210200e-09	1.946483e-08	4.884862e+01	3.115011e+03
3.010000e-06	9.259176e-09	1.950447e-08	4.910872e+01	3.121436e+03
3.020000e-06	9.307359e-09	1.954450e-08	4.936446e+01	3.127764e+03
3.030000e-06	9.354837e-09	1.958318e-08	4.961644e+01	3.133989e+03
3.040000e-06	9.401669e-09	1.962103e-08	4.986509e+01	3.140109e+03
3.050000e-06	9.447873e-09	1.965830e-08	5.011044e+01	3.146118e+03
3.060000e-06	9.493416e-09	1.969408e-08	5.035229e+01	3.152015e+03
3.070000e-06	9.538296e-09	1.972876e-08	5.059061e+01	3.157797e+03
3.080000e-06	9.582608e-09	1.976330e-08	5.082588e+01	3.163465e+03
3.090000e-06	9.626422e-09	1.979757e-08	5.105848e+01	3.169021e+03
3.100000e-06	9.669656e-09	1.983127e-08	5.128807e+01	3.174467e+03
3.110000e-06	9.712164e-09	1.986509e-08	5.151386e+01	3.179808e+03
3.120000e-06	9.753790e-09	1.989839e-08	5.173501e+01	3.185046e+03
3.130000e-06	9.794520e-09	1.993034e-08	5.195133e+01	3.190185e+03
3.140000e-06	9.834474e-09	1.996177e-08	5.216342e+01	3.195225e+03
3.150000e-06	9.873757e-09	1.999229e-08	5.237197e+01	3.200166e+03
3.160000e-06	9.912389e-09	2.002149e-08	5.257717e+01	3.205006e+03
3.170000e-06	9.950342e-09	2.005007e-08	5.277874e+01	3.209739e+03
3.180000e-06	9.987583e-09	2.007831e-08	5.297649e+01	3.214358e+03
3.190000e-06	1.002413e-08	2.010663e-08	5.317057e+01	3.218858e+03
3.200000e-06	1.006009e-08	2.013447e-08	5.336144e+01	3.223228e+03
3.210000e-06	1.009549e-08	2.016103e-08	5.354941e+01	3.227463e+03
3.220000e-06	1.013019e-08	2.018629e-08	5.373380e+01	3.231555e+03
3.230000e-06	1.016399e-08	2.021012e-08	5.391347e+01	3.235502e+03
3.240000e-06	1.019685e-08	2.023263e-08	5.408800e+01	3.239301e+03
3.250000e-06	1.022888e-08	2.025473e-08	5.425815e+01	3.242955e+03
3.260000e-06	1.026026e-08	2.027658e-08	5.442480e+01	3.246469e+03
3.270000e-06	1.029098e-08	2.029714e-08	5.458797e+01	3.249850e+03
3.280000e-06	1.032100e-08	2.031646e-08	5.474744e+01	3.253109e+03
3.290000e-06	1.035028e-08	2.033616e-08	5.490300e+01	3.256258e+03
3.300000e-06	1.037883e-08	2.035616e-08	5.505470e+01	3.259309e+03
3.310000e-06	1.040677e-08	2.037482e-08	5.520311e+01	3.262275e+03
3.320000e-06	1.043414e-08	2.039245e-08	5.534854e+01	3.265165e+03
3.330000e-06	1.046077e-08	2.040964e-08	5.549015e+01	3.267990e+03
3.340000e-06	1.048642e-08	2.042624e-08	5.562649e+01	3.270755e+03
3.350000e-06	1.051104e-08	2.044258e-08	5.575730e+01	3.273464e+03
3.360000e-06	1.053483e-08	2.045837e-08	5.588369e+01	3.276117e+03
3.370000e-06	1.055792e-08	2.047287e-08	5.600643e+01	3.278712e+03
3.380000e-06	1.058030e-08	2.048716e-08	5.612536e+01	3.281244e+03
3.390000e-06	1.060196e-08	2.050195e-08	5.624031e+01	3.283708e+03
3.400000e-06	1.062286e-08	2.051646e-08	5.635128e+01	3.286096e+03
3.410000e-06	1.064307e-08	2.053001e-08	5.645860e+01	3.288402e+03
3.420000e-06	1.066272e-08	2.054271e-08	5.656297e+01	3.290622e+03
3.430000e-06	1.068177e-08	2.055548e-08	5.666420e+01	3.292751e+03
3.440000e-06	1.070004e-08	2.056833e-08	5.676129e+01	3.294788e+03
3.450000e-06	1.071748e-08	2.058034e-08	5.685397e+01	3.296732e+03
3.460000e-06	1.073417e-08	2.059099e-08	5.694268e+01	3.298586e+03
3.470000e-06	1.075010e-08	2.060128e-08	5.702734e+01	3.300354e+03
3.480000e-06	1.076511e-08	2.061189e-08	5.710714e+01	3.302041e+03
3.490000e-06	1.077921e-08	2.062221e-08	5.718204e+01	3.303651e+03
3.500000e-06	1.079250e-08	2.063194e-08	5.725263e+01	3.305190e+03
3.510000e-06	1.080499e-08	2.064074e-08	5.731909e+01	3.306662e+03
3.520000e-06	1.081673e-08	2.064929e-08	5.738160e+01	3.308068e+03
3.530000e-06	1.082767e-08	2.065783e-08	5.743982e+01	3.309411e+03
3.540000e-06	1.083749e-08	2.066579e-08	5.749220e+01	3.310687e+03
3.550000e-06	1.084616e-08	2.067335e-08	5.753840e+01	3.311893e+03
3.560000e-06	1.085402e-08	2.068017e-08	5.758018e+01	3.313024e+03
3.570000e-06	1.086123e-08	2.068594e-08	5.761854e+01	3.314072e+03
3.580000e-06	1.086772e-08	2.069141e-08	5.765308e+01	3.315029e+03
3.590000e-06	1.087343e-08	2.069715e-08	5.768347e+01	3.315889e+03
3.600000e-06	1.087833e-08	2.070222e-08	5.770962e+01	3.316643e+03
3.610000e-06	1.088253e-08	2.070615e-08	5.773198e+01	3.317285e+03
3.620000e-06	1.088617e-08	2.070945e-08	5.775145e+01	3.317809e+03
3.630000e-06	1.088918e-08	2.071215e-08	5.776761e+01	3.318214e+03
3.640000e-06	1.089124e-08	2.071452e-08	5.777881e+01	3.318497e+03
3.650000e-06	1.089220e-08	2.071634e-08	5.778413e+01	3.318660e+03
3.660000e-06	1.089228e-08	2.071615e-08	5.778467e+01	3.318703e+03
3.670000e-06	1.089172e-08	2.071490e-08	5.778188e+01	3.318630e+03
3.680000e-06	1.089051e-08	2.071456e-08	5.777561e+01	3.318446e+03
3.690000e-06	1.088858e-08	2.071437e-08	5.776554e+01	3.318156e+03
3.700000e-06	1.088594e-08	2.071303e-08	5.775177e+01	3.317762e+03
3.710000e-06	1.088261e-08	2.070993e-08	5.773425e+01	3.317272e+03
3.720000e-06	1.087866e-08	2.070525e-08	5.771342e+01	3.316688e+03
3.730000e-06	1.087421e-08	2.069776e-08	5.768992e+01	3.316016e+03
3.740000e-06	1.086913e-08	2.068728e-08	5.766314e+01	3.315260e+03
3.750000e-06	1.086309e-08	2.068639e-08	5.763140e+01	3.314425e+03
3.760000e-06	1.085584e-08	2.070554e-08	5.759320e+01	3.313517e+03
3.770000e-06	1.084719e-08	2.071072e-08	5.754760e+01	3.312543e+03
3.780000e-06	1.083718e-08	2.066379e-08	5.749472e+01	3.311510e+03
3.790000e-06	1.082634e-08	2.061354e-08	5.743732e+01	3.310429e+03
3.800000e-06	1.081544e-08	2.064880e-08	5.737956e+01	3.309312e+03
3.810000e-06	1.080439e-08	2.070809e-08	5.732112e+01	3.308170e+03
3.820000e-06	1.079228e-08	2.065270e-08	5.725713e+01	3.307017e+03
3.830000e-06	1.077894e-08	2.056327e-08	5.718644e+01	3.305867e+03
3.840000e-06	1.076498e-08	2.063814e-08	5.711259e+01	3.304735e+03
3.850000e-06	1.075039e-08	2.072984e-08	5.703543e+01	3.303631e+03
3.860000e-06	1.073463e-08	2.062382e-08	5.695206e+01	3.302567e+03
3.870000e-06	1.071796e-08	2.054236e-08	5.686381e+01	3.301550e+03
3.880000e-06	1.070081e-08	2.063285e-08	5.677294e+01	3.300583e+03
3.890000e-06	1.068290e-08	2.064678e-08	5.667814e+01	3.299665e+03
3.900000e-06	1.066413e-08	2.055228e-08	5.657866e+01	3.298791e+03
3.910000e-06	1.064474e-08	2.061424e-08	5.647592e+01	3.297951e+03
3.920000e-06	1.062469e-08	2.071634e-08	5.636972e+01	3.297129e+03
3.930000e-06	1.060369e-08	2.062405e-08	5.625848e+01	3.296306e+03
3.940000e-06	1.058174e-08	2.055439e-08	5.614221e+01	3.295460e+03
3.950000e-06	1.055887e-08	2.061954e-08	5.602106e+01	3.294566e+03
3.960000e-06	1.053510e-08	2.056515e-08	5.589512e+01	3.293595e+03
3.970000e-06	1.051068e-08	2.045785e-08	5.576568e+01	3.292521e+03
3.980000e-06	1.048565e-08	2.052739e-08	5.563302e+01	3.291315e+03
3.990000e-06	1.045983e-08	2.058006e-08	5.549620e+01	3.289951e+03
4.000000e-06	1.043332e-08	2.050873e-08	5.535562e+01	3.288404e+03
4.010000e-06	1.040615e-08	2.055126e-08	5.521163e+01	3.286654e+03
4.020000e-06	1.037827e-08	2.063845e-08	5.506386e+01	3.284682e+03
4.030000e-06	1.034975e-08	2.056707e-08	5.491278e+01	3.282474e+03
4.040000e-06	1.032058e-08	2.053284e-08	5.475827e+01	3.280021e+03
4.050000e-06	1.029041e-08	2.059250e-08	5.459851e+01	3.277317e+03
4.060000e-06	1.025915e-08	2.053495e-08	5.443293e+01	3.274360e+03
4.070000e-06	1.022703e-08	2.047575e-08	5.426276e+01	3.271152e+03
4.080000e-06	1.019412e-08	2.051422e-08	5.408836e+01	3.267699e+03
4.090000e-06	1.016048e-08	2.047354e-08	5.391002e+01	3.264011e+03
4.100000e-06	1.012620e-08	2.040556e-08	5.372838e+01	3.260100e+03
4.110000e-06	1.009131e-08	2.041462e-08	5.354339e+01	3.255979e+03
4.120000e-06	1.005579e-08	2.039193e-08	5.335502e+01	3.251663e+03
4.130000e-06	1.001970e-08	2.034312e-08	5.316367e+01	3.247171e+03
4.140000e-06	9.982998e-09	2.033474e-08	5.296913e+01	3.242519e+03
4.150000e-06	9.945529e-09	2.030576e-08	5.277047e+01	3.237724e+03
4.160000e-06	9.907128e-09	2.025931e-08	5.256679e+01	3.232802e+03
4.170000e-06	9.867745e-09	2.024049e-08	5.235798e+01	3.227766e+03
4.180000e-06	9.827572e-09	2.021156e-08	5.214502e+01	3.222629e+03
4.190000e-06	9.786792e-09	2.016866e-08	5.192876e+01	3.217400e+03
4.200000e-06	9.745381e-09	2.014058e-08	5.170913e+01	3.212085e+03
4.210000e-06	9.703262e-09	2.011136e-08	5.148579e+01	3.206686e+03
4.220000e-06	9.660426e-09	2.007507e-08	5.125866e+01	3.201204e+03
4.230000e-06	9.616923e-09	2.004301e-08	5.102801e+01	3.195633e+03
4.240000e-06	9.572841e-09	2.000686e-08	5.079423e+01	3.189968e+03
4.250000e-06	9.528238e-09	1.996408e-08	5.055766e+01	3.184200e+03
4.260000e-06	9.483069e-09	1.992532e-08	5.031816e+01	3.178317e+03
4.270000e-06	9.437248e-09	1.989158e-08	5.007523e+01	3.172310e+03
4.280000e-06	9.390718e-09	1.985578e-08	4.982847e+01	3.166168e+03
4.290000e-06	9.343490e-09	1.981608e-08	4.957805e+01	3.159880e+03
4.300000e-06	9.295602e-09	1.977451e-08	4.932410e+01	3.153439e+03
4.310000e-06	9.246995e-09	1.973373e-08	4.906634e+01	3.146840e+03
4.320000e-06	9.197558e-09	1.969228e-08	4.880425e+01	3.140079e+03
4.330000e-06	9.147308e-09	1.964744e-08	4.853776e+01	3.133156e+03
4.340000e-06	9.096328e-09	1.960063e-08	4.826729e+01	3.126073e+03
4.350000e-06	9.044603e-09	1.955533e-08	4.799293e+01	3.118836e+03
4.360000e-06	8.992083e-09	1.951076e-08	4.771439e+01	3.111449e+03
4.370000e-06	8.938746e-09	1.946753e-08	4.743144e+01	3.103919e+03
4.380000e-06	8.884566e-09	1.942353e-08	4.714395e+01	3.096254e+03
4.390000e-06	8.829590e-09	1.937216e-08	4.685226e+01	3.088457e+03
4.400000e-06	8.773928e-09	1.931812e-08	4.655698e+01	3.080533e+03
4.410000e-06	8.717660e-09	1.926808e-08	4.625851e+01	3.072483e+03
4.420000e-06	8.660838e-09	1.921747e-08	4.595712e+01	3.064304e+03
4.430000e-06	8.603452e-09	1.916429e-08	4.565271e+01	3.055994e+03
4.440000e-06	8.545464e-09	1.911315e-08	4.534509e+01	3.047545e+03
4.450000e-06	8.486867e-09	1.906288e-08	4.503422e+01	3.038948e+03
4.460000e-06	8.427664e-09	1.900941e-08	4.472011e+01	3.030195e+03
4.470000e-06	8.367842e-09	1.895404e-08	4.440284e+01	3.021275e+03
4.480000e-06	8.307413e-09	1.889718e-08	4.408243e+01	3.012178e+03
4.490000e-06	8.246386e-09	1.883538e-08	4.375877e+01	3.002896e+03
4.500000e-06	8.184726e-09	1.877265e-08	4.343161e+01	2.993424e+03
4.510000e-06	8.122384e-09	1.871447e-08	4.310079e+01	2.983757e+03
4.520000e-06	8.059312e-09	1.865754e-08	4.276619e+01	2.973896e+03
4.530000e-06	7.995592e-09	1.859732e-08	4.242819e+01	2.963841e+03
4.540000e-06	7.931345e-09	1.853509e-08	4.208735e+01	2.953597e+03
4.550000e-06	7.866605e-09	1.847166e-08	4.174392e+01	2.943168e+03
4.560000e-06	7.801368e-09	1.840534e-08	4.139784e+01	2.932561e+03
4.570000e-06	7.735592e-09	1.833632e-08	4.104898e+01	2.921782e+03
4.580000e-06	7.669269e-09	1.826632e-08	4.069724e+01	2.910833e+03
4.590000e-06	7.602426e-09	1.819614e-08	4.034272e+01	2.899718e+03
4.600000e-06	7.535070e-09	1.812622e-08	3.998547e+01	2.888436e+03
4.610000e-06	7.467191e-09	1.805654e-08	3.962549e+01	2.876983e+03
4.620000e-06	7.398780e-09	1.798534e-08	3.926271e+01	2.865354e+03
4.630000e-06	7.329836e-09	1.791060e-08	3.889705e+01	2.853539e+03
4.640000e-06	7.260351e-09	1.783317e-08	3.852842e+01	2.841528e+03
4.650000e-06	7.190282e-09	1.775518e-08	3.815675e+01	2.829309e+03
4.660000e-06	7.119619e-09	1.767708e-08	3.778195e+01	2.816870e+03
4.670000e-06	7.048404e-09	1.759842e-08	3.740419e+01	2.804200e+03
4.680000e-06	6.976638e-09	1.751850e-08	3.702368e+01	2.791291e+03
4.690000e-06	6.904360e-09	1.743635e-08	3.664052e+01	2.778135e+03
4.700000e-06	6.831633e-09	1.735142e-08	3.625489e+01	2.764728e+03
4.710000e-06	6.758471e-09	1.726442e-08	3.586688e+01	2.751070e+03
4.720000e-06	6.684858e-09	1.717580e-08	3.547648e+01	2.737162e+03
4.730000e-06	6.610770e-09	1.708621e-08	3.508361e+01	2.723005e+03
4.740000e-06	6.536189e-09	1.699625e-08	3.468813e+01	2.708605e+03
4.750000e-06	6.461097e-09	1.690535e-08	3.428992e+01	2.693965e+03
4.760000e-06	6.385514e-09	1.681317e-08	3.388908e+01	2.679086e+03
4.770000e-06	6.309418e-09	1.671933e-08	3.348553e+01	2.663969e+03
4.780000e-06	6.232784e-09	1.662309e-08	3.307925e+01	2.648611e+03
4.790000e-06	6.155647e-09	1.652442e-08	3.267022e+01	2.633004e+03
4.800000e-06	6.078007e-09	1.642501e-08	3.225836e+01	2.617138e+03
4.810000e-06	5.999862e-09	1.632541e-08	3.184378e+01	2.600999e+03
4.820000e-06	5.921216e-09	1.622332e-08	3.142650e+01	2.584571e+03
4.830000e-06	5.842065e-09	1.611790e-08	3.100669e+01	2.567837e+03
4.840000e-06	5.762426e-09	1.601010e-08	3.058450e+01	2.550778e+03
4.850000e-06	5.682333e-09	1.589981e-08	3.015983e+01	2.533378e+03
4.860000e-06	5.601776e-09	1.578687e-08	2.973260e+01	2.515622e+03
4.870000e-06	5.520775e-09	1.567158e-08	2.930308e+01	2.497499e+03
4.880000e-06	5.439414e-09	1.555464e-08	2.887163e+01	2.479001e+03
4.890000e-06	5.357721e-09	1.543695e-08	2.843840e+01	2.460127e+03
4.900000e-06	5.275696e-09	1.531754e-08	2.800343e+01	2.440875e+03
4.910000e-06	5.193325e-09	1.519580e-08	2.756656e+01	2.421250e+03
4.920000e-06	5.110628e-09	1.507174e-08	2.712790e+01	2.401256e+03
4.930000e-06	5.027644e-09	1.494485e-08	2.668769e+01	2.380900e+03
4.940000e-06	4.944359e-09	1.481474e-08	2.624598e+01	2.360185e+03
4.950000e-06	4.860761e-09	1.468215e-08	2.580272e+01	2.339113e+03
4.960000e-06	4.776865e-09	1.454734e-08	2.535786e+01	2.317680e+03
4.970000e-06	4.692649e-09	1.440943e-08	2.491129e+01	2.295877e+03
4.980000e-06	4.608081e-09	1.426943e-08	2.446292e+01	2.273692e+03
4.990000e-06	4.523159e-09	1.412827e-08	2.401260e+01	2.251103e+03
5.000000e-06	4.437860e-09	1.398499e-08	2.356017e+01	2.228085e+03
5.010000e-06	4.352203e-09	1.383799e-08	2.310576e+01	2.204612e+03
5.020000e-06	4.266228e-09	1.368713e-08	2.264968e+01	2.180651e+03
5.030000e-06	4.179926e-09	1.353309e-08	2.219187e+01	2.156173e+03
5.040000e-06	4.093288e-09	1.337623e-08	2.173230e+01	2.131149e+03
5.050000e-06	4.006332e-09	1.321650e-08	2.127108e+01	2.105553e+03
5.060000e-06	3.919063e-09	1.305307e-08	2.080821e+01	2.079365e+03
5.070000e-06	3.831476e-09	1.288517e-08	2.034370e+01	2.052569e+03
5.080000e-06	3.743564e-09	1.271373e-08	1.987752e+01	2.025157e+03
5.090000e-06	3.655367e-09	1.253986e-08	1.940985e+01	1.997125e+03
5.100000e-06	3.566920e-09	1.236294e-08	1.894080e+01	1.968470e+03
5.110000e-06	3.478222e-09	1.218100e-08	1.847036e+01	1.939195e+03
5.120000e-06	3.389282e-09	1.199388e-08	1.799858e+01	1.909300e+03
5.130000e-06	3.300110e-09	1.180369e-08	1.752557e+01	1.878781e+03
5.140000e-06	3.210711e-09	1.161070e-08	1.705140e+01	1.847632e+03
5.150000e-06	3.121099e-09	1.141330e-08	1.657604e+01	1.815837e+03
5.160000e-06	3.031303e-09	1.121088e-08	1.609962e+01	1.783373e+03
5.170000e-06	2.941317e-09	1.100290e-08	1.562226e+01	1.750208e+03
5.180000e-06	2.851134e-09	1.078952e-08	1.514389e+01	1.716300e+03
5.190000e-06	2.760768e-09	1.057112e-08	1.466457e+01	1.681602e+03
5.200000e-06	2.670223e-09	1.034718e-08	1.418428e+01	1.646061e+03
5.210000e-06	2.579521e-09	1.011820e-08	1.370314e+01	1.609620e+03
5.220000e-06	2.488699e-09	9.883977e-09	1.322137e+01	1.572224e+03
5.230000e-06	2.397739e-09	9.644007e-09	1.273891e+01	1.533820e+03
5.240000e-06	2.306620e-09	9.398644e-09	1.225565e+01	1.494359e+03
5.250000e-06	2.215334e-09	9.146966e-09	1.177151e+01	1.453802e+03
5.260000e-06	2.123888e-09	8.887291e-09	1.128650e+01	1.412113e+03
5.270000e-06	2.032288e-09	8.619819e-09	1.080065e+01	1.369268e+03
5.280000e-06	1.940514e-09	8.345529e-09	1.031394e+01	1.325244e+03
5.290000e-06	1.848567e-09	8.064160e-09	9.826265e+00	1.280023e+03
5.300000e-06	1.756454e-09	7.775654e-09	9.337641e+00	1.233585e+03
5.310000e-06	1.664218e-09	7.480079e-09	8.848382e+00	1.185906e+03
5.320000e-06	1.571883e-09	7.175940e-09	8.358601e+00	1.136952e+03
5.330000e-06	1.479458e-09	6.862062e-09	7.868313e+00	1.086675e+03
5.340000e-06	1.386943e-09	6.539768e-09	7.377597e+00	1.035014e+03
5.350000e-06	1.294341e-09	6.208406e-09	6.886425e+00	9.818885e+02
5.360000e-06	1.201656e-09	5.866049e-09	6.394726e+00	9.272042e+02
5.370000e-06	1.108867e-09	5.512874e-09	5.902504e+00	8.708524e+02
5.380000e-06	1.015988e-09	5.148995e-09	5.409839e+00	8.127160e+02
5.390000e-06	9.230313e-10	4.773590e-09	4.916704e+00	7.526766e+02
5.400000e-06	8.299930e-10	4.385741e-09	4.423083e+00	6.906230e+02
5.410000e-06	7.368618e-10	3.985892e-09	3.928994e+00	6.264612e+02
5.420000e-06	6.436508e-10	3.573894e-09	3.434510e+00	5.601246e+02
5.430000e-06	5.503768e-10	3.149461e-09	2.939615e+00	4.915846e+02
5.440000e-06	4.570339e-10	2.712736e-09	2.444330e+00	4.208600e+02
5.450000e-06	3.636379e-10	2.262209e-09	1.948768e+00	3.480241e+02
5.460000e-06	2.702329e-10	1.797784e-09	1.453144e+00	2.732102e+02
5.470000e-06	1.768630e-10	1.322170e-09	9.577109e-01	1.966136e+02
5.480000e-06	8.350875e-11	8.365307e-10	4.623761e-01	1.184900e+02
5.490000e-06	-9.822504e-12	3.415291e-10	-3.286675e-02	3.915136e+01
5.500000e-06	-1.030990e-10	-1.599869e-10	-5.278466e-01	-4.104278e+01
5.510000e-06	-1.963561e-10	-6.657072e-10	-1.022681e+00	-1.216959e+02
5.520000e-06	-2.896253e-10	-1.173790e-09	-1.517516e+00	-2.023881e+02
5.530000e-06	-3.828926e-10	-1.680384e-09	-2.012327e+00	-2.826906e+02
5.540000e-06	-4.761276e-10	-2.182066e-09	-2.507032e+00	-3.621817e+02
5.550000e-06	-5.693325e-10	-2.676421e-09	-3.001612e+00	-4.404619e+02
5.560000e-06	-6.625185e-10	-3.159967e-09	-3.496084e+00	-5.171673e+02
5.570000e-06	-7.556736e-10	-3.630502e-09	-3.990362e+00	-5.919822e+02
5.580000e-06	-8.487825e-10	-4.087106e-09	-4.484384e+00	-6.646477e+02
5.590000e-06	-9.418102e-10	-4.528207e-09	-4.977974e+00	-7.349676e+02
5.600000e-06	-1.034726e-09	-4.953061e-09	-5.471005e+00	-8.028105e+02
5.610000e-06	-1.127539e-09	-5.363569e-09	-5.963489e+00	-8.681092e+02
5.620000e-06	-1.220236e-09	-5.759636e-09	-6.455332e+00	-9.308556e+02
5.630000e-06	-1.312815e-09	-6.139304e-09	-6.946609e+00	-9.910941e+02
5.640000e-06	-1.405311e-09	-6.503679e-09	-7.437503e+00	-1.048912e+03
5.650000e-06	-1.497708e-09	-6.855041e-09	-7.927759e+00	-1.104430e+03
5.660000e-06	-1.589955e-09	-7.193773e-09	-8.417108e+00	-1.157790e+03
5.670000e-06	-1.682071e-09	-7.519388e-09	-8.905770e+00	-1.209144e+03
5.680000e-06	-1.774098e-09	-7.833206e-09	-9.393933e+00	-1.258647e+03
5.690000e-06	-1.866010e-09	-8.136804e-09	-9.881447e+00	-1.306445e+03
5.700000e-06	-1.957787e-09	-8.431025e-09	-1.036820e+01	-1.352671e+03
5.710000e-06	-2.049428e-09	-8.715910e-09	-1.085427e+01	-1.397443e+03
5.720000e-06	-2.140933e-09	-8.990781e-09	-1.133968e+01	-1.440857e+03
5.730000e-06	-2.232244e-09	-9.256197e-09	-1.182405e+01	-1.482992e+03
5.740000e-06	-2.323340e-09	-9.513214e-09	-1.230728e+01	-1.523910e+03
5.750000e-06	-2.414254e-09	-9.762513e-09	-1.278953e+01	-1.563658e+03
5.760000e-06	-2.504984e-09	-1.000448e-08	-1.327086e+01	-1.602273e+03
5.770000e-06	-2.595536e-09	-1.023920e-08	-1.375134e+01	-1.639786e+03
5.780000e-06	-2.685901e-09	-1.046763e-08	-1.423077e+01	-1.676228e+03
5.790000e-06	-2.776089e-09	-1.069020e-08	-1.470921e+01	-1.711629e+03
5.800000e-06	-2.866098e-09	-1.090658e-08	-1.518671e+01	-1.746023e+03
5.810000e-06	-2.955920e-09	-1.111667e-08	-1.566330e+01	-1.779450e+03
5.820000e-06	-3.045577e-09	-1.132095e-08	-1.613905e+01	-1.811953e+03
5.830000e-06	-3.135094e-09	-1.152056e-08	-1.661403e+01	-1.843581e+03
5.840000e-06	-3.224468e-09	-1.171571e-08	-1.708820e+01	-1.874386e+03
5.850000e-06	-3.313642e-09	-1.190668e-08	-1.756134e+01	-1.904418e+03
5.860000e-06	-3.402566e-09	-1.209339e-08	-1.803312e+01	-1.933728e+03
5.870000e-06	-3.491207e-09	-1.227444e-08	-1.850335e+01	-1.962361e+03
5.880000e-06	-3.579553e-09	-1.245004e-08	-1.897199e+01	-1.990357e+03
5.890000e-06	-3.667603e-09	-1.262208e-08	-1.943900e+01	-2.017750e+03
5.900000e-06	-3.755346e-09	-1.279152e-08	-1.990445e+01	-2.044563e+03
5.910000e-06	-3.842768e-09	-1.295752e-08	-2.036816e+01	-2.070817e+03
5.920000e-06	-3.929863e-09	-1.311864e-08	-2.083013e+01	-2.096522e+03
5.930000e-06	-4.016652e-09	-1.327541e-08	-2.129057e+01	-2.121686e+03
5.940000e-06	-4.103157e-09	-1.342943e-08	-2.174950e+01	-2.146313e+03
5.950000e-06	-4.189376e-09	-1.358079e-08	-2.220696e+01	-2.170408e+03
5.960000e-06	-4.275315e-09	-1.372825e-08	-2.266297e+01	-2.193975e+03
5.970000e-06	-4.360951e-09	-1.387193e-08	-2.311736e+01	-2.217022e+03
5.980000e-06	-4.446250e-09	-1.401326e-08	-2.356992e+01	-2.239561e+03
5.990000e-06	-4.531191e-09	-1.415296e-08	-2.402052e+01	-2.261607e+03
6.000000e-06	-4.615746e-09	-1.429074e-08	-2.446905e+01	-2.283182e+03
6.010000e-06	-4.699927e-09	-1.442537e-08	-2.491550e+01	-2.304307e+03
6.020000e-06	-4.783750e-09	-1.455698e-08	-2.536004e+01	-2.325010e+03
6.030000e-06	-4.867246e-09	-1.468604e-08	-2.580292e+01	-2.345316e+03
6.040000e-06	-4.950427e-09	-1.481225e-08	-2.624414e+01	-2.365250e+03
6.050000e-06	-5.033276e-09	-1.493590e-08	-2.668363e+01	-2.384834e+03
6.060000e-06	-5.115793e-09	-1.505747e-08	-2.712142e+01	-2.404086e+03
6.070000e-06	-5.197979e-09	-1.517638e-08	-2.755748e+01	-2.423018e+03
6.080000e-06	-5.279843e-09	-1.529270e-08	-2.799177e+01	-2.441638e+03
6.090000e-06	-5.361414e-09	-1.540738e-08	-2.842449e+01	-2.459948e+03
6.100000e-06	-5.442687e-09	-1.552058e-08	-2.885566e+01	-2.477945e+03
6.110000e-06	-5.523615e-09	-1.563236e-08	-2.928500e+01	-2.495624e+03
6.120000e-06	-5.604145e-09	-1.574267e-08	-2.971222e+01	-2.512977e+03
6.130000e-06	-5.684202e-09	-1.585039e-08	-3.013690e+01	-2.529999e+03
6.140000e-06	-5.763757e-09	-1.595470e-08	-3.055894e+01	-2.546684e+03
6.150000e-06	-5.842825e-09	-1.605701e-08	-3.097843e+01	-2.563030e+03
6.160000e-06	-5.921413e-09	-1.615761e-08	-3.139541e+01	-2.579040e+03
6.170000e-06	-5.999505e-09	-1.625586e-08	-3.180974e+01	-2.594722e+03
6.180000e-06	-6.077058e-09	-1.635292e-08	-3.222119e+01	-2.610086e+03
6.190000e-06	-6.154037e-09	-1.644862e-08	-3.262967e+01	-2.625151e+03
6.200000e-06	-6.230459e-09	-1.654228e-08	-3.303515e+01	-2.639933e+03
6.210000e-06	-6.306379e-09	-1.663458e-08	-3.343789e+01	-2.654455e+03
6.220000e-06	-6.381849e-09	-1.672552e-08	-3.383830e+01	-2.668736e+03
6.230000e-06	-6.456887e-09	-1.681532e-08	-3.423641e+01	-2.682794e+03
6.240000e-06	-6.531480e-09	-1.690416e-08	-3.463208e+01	-2.696646e+03
6.250000e-06	-6.605601e-09	-1.699144e-08	-3.502527e+01	-2.710302e+03
6.260000e-06	-6.679246e-09	-1.707670e-08	-3.541597e+01	-2.723767e+03
6.270000e-06	-6.752460e-09	-1.716044e-08	-3.580439e+01	-2.737044e+03
6.280000e-06	-6.825237e-09	-1.724313e-08	-3.619056e+01	-2.750128e+03
6.290000e-06	-6.897564e-09	-1.732462e-08	-3.657431e+01	-2.763011e+03
6.300000e-06	-6.969410e-09	-1.740442e-08	-3.695544e+01	-2.775685e+03
6.310000e-06	-7.040691e-09	-1.748207e-08	-3.733368e+01	-2.788140e+03
6.320000e-06	-7.111378e-09	-1.755851e-08	-3.770885e+01	-2.800365e+03
6.330000e-06	-7.181506e-09	-1.763361e-08	-3.808101e+01	-2.812355e+03
6.340000e-06	-7.251100e-09	-1.770643e-08	-3.845030e+01	-2.824107e+03
6.350000e-06	-7.320134e-09	-1.777820e-08	-3.881668e+01	-2.835622e+03
6.360000e-06	-7.388622e-09	-1.784942e-08	-3.918016e+01	-2.846907e+03
6.370000e-06	-7.456597e-09	-1.791956e-08	-3.954084e+01	-2.857974e+03
6.380000e-06	-7.524080e-09	-1.798885e-08	-3.989901e+01	-2.868837e+03
6.390000e-06	-7.591087e-09	-1.805744e-08	-4.025474e+01	-2.879514e+03
6.400000e-06	-7.657575e-09	-1.812514e-08	-4.060770e+01	-2.890024e+03
6.410000e-06	-7.723502e-09	-1.819207e-08	-4.095766e+01	-2.900386e+03
6.420000e-06	-7.788896e-09	-1.825776e-08	-4.130481e+01	-2.910616e+03
6.430000e-06	-7.853800e-09	-1.832181e-08	-4.164940e+01	-2.920726e+03
6.440000e-06	-7.918202e-09	-1.838522e-08	-4.199125e+01	-2.930724e+03
6.450000e-06	-7.982049e-09	-1.844853e-08	-4.233011e+01	-2.940613e+03
6.460000e-06	-8.045275e-09	-1.851095e-08	-4.266568e+01	-2.950388e+03
6.470000e-06	-8.107833e-09	-1.857165e-08	-4.299771e+01	-2.960042e+03
6.480000e-06	-8.169731e-09	-1.863104e-08	-4.332626e+01	-2.969561e+03
6.490000e-06	-8.230996e-09	-1.868996e-08	-4.365146e+01	-2.978932e+03
6.500000e-06	-8.291652e-09	-1.874767e-08	-4.397344e+01	-2.988136e+03
6.510000e-06	-8.351741e-09	-1.880418e-08	-4.429237e+01	-2.997157e+03
6.520000e-06	-8.411279e-09	-1.886016e-08	-4.460839e+01	-3.005982e+03
6.530000e-06	-8.470244e-09	-1.891442e-08	-4.492143e+01	-3.014599e+03
6.540000e-06	-8.528586e-09	-1.896655e-08	-4.523113e+01	-3.023002e+03
6.550000e-06	-8.586301e-09	-1.901699e-08	-4.553745e+01	-3.031188e+03
6.560000e-06	-8.643438e-09	-1.906649e-08	-4.584067e+01	-3.039162e+03
6.570000e-06	-8.699999e-09	-1.911590e-08	-4.614082e+01	-3.046932e+03
6.580000e-06	-8.755955e-09	-1.916495e-08	-4.643772e+01	-3.054509e+03
6.590000e-06	-8.811196e-09	-1.921248e-08	-4.673086e+01	-3.061909e+03
6.600000e-06	-8.865634e-09	-1.925754e-08	-4.701985e+01	-3.069149e+03
6.610000e-06	-8.919282e-09	-1.930143e-08	-4.730466e+01	-3.076244e+03
6.620000e-06	-8.972168e-09	-1.934540e-08	-4.758539e+01	-3.083210e+03
6.630000e-06	-9.024320e-09	-1.938867e-08	-4.786227e+01	-3.090061e+03
6.640000e-06	-9.075781e-09	-1.943076e-08	-4.813555e+01	-3.096807e+03
6.650000e-06	-9.126558e-09	-1.947246e-08	-4.840519e+01	-3.103454e+03
6.660000e-06	-9.176535e-09	-1.951438e-08	-4.867054e+01	-3.110007e+03
6.670000e-06	-9.225591e-09	-1.955553e-08	-4.893104e+01	-3.116465e+03
6.680000e-06	-9.273764e-09	-1.959490e-08	-4.918688e+01	-3.122826e+03
6.690000e-06	-9.321161e-09	-1.963319e-08	-4.943850e+01	-3.129088e+03
6.700000e-06	-9.367874e-09	-1.967108e-08	-4.968638e+01	-3.135245e+03
6.710000e-06	-9.414013e-09	-1.970867e-08	-4.993127e+01	-3.141293e+03
6.720000e-06	-9.459593e-09	-1.974656e-08	-5.017325e+01	-3.147229e+03
6.730000e-06	-9.504608e-09	-1.978485e-08	-5.041221e+01	-3.153051e+03
6.740000e-06	-9.549089e-09	-1.982254e-08	-5.064830e+01	-3.158759e+03
6.750000e-06	-9.593040e-09	-1.985821e-08	-5.088163e+01	-3.164353e+03
6.760000e-06	-9.636418e-09	-1.989192e-08	-5.111205e+01	-3.169837e+03
6.770000e-06	-9.679192e-09	-1.992532e-08	-5.133923e+01	-3.175214e+03
6.780000e-06	-9.721327e-09	-1.995948e-08	-5.156298e+01	-3.180488e+03
6.790000e-06	-9.762780e-09	-1.999339e-08	-5.178318e+01	-3.185661e+03
6.800000e-06	-9.803610e-09	-2.002614e-08	-5.200002e+01	-3.190736e+03
6.810000e-06	-9.843854e-09	-2.005819e-08	-5.221369e+01	-3.195712e+03
6.820000e-06	-9.883412e-09	-2.008984e-08	-5.242380e+01	-3.200587e+03
6.830000e-06	-9.922106e-09	-2.012024e-08	-5.262938e+01	-3.205358e+03
6.840000e-06	-9.959851e-09	-2.014844e-08	-5.282990e+01	-3.210018e+03
6.850000e-06	-9.996759e-09	-2.017563e-08	-5.302589e+01	-3.214560e+03
6.860000e-06	-1.003298e-08	-2.020313e-08	-5.321823e+01	-3.218976e+03
6.870000e-06	-1.006857e-08	-2.023060e-08	-5.340729e+01	-3.223259e+03
6.880000e-06	-1.010352e-08	-2.025708e-08	-5.359288e+01	-3.227402e+03
6.890000e-06	-1.013777e-08	-2.028240e-08	-5.377479e+01	-3.231399e+03
6.900000e-06	-1.017132e-08	-2.030689e-08	-5.395291e+01	-3.235250e+03
6.910000e-06	-1.020420e-08	-2.033014e-08	-5.412750e+01	-3.238954e+03
6.920000e-06	-1.023649e-08	-2.035204e-08	-5.429885e+01	-3.242515e+03
6.930000e-06	-1.026805e-08	-2.037358e-08	-5.446642e+01	-3.245942e+03
6.940000e-06	-1.029866e-08	-2.039533e-08	-5.462900e+01	-3.249242e+03
6.950000e-06	-1.032824e-08	-2.041642e-08	-5.478610e+01	-3.252428e+03
6.960000e-06	-1.035697e-08	-2.043687e-08	-5.493863e+01	-3.255512e+03
6.970000e-06	-1.038505e-08	-2.045712e-08	-5.508767e+01	-3.258506e+03
6.980000e-06	-1.041247e-08	-2.047667e-08	-5.523332e+01	-3.261422e+03
6.990000e-06	-1.043915e-08	-2.049592e-08	-5.537506e+01	-3.264269e+03
7.000000e-06	-1.046506e-08	-2.051513e-08	-5.551257e+01	-3.267054e+03
7.010000e-06	-1.049022e-08	-2.053381e-08	-5.564614e+01	-3.269783e+03
7.020000e-06	-1.051478e-08	-2.055146e-08	-5.577653e+01	-3.272455e+03
7.030000e-06	-1.053881e-08	-2.056811e-08	-5.590412e+01	-3.275071e+03
7.040000e-06	-1.056209e-08	-2.058402e-08	-5.602779e+01	-3.277625e+03
7.050000e-06	-1.058434e-08	-2.059987e-08	-5.614598e+01	-3.280113e+03
7.060000e-06	-1.060557e-08	-2.061603e-08	-5.625874e+01	-3.282528e+03
7.070000e-06	-1.062602e-08	-2.063170e-08	-5.636740e+01	-3.284864e+03
7.080000e-06	-1.064586e-08	-2.064677e-08	-5.647274e+01	-3.287114e+03
7.090000e-06	-1.066501e-08	-2.066084e-08	-5.657440e+01	-3.289275e+03
7.100000e-06	-1.068342e-08	-2.067337e-08	-5.667208e+01	-3.291344e+03
7.110000e-06	-1.070108e-08	-2.068536e-08	-5.676583e+01	-3.293321e+03
7.120000e-06	-1.071803e-08	-2.069764e-08	-5.685581e+01	-3.295206e+03
7.130000e-06	-1.073439e-08	-2.071023e-08	-5.694263e+01	-3.297003e+03
7.140000e-06	-1.075007e-08	-2.072255e-08	-5.702591e+01	-3.298717e+03
7.150000e-06	-1.076472e-08	-2.073347e-08	-5.710368e+01	-3.300354e+03
7.160000e-06	-1.077818e-08	-2.074381e-08	-5.717510e+01	-3.301917e+03
7.170000e-06	-1.079068e-08	-2.075401e-08	-5.724152e+01	-3.303412e+03
7.180000e-06	-1.080242e-08	-2.076294e-08	-5.730396e+01	-3.304841e+03
7.190000e-06	-1.081341e-08	-2.077104e-08	-5.736238e+01	-3.306206e+03
7.200000e-06	-1.082363e-08	-2.077870e-08	-5.741680e+01	-3.307505e+03
7.210000e-06	-1.083310e-08	-2.078592e-08	-5.746714e+01	-3.308737e+03
7.220000e-06	-1.084186e-08	-2.079325e-08	-5.751375e+01	-3.309894e+03
7.230000e-06	-1.085004e-08	-2.080054e-08	-5.755727e+01	-3.310972e+03
7.240000e-06	-1.085748e-08	-2.080632e-08	-5.759690e+01	-3.311962e+03
7.250000e-06	-1.086387e-08	-2.081056e-08	-5.763102e+01	-3.312857e+03
7.260000e-06	-1.086920e-08	-2.081423e-08	-5.765948e+01	-3.313648e+03
7.270000e-06	-1.087374e-08	-2.081765e-08	-5.768370e+01	-3.314330e+03
7.280000e-06	-1.087767e-08	-2.082095e-08	-5.770470e+01	-3.314896e+03
7.290000e-06	-1.088092e-08	-2.082333e-08	-5.772207e+01	-3.315343e+03
7.300000e-06	-1.088345e-08	-2.082447e-08	-5.773562e+01	-3.315668e+03
7.310000e-06	-1.088525e-08	-2.082506e-08	-5.774533e+01	-3.315872e+03
7.320000e-06	-1.088628e-08	-2.082590e-08	-5.775092e+01	-3.315957e+03
