# Concentracion g/m^3_=_53300.0
# C_Vs_to_Am_M_A/Vsm_=_128687336408.14134
# pendiente_HvsI_1/m_=_3716.3
# ordenada_HvsI_A/m_=_1297.0
# frecuencia_Hz_=_135944.91519565778
# Promedio de 29 ciclos

Tiempo_(s)	Campo_(V.s)	Magnetizacion_(V.s)	Campo_(kA/m)	Magnetizacion_(A/m)
0.000000e+00	-2.907852e-09	-1.333491e-08	-1.615005e+01	-1.710379e+03
1.000000e-08	-2.908020e-09	-1.333709e-08	-1.615099e+01	-1.710339e+03
2.000000e-08	-2.908040e-09	-1.333621e-08	-1.615110e+01	-1.710218e+03
3.000000e-08	-2.907919e-09	-1.332630e-08	-1.615043e+01	-1.710020e+03
4.000000e-08	-2.907653e-09	-1.330807e-08	-1.614895e+01	-1.709745e+03
5.000000e-08	-2.907260e-09	-1.329634e-08	-1.614677e+01	-1.709396e+03
6.000000e-08	-2.906757e-09	-1.330003e-08	-1.614397e+01	-1.708972e+03
7.000000e-08	-2.906078e-09	-1.332088e-08	-1.614020e+01	-1.708474e+03
8.000000e-08	-2.905106e-09	-1.333479e-08	-1.613480e+01	-1.707903e+03
9.000000e-08	-2.903743e-09	-1.331774e-08	-1.612723e+01	-1.707258e+03
1.000000e-07	-2.901951e-09	-1.330138e-08	-1.611728e+01	-1.706539e+03
1.100000e-07	-2.899706e-09	-1.329906e-08	-1.610481e+01	-1.705745e+03
1.200000e-07	-2.897037e-09	-1.327877e-08	-1.608999e+01	-1.704875e+03
1.300000e-07	-2.894034e-09	-1.324729e-08	-1.607331e+01	-1.703929e+03
1.400000e-07	-2.890787e-09	-1.324605e-08	-1.605527e+01	-1.702905e+03
1.500000e-07	-2.887368e-09	-1.326362e-08	-1.603629e+01	-1.701802e+03
1.600000e-07	-2.883823e-09	-1.325693e-08	-1.601660e+01	-1.700618e+03
1.700000e-07	-2.880161e-09	-1.323534e-08	-1.599626e+01	-1.699353e+03
1.800000e-07	-2.876378e-09	-1.322877e-08	-1.597525e+01	-1.698004e+03
1.900000e-07	-2.872486e-09	-1.322449e-08	-1.595363e+01	-1.696571e+03
2.000000e-07	-2.868486e-09	-1.320212e-08	-1.593141e+01	-1.695053e+03
2.100000e-07	-2.864355e-09	-1.317191e-08	-1.590847e+01	-1.693449e+03
2.200000e-07	-2.860051e-09	-1.315467e-08	-1.588457e+01	-1.691760e+03
2.300000e-07	-2.855552e-09	-1.315461e-08	-1.585958e+01	-1.689984e+03
2.400000e-07	-2.850842e-09	-1.315793e-08	-1.583342e+01	-1.688123e+03
2.500000e-07	-2.845898e-09	-1.314390e-08	-1.580597e+01	-1.686178e+03
2.600000e-07	-2.840711e-09	-1.311007e-08	-1.577716e+01	-1.684150e+03
2.700000e-07	-2.835306e-09	-1.308207e-08	-1.574714e+01	-1.682039e+03
2.800000e-07	-2.829722e-09	-1.307163e-08	-1.571612e+01	-1.679849e+03
2.900000e-07	-2.823956e-09	-1.305907e-08	-1.568410e+01	-1.677580e+03
3.000000e-07	-2.817991e-09	-1.303342e-08	-1.565097e+01	-1.675235e+03
3.100000e-07	-2.811820e-09	-1.301366e-08	-1.561670e+01	-1.672814e+03
3.200000e-07	-2.805428e-09	-1.300733e-08	-1.558119e+01	-1.670318e+03
3.300000e-07	-2.798809e-09	-1.299313e-08	-1.554443e+01	-1.667748e+03
3.400000e-07	-2.791968e-09	-1.295927e-08	-1.550644e+01	-1.665104e+03
3.500000e-07	-2.784895e-09	-1.292323e-08	-1.546715e+01	-1.662384e+03
3.600000e-07	-2.777617e-09	-1.290240e-08	-1.542673e+01	-1.659589e+03
3.700000e-07	-2.770186e-09	-1.289046e-08	-1.538546e+01	-1.656716e+03
3.800000e-07	-2.762610e-09	-1.287101e-08	-1.534339e+01	-1.653764e+03
3.900000e-07	-2.754907e-09	-1.284312e-08	-1.530060e+01	-1.650731e+03
4.000000e-07	-2.747103e-09	-1.281769e-08	-1.525726e+01	-1.647614e+03
4.100000e-07	-2.739190e-09	-1.279503e-08	-1.521332e+01	-1.644412e+03
4.200000e-07	-2.731151e-09	-1.276535e-08	-1.516867e+01	-1.641123e+03
4.300000e-07	-2.722955e-09	-1.272933e-08	-1.512314e+01	-1.637746e+03
4.400000e-07	-2.714562e-09	-1.269882e-08	-1.507653e+01	-1.634280e+03
4.500000e-07	-2.705936e-09	-1.267741e-08	-1.502862e+01	-1.630725e+03
4.600000e-07	-2.697031e-09	-1.265639e-08	-1.497916e+01	-1.627080e+03
4.700000e-07	-2.687829e-09	-1.262834e-08	-1.492806e+01	-1.623347e+03
4.800000e-07	-2.678302e-09	-1.259430e-08	-1.487514e+01	-1.619526e+03
4.900000e-07	-2.668428e-09	-1.255852e-08	-1.482030e+01	-1.615618e+03
5.000000e-07	-2.658206e-09	-1.252406e-08	-1.476353e+01	-1.611625e+03
5.100000e-07	-2.647647e-09	-1.249142e-08	-1.470489e+01	-1.607547e+03
5.200000e-07	-2.636808e-09	-1.245914e-08	-1.464469e+01	-1.603385e+03
5.300000e-07	-2.625744e-09	-1.242649e-08	-1.458324e+01	-1.599140e+03
5.400000e-07	-2.614467e-09	-1.239496e-08	-1.452061e+01	-1.594812e+03
5.500000e-07	-2.602985e-09	-1.236380e-08	-1.445684e+01	-1.590401e+03
5.600000e-07	-2.591328e-09	-1.232793e-08	-1.439209e+01	-1.585907e+03
5.700000e-07	-2.579523e-09	-1.228585e-08	-1.432653e+01	-1.581329e+03
5.800000e-07	-2.567578e-09	-1.224384e-08	-1.426019e+01	-1.576666e+03
5.900000e-07	-2.555480e-09	-1.220699e-08	-1.419300e+01	-1.571917e+03
6.000000e-07	-2.543216e-09	-1.217249e-08	-1.412488e+01	-1.567082e+03
6.100000e-07	-2.530769e-09	-1.213552e-08	-1.405576e+01	-1.562160e+03
6.200000e-07	-2.518125e-09	-1.209713e-08	-1.398553e+01	-1.557151e+03
6.300000e-07	-2.505266e-09	-1.205853e-08	-1.391411e+01	-1.552054e+03
6.400000e-07	-2.492179e-09	-1.201679e-08	-1.384143e+01	-1.546870e+03
6.500000e-07	-2.478866e-09	-1.197119e-08	-1.376749e+01	-1.541598e+03
6.600000e-07	-2.465340e-09	-1.192574e-08	-1.369237e+01	-1.536240e+03
6.700000e-07	-2.451627e-09	-1.188281e-08	-1.361620e+01	-1.530795e+03
6.800000e-07	-2.437730e-09	-1.184079e-08	-1.353902e+01	-1.525264e+03
6.900000e-07	-2.423624e-09	-1.179814e-08	-1.346067e+01	-1.519647e+03
7.000000e-07	-2.409298e-09	-1.175430e-08	-1.338111e+01	-1.513944e+03
7.100000e-07	-2.394754e-09	-1.170810e-08	-1.330034e+01	-1.508153e+03
7.200000e-07	-2.379960e-09	-1.165955e-08	-1.321817e+01	-1.502276e+03
7.300000e-07	-2.364902e-09	-1.161087e-08	-1.313454e+01	-1.496309e+03
7.400000e-07	-2.349595e-09	-1.156299e-08	-1.304952e+01	-1.490251e+03
7.500000e-07	-2.334031e-09	-1.151506e-08	-1.296308e+01	-1.484102e+03
7.600000e-07	-2.318211e-09	-1.146711e-08	-1.287522e+01	-1.477858e+03
7.700000e-07	-2.302137e-09	-1.141936e-08	-1.278594e+01	-1.471519e+03
7.800000e-07	-2.285824e-09	-1.136982e-08	-1.269534e+01	-1.465081e+03
7.900000e-07	-2.269298e-09	-1.131682e-08	-1.260356e+01	-1.458545e+03
8.000000e-07	-2.252586e-09	-1.126225e-08	-1.251074e+01	-1.451908e+03
8.100000e-07	-2.235716e-09	-1.120825e-08	-1.241705e+01	-1.445169e+03
8.200000e-07	-2.218707e-09	-1.115464e-08	-1.232258e+01	-1.438329e+03
8.300000e-07	-2.201546e-09	-1.110094e-08	-1.222727e+01	-1.431386e+03
8.400000e-07	-2.184250e-09	-1.104728e-08	-1.213121e+01	-1.424341e+03
8.500000e-07	-2.166876e-09	-1.099262e-08	-1.203471e+01	-1.417192e+03
8.600000e-07	-2.149431e-09	-1.093544e-08	-1.193782e+01	-1.409940e+03
8.700000e-07	-2.131876e-09	-1.087628e-08	-1.184032e+01	-1.402582e+03
8.800000e-07	-2.114226e-09	-1.081658e-08	-1.174230e+01	-1.395119e+03
8.900000e-07	-2.096496e-09	-1.075687e-08	-1.164383e+01	-1.387548e+03
9.000000e-07	-2.078661e-09	-1.069730e-08	-1.154477e+01	-1.379868e+03
9.100000e-07	-2.060702e-09	-1.063763e-08	-1.144503e+01	-1.372074e+03
9.200000e-07	-2.042597e-09	-1.057651e-08	-1.134448e+01	-1.364164e+03
9.300000e-07	-2.024340e-09	-1.051284e-08	-1.124307e+01	-1.356135e+03
9.400000e-07	-2.005904e-09	-1.044710e-08	-1.114068e+01	-1.347983e+03
9.500000e-07	-1.987271e-09	-1.038035e-08	-1.103720e+01	-1.339705e+03
9.600000e-07	-1.968454e-09	-1.031312e-08	-1.093269e+01	-1.331298e+03
9.700000e-07	-1.949474e-09	-1.024576e-08	-1.082728e+01	-1.322761e+03
9.800000e-07	-1.930339e-09	-1.017894e-08	-1.072100e+01	-1.314093e+03
9.900000e-07	-1.911047e-09	-1.011178e-08	-1.061385e+01	-1.305292e+03
1.000000e-06	-1.891620e-09	-1.004228e-08	-1.050596e+01	-1.296361e+03
1.010000e-06	-1.872091e-09	-9.970710e-09	-1.039749e+01	-1.287302e+03
1.020000e-06	-1.852476e-09	-9.898126e-09	-1.028855e+01	-1.278116e+03
1.030000e-06	-1.832796e-09	-9.824370e-09	-1.017925e+01	-1.268808e+03
1.040000e-06	-1.813068e-09	-9.749811e-09	-1.006968e+01	-1.259383e+03
1.050000e-06	-1.793286e-09	-9.675870e-09	-9.959814e+00	-1.249843e+03
1.060000e-06	-1.773459e-09	-9.602569e-09	-9.849694e+00	-1.240195e+03
1.070000e-06	-1.753585e-09	-9.528197e-09	-9.739313e+00	-1.230442e+03
1.080000e-06	-1.733664e-09	-9.452000e-09	-9.628674e+00	-1.220587e+03
1.090000e-06	-1.713686e-09	-9.374511e-09	-9.517717e+00	-1.210634e+03
1.100000e-06	-1.693630e-09	-9.296181e-09	-9.406327e+00	-1.200584e+03
1.110000e-06	-1.673478e-09	-9.217430e-09	-9.294403e+00	-1.190437e+03
1.120000e-06	-1.653215e-09	-9.138534e-09	-9.181868e+00	-1.180194e+03
1.130000e-06	-1.632837e-09	-9.059379e-09	-9.068687e+00	-1.169854e+03
1.140000e-06	-1.612333e-09	-8.979862e-09	-8.954808e+00	-1.159413e+03
1.150000e-06	-1.591681e-09	-8.899092e-09	-8.840110e+00	-1.148869e+03
1.160000e-06	-1.570883e-09	-8.816585e-09	-8.724599e+00	-1.138219e+03
1.170000e-06	-1.549952e-09	-8.732498e-09	-8.608348e+00	-1.127459e+03
1.180000e-06	-1.528885e-09	-8.646650e-09	-8.491345e+00	-1.116583e+03
1.190000e-06	-1.507688e-09	-8.560172e-09	-8.373618e+00	-1.105587e+03
1.200000e-06	-1.486362e-09	-8.474108e-09	-8.255175e+00	-1.094467e+03
1.210000e-06	-1.464898e-09	-8.387886e-09	-8.135962e+00	-1.083218e+03
1.220000e-06	-1.443327e-09	-8.300749e-09	-8.016157e+00	-1.071836e+03
1.230000e-06	-1.421673e-09	-8.211764e-09	-7.895893e+00	-1.060315e+03
1.240000e-06	-1.399931e-09	-8.120221e-09	-7.775140e+00	-1.048651e+03
1.250000e-06	-1.378098e-09	-8.026429e-09	-7.653883e+00	-1.036841e+03
1.260000e-06	-1.356191e-09	-7.931535e-09	-7.532208e+00	-1.024881e+03
1.270000e-06	-1.334219e-09	-7.836152e-09	-7.410178e+00	-1.012766e+03
1.280000e-06	-1.312160e-09	-7.739665e-09	-7.287665e+00	-1.000495e+03
1.290000e-06	-1.290021e-09	-7.641884e-09	-7.164703e+00	-9.880658e+02
1.300000e-06	-1.267800e-09	-7.543530e-09	-7.041291e+00	-9.754766e+02
1.310000e-06	-1.245485e-09	-7.444463e-09	-6.917356e+00	-9.627274e+02
1.320000e-06	-1.223086e-09	-7.343908e-09	-6.792951e+00	-9.498190e+02
1.330000e-06	-1.200604e-09	-7.241853e-09	-6.668086e+00	-9.367535e+02
1.340000e-06	-1.178023e-09	-7.138767e-09	-6.542673e+00	-9.235339e+02
1.350000e-06	-1.155330e-09	-7.034703e-09	-6.416636e+00	-9.101641e+02
1.360000e-06	-1.132532e-09	-6.929966e-09	-6.290020e+00	-8.966488e+02
1.370000e-06	-1.109655e-09	-6.824899e-09	-6.162962e+00	-8.829930e+02
1.380000e-06	-1.086691e-09	-6.718733e-09	-6.035424e+00	-8.692018e+02
1.390000e-06	-1.063621e-09	-6.611133e-09	-5.907293e+00	-8.552798e+02
1.400000e-06	-1.040457e-09	-6.502433e-09	-5.778643e+00	-8.412307e+02
1.410000e-06	-1.017218e-09	-6.392994e-09	-5.649573e+00	-8.270568e+02
1.420000e-06	-9.939088e-10	-6.282896e-09	-5.520114e+00	-8.127586e+02
1.430000e-06	-9.705270e-10	-6.171811e-09	-5.390253e+00	-7.983344e+02
1.440000e-06	-9.470908e-10	-6.059756e-09	-5.260090e+00	-7.837806e+02
1.450000e-06	-9.236006e-10	-5.946401e-09	-5.129626e+00	-7.690910e+02
1.460000e-06	-9.000413e-10	-5.831553e-09	-4.998779e+00	-7.542574e+02
1.470000e-06	-8.764380e-10	-5.715690e-09	-4.867688e+00	-7.392700e+02
1.480000e-06	-8.527992e-10	-5.598496e-09	-4.736399e+00	-7.241177e+02
1.490000e-06	-8.291210e-10	-5.479076e-09	-4.604892e+00	-7.087888e+02
1.500000e-06	-8.054084e-10	-5.357537e-09	-4.473193e+00	-6.932716e+02
1.510000e-06	-7.816627e-10	-5.234691e-09	-4.341310e+00	-6.775557e+02
1.520000e-06	-7.578978e-10	-5.110534e-09	-4.209321e+00	-6.616317e+02
1.530000e-06	-7.341039e-10	-4.984393e-09	-4.077172e+00	-6.454928e+02
1.540000e-06	-7.102776e-10	-4.855961e-09	-3.944842e+00	-6.291348e+02
1.550000e-06	-6.864303e-10	-4.725635e-09	-3.812395e+00	-6.125563e+02
1.560000e-06	-6.625676e-10	-4.594213e-09	-3.679863e+00	-5.957587e+02
1.570000e-06	-6.386816e-10	-4.461971e-09	-3.547201e+00	-5.787465e+02
1.580000e-06	-6.147516e-10	-4.328269e-09	-3.414295e+00	-5.615263e+02
1.590000e-06	-5.907857e-10	-4.192680e-09	-3.281189e+00	-5.441063e+02
1.600000e-06	-5.667963e-10	-4.055721e-09	-3.147954e+00	-5.264959e+02
1.610000e-06	-5.427733e-10	-3.917687e-09	-3.014531e+00	-5.087045e+02
1.620000e-06	-5.187157e-10	-3.777927e-09	-2.880917e+00	-4.907408e+02
1.630000e-06	-4.946282e-10	-3.636142e-09	-2.747136e+00	-4.726119e+02
1.640000e-06	-4.705197e-10	-3.493316e-09	-2.613238e+00	-4.543231e+02
1.650000e-06	-4.463969e-10	-3.350106e-09	-2.479262e+00	-4.358768e+02
1.660000e-06	-4.222415e-10	-3.206573e-09	-2.345104e+00	-4.172729e+02
1.670000e-06	-3.980514e-10	-3.062153e-09	-2.210753e+00	-3.985086e+02
1.680000e-06	-3.738500e-10	-2.915699e-09	-2.076340e+00	-3.795786e+02
1.690000e-06	-3.496334e-10	-2.767263e-09	-1.941843e+00	-3.604761e+02
1.700000e-06	-3.253804e-10	-2.617415e-09	-1.807143e+00	-3.411930e+02
1.710000e-06	-3.011058e-10	-2.465772e-09	-1.672323e+00	-3.217209e+02
1.720000e-06	-2.768221e-10	-2.312028e-09	-1.537452e+00	-3.020522e+02
1.730000e-06	-2.525336e-10	-2.156982e-09	-1.402556e+00	-2.821808e+02
1.740000e-06	-2.282293e-10	-2.001136e-09	-1.267571e+00	-2.621027e+02
1.750000e-06	-2.039013e-10	-1.844028e-09	-1.132455e+00	-2.418170e+02
1.760000e-06	-1.795525e-10	-1.685066e-09	-9.972223e-01	-2.213258e+02
1.770000e-06	-1.551728e-10	-1.524008e-09	-8.618193e-01	-2.006345e+02
1.780000e-06	-1.307809e-10	-1.360813e-09	-7.263479e-01	-1.797517e+02
1.790000e-06	-1.063843e-10	-1.196098e-09	-5.908500e-01	-1.586888e+02
1.800000e-06	-8.197734e-11	-1.031003e-09	-4.552953e-01	-1.374596e+02
1.810000e-06	-5.756623e-11	-8.655898e-10	-3.197174e-01	-1.160795e+02
1.820000e-06	-3.315670e-11	-6.993352e-10	-1.841482e-01	-9.456445e+01
1.830000e-06	-8.740347e-12	-5.321994e-10	-4.854105e-02	-7.293105e+01
1.840000e-06	1.568941e-11	-3.641855e-10	8.714050e-02	-5.119524e+01
1.850000e-06	4.010454e-11	-1.951966e-10	2.227408e-01	-2.937213e+01
1.860000e-06	6.449934e-11	-2.536282e-11	3.582281e-01	-7.475636e+00
1.870000e-06	8.889253e-11	1.452326e-10	4.937066e-01	1.448152e+01
1.880000e-06	1.132777e-10	3.160002e-10	6.291404e-01	3.648775e+01
1.890000e-06	1.376427e-10	4.862392e-10	7.644625e-01	5.853220e+01
1.900000e-06	1.619852e-10	6.562164e-10	8.996592e-01	8.060435e+01
1.910000e-06	1.863188e-10	8.266403e-10	1.034807e+00	1.026935e+02
1.920000e-06	2.106539e-10	9.978293e-10	1.169963e+00	1.247880e+02
1.930000e-06	2.349807e-10	1.169238e-09	1.305072e+00	1.468751e+02
1.940000e-06	2.592846e-10	1.339920e-09	1.440055e+00	1.689404e+02
1.950000e-06	2.835712e-10	1.509429e-09	1.574941e+00	1.909675e+02
1.960000e-06	3.078389e-10	1.678421e-09	1.709723e+00	2.129384e+02
1.970000e-06	3.320661e-10	1.847407e-09	1.844279e+00	2.348335e+02
1.980000e-06	3.562680e-10	2.015931e-09	1.978695e+00	2.566320e+02
1.990000e-06	3.804543e-10	2.183590e-09	2.113025e+00	2.783127e+02
2.000000e-06	4.046053e-10	2.350601e-09	2.247159e+00	2.998549e+02
2.010000e-06	4.287204e-10	2.516834e-09	2.381092e+00	3.212386e+02
2.020000e-06	4.528114e-10	2.681871e-09	2.514892e+00	3.424461e+02
2.030000e-06	4.768875e-10	2.845563e-09	2.648610e+00	3.634623e+02
2.040000e-06	5.009434e-10	3.007414e-09	2.782215e+00	3.842749e+02
2.050000e-06	5.249781e-10	3.167118e-09	2.915703e+00	4.048754e+02
2.060000e-06	5.489941e-10	3.325011e-09	3.049086e+00	4.252586e+02
2.070000e-06	5.729752e-10	3.481316e-09	3.182276e+00	4.454228e+02
2.080000e-06	5.969163e-10	3.635785e-09	3.315243e+00	4.653688e+02
2.090000e-06	6.208215e-10	3.788092e-09	3.448012e+00	4.850998e+02
2.100000e-06	6.447075e-10	3.938289e-09	3.580674e+00	5.046202e+02
2.110000e-06	6.685730e-10	4.086799e-09	3.713221e+00	5.239349e+02
2.120000e-06	6.924115e-10	4.233940e-09	3.845619e+00	5.430481e+02
2.130000e-06	7.162273e-10	4.379192e-09	3.977891e+00	5.619630e+02
2.140000e-06	7.400064e-10	4.522104e-09	4.109959e+00	5.806809e+02
2.150000e-06	7.637474e-10	4.663829e-09	4.241815e+00	5.992005e+02
2.160000e-06	7.874606e-10	4.805270e-09	4.373517e+00	6.175184e+02
2.170000e-06	8.111461e-10	4.945357e-09	4.505065e+00	6.356288e+02
2.180000e-06	8.347936e-10	5.083724e-09	4.636402e+00	6.535241e+02
2.190000e-06	8.583998e-10	5.221145e-09	4.767509e+00	6.711953e+02
2.200000e-06	8.819619e-10	5.357441e-09	4.898372e+00	6.886332e+02
2.210000e-06	9.054727e-10	5.491721e-09	5.028950e+00	7.058288e+02
2.220000e-06	9.289259e-10	5.623425e-09	5.159208e+00	7.227747e+02
2.230000e-06	9.523197e-10	5.752966e-09	5.289135e+00	7.394655e+02
2.240000e-06	9.756529e-10	5.880887e-09	5.418727e+00	7.558986e+02
2.250000e-06	9.989047e-10	6.006949e-09	5.547866e+00	7.720745e+02
2.260000e-06	1.022071e-09	6.130779e-09	5.676533e+00	7.879972e+02
2.270000e-06	1.045159e-09	6.251960e-09	5.804761e+00	8.036740e+02
2.280000e-06	1.068158e-09	6.370617e-09	5.932493e+00	8.191148e+02
2.290000e-06	1.091059e-09	6.487747e-09	6.059683e+00	8.343317e+02
2.300000e-06	1.113870e-09	6.603682e-09	6.186378e+00	8.493383e+02
2.310000e-06	1.136601e-09	6.717878e-09	6.312623e+00	8.641485e+02
2.320000e-06	1.159239e-09	6.830006e-09	6.438355e+00	8.787757e+02
2.330000e-06	1.181770e-09	6.940414e-09	6.563487e+00	8.932317e+02
2.340000e-06	1.204190e-09	7.049926e-09	6.688008e+00	9.075262e+02
2.350000e-06	1.226520e-09	7.158913e-09	6.812030e+00	9.216660e+02
2.360000e-06	1.248766e-09	7.266710e-09	6.935582e+00	9.356549e+02
2.370000e-06	1.270933e-09	7.373099e-09	7.058694e+00	9.494934e+02
2.380000e-06	1.293020e-09	7.478473e-09	7.181364e+00	9.631791e+02
2.390000e-06	1.315025e-09	7.582761e-09	7.303578e+00	9.767070e+02
2.400000e-06	1.336956e-09	7.685692e-09	7.425383e+00	9.900705e+02
2.410000e-06	1.358809e-09	7.787317e-09	7.546753e+00	1.003262e+03
2.420000e-06	1.380588e-09	7.887525e-09	7.667713e+00	1.016273e+03
2.430000e-06	1.402293e-09	7.986544e-09	7.788260e+00	1.029097e+03
2.440000e-06	1.423929e-09	8.085011e-09	7.908426e+00	1.041728e+03
2.450000e-06	1.445487e-09	8.182912e-09	8.028159e+00	1.054163e+03
2.460000e-06	1.466932e-09	8.279519e-09	8.147262e+00	1.066399e+03
2.470000e-06	1.488249e-09	8.373435e-09	8.265655e+00	1.078440e+03
2.480000e-06	1.509446e-09	8.464967e-09	8.383387e+00	1.090289e+03
2.490000e-06	1.530523e-09	8.555516e-09	8.500448e+00	1.101953e+03
2.500000e-06	1.551462e-09	8.645032e-09	8.616737e+00	1.113442e+03
2.510000e-06	1.572273e-09	8.732800e-09	8.732321e+00	1.124765e+03
2.520000e-06	1.592959e-09	8.818848e-09	8.847212e+00	1.135934e+03
2.530000e-06	1.613493e-09	8.903917e-09	8.961257e+00	1.146960e+03
2.540000e-06	1.633896e-09	8.988297e-09	9.074571e+00	1.157854e+03
2.550000e-06	1.654194e-09	9.071827e-09	9.187305e+00	1.168625e+03
2.560000e-06	1.674387e-09	9.154171e-09	9.299459e+00	1.179282e+03
2.570000e-06	1.694485e-09	9.235128e-09	9.411082e+00	1.189830e+03
2.580000e-06	1.714494e-09	9.314885e-09	9.522211e+00	1.200274e+03
2.590000e-06	1.734435e-09	9.393698e-09	9.632964e+00	1.210616e+03
2.600000e-06	1.754324e-09	9.472265e-09	9.743426e+00	1.220855e+03
2.610000e-06	1.774163e-09	9.550471e-09	9.853610e+00	1.230990e+03
2.620000e-06	1.793967e-09	9.627616e-09	9.963598e+00	1.241018e+03
2.630000e-06	1.813729e-09	9.703831e-09	1.007336e+01	1.250934e+03
2.640000e-06	1.833411e-09	9.778869e-09	1.018267e+01	1.260735e+03
2.650000e-06	1.853017e-09	9.853082e-09	1.029156e+01	1.270414e+03
2.660000e-06	1.872552e-09	9.926954e-09	1.040005e+01	1.279968e+03
2.670000e-06	1.891987e-09	9.999854e-09	1.050799e+01	1.289391e+03
2.680000e-06	1.911300e-09	1.007138e-08	1.061526e+01	1.298679e+03
2.690000e-06	1.930453e-09	1.014208e-08	1.072164e+01	1.307829e+03
2.700000e-06	1.949437e-09	1.021269e-08	1.082707e+01	1.316838e+03
2.710000e-06	1.968274e-09	1.028274e-08	1.093169e+01	1.325703e+03
2.720000e-06	1.986934e-09	1.035150e-08	1.103533e+01	1.334424e+03
2.730000e-06	2.005393e-09	1.041891e-08	1.113785e+01	1.342998e+03
2.740000e-06	2.023686e-09	1.048489e-08	1.123945e+01	1.351425e+03
2.750000e-06	2.041818e-09	1.054927e-08	1.134015e+01	1.359705e+03
2.760000e-06	2.059781e-09	1.061200e-08	1.143992e+01	1.367840e+03
2.770000e-06	2.077608e-09	1.067342e-08	1.153892e+01	1.375830e+03
2.780000e-06	2.095310e-09	1.073395e-08	1.163724e+01	1.383678e+03
2.790000e-06	2.112882e-09	1.079406e-08	1.173483e+01	1.391385e+03
2.800000e-06	2.130348e-09	1.085367e-08	1.183184e+01	1.398957e+03
2.810000e-06	2.147720e-09	1.091189e-08	1.192832e+01	1.406396e+03
2.820000e-06	2.164986e-09	1.096857e-08	1.202422e+01	1.413708e+03
2.830000e-06	2.182153e-09	1.102441e-08	1.211956e+01	1.420898e+03
2.840000e-06	2.199231e-09	1.107973e-08	1.221442e+01	1.427972e+03
2.850000e-06	2.216199e-09	1.113448e-08	1.230865e+01	1.434937e+03
2.860000e-06	2.233032e-09	1.118833e-08	1.240214e+01	1.441798e+03
2.870000e-06	2.249733e-09	1.124128e-08	1.249490e+01	1.448561e+03
2.880000e-06	2.266270e-09	1.129355e-08	1.258674e+01	1.455233e+03
2.890000e-06	2.282606e-09	1.134488e-08	1.267747e+01	1.461818e+03
2.900000e-06	2.298710e-09	1.139523e-08	1.276691e+01	1.468319e+03
2.910000e-06	2.314551e-09	1.144459e-08	1.285489e+01	1.474741e+03
2.920000e-06	2.330145e-09	1.149283e-08	1.294150e+01	1.481086e+03
2.930000e-06	2.345487e-09	1.154055e-08	1.302671e+01	1.487354e+03
2.940000e-06	2.360562e-09	1.158858e-08	1.311043e+01	1.493546e+03
2.950000e-06	2.375376e-09	1.163591e-08	1.319271e+01	1.499661e+03
2.960000e-06	2.389942e-09	1.168154e-08	1.327361e+01	1.505698e+03
2.970000e-06	2.404280e-09	1.172632e-08	1.335324e+01	1.511656e+03
2.980000e-06	2.418447e-09	1.177125e-08	1.343193e+01	1.517532e+03
2.990000e-06	2.432462e-09	1.181626e-08	1.350977e+01	1.523325e+03
3.000000e-06	2.446304e-09	1.186080e-08	1.358664e+01	1.529033e+03
3.010000e-06	2.459985e-09	1.190445e-08	1.366263e+01	1.534654e+03
3.020000e-06	2.473487e-09	1.194692e-08	1.373762e+01	1.540188e+03
3.030000e-06	2.486789e-09	1.198861e-08	1.381150e+01	1.545633e+03
3.040000e-06	2.499878e-09	1.202990e-08	1.388419e+01	1.550987e+03
3.050000e-06	2.512745e-09	1.207060e-08	1.395565e+01	1.556250e+03
3.060000e-06	2.525405e-09	1.211040e-08	1.402596e+01	1.561421e+03
3.070000e-06	2.537862e-09	1.214947e-08	1.409515e+01	1.566497e+03
3.080000e-06	2.550139e-09	1.218862e-08	1.416334e+01	1.571477e+03
3.090000e-06	2.562256e-09	1.222741e-08	1.423063e+01	1.576358e+03
3.100000e-06	2.574228e-09	1.226459e-08	1.429713e+01	1.581137e+03
3.110000e-06	2.586062e-09	1.230065e-08	1.436285e+01	1.585811e+03
3.120000e-06	2.597735e-09	1.233628e-08	1.442768e+01	1.590377e+03
3.130000e-06	2.609241e-09	1.237146e-08	1.449158e+01	1.594831e+03
3.140000e-06	2.620571e-09	1.240609e-08	1.455451e+01	1.599171e+03
3.150000e-06	2.631682e-09	1.243991e-08	1.461622e+01	1.603393e+03
3.160000e-06	2.642529e-09	1.247256e-08	1.467646e+01	1.607495e+03
3.170000e-06	2.653073e-09	1.250405e-08	1.473503e+01	1.611478e+03
3.180000e-06	2.663289e-09	1.253479e-08	1.479176e+01	1.615342e+03
3.190000e-06	2.673163e-09	1.256410e-08	1.484661e+01	1.619088e+03
3.200000e-06	2.682686e-09	1.259146e-08	1.489950e+01	1.622721e+03
3.210000e-06	2.691871e-09	1.261766e-08	1.495051e+01	1.626245e+03
3.220000e-06	2.700763e-09	1.264376e-08	1.499989e+01	1.629666e+03
3.230000e-06	2.709412e-09	1.267017e-08	1.504793e+01	1.632990e+03
3.240000e-06	2.717839e-09	1.269654e-08	1.509473e+01	1.636225e+03
3.250000e-06	2.726062e-09	1.272215e-08	1.514040e+01	1.639377e+03
3.260000e-06	2.734136e-09	1.274604e-08	1.518524e+01	1.642453e+03
3.270000e-06	2.742092e-09	1.276818e-08	1.522943e+01	1.645460e+03
3.280000e-06	2.749938e-09	1.278984e-08	1.527301e+01	1.648402e+03
3.290000e-06	2.757681e-09	1.281149e-08	1.531601e+01	1.651283e+03
3.300000e-06	2.765313e-09	1.283222e-08	1.535840e+01	1.654107e+03
3.310000e-06	2.772795e-09	1.285193e-08	1.539995e+01	1.656874e+03
3.320000e-06	2.780114e-09	1.287131e-08	1.544060e+01	1.659584e+03
3.330000e-06	2.787242e-09	1.289057e-08	1.548019e+01	1.662236e+03
3.340000e-06	2.794154e-09	1.290947e-08	1.551858e+01	1.664828e+03
3.350000e-06	2.800858e-09	1.292744e-08	1.555581e+01	1.667359e+03
3.360000e-06	2.807334e-09	1.294457e-08	1.559178e+01	1.669826e+03
3.370000e-06	2.813598e-09	1.296161e-08	1.562657e+01	1.672226e+03
3.380000e-06	2.819684e-09	1.297860e-08	1.566037e+01	1.674558e+03
3.390000e-06	2.825603e-09	1.299515e-08	1.569325e+01	1.676820e+03
3.400000e-06	2.831346e-09	1.301118e-08	1.572514e+01	1.679013e+03
3.410000e-06	2.836892e-09	1.302655e-08	1.575595e+01	1.681136e+03
3.420000e-06	2.842228e-09	1.304136e-08	1.578558e+01	1.683191e+03
3.430000e-06	2.847333e-09	1.305582e-08	1.581393e+01	1.685180e+03
3.440000e-06	2.852203e-09	1.306974e-08	1.584098e+01	1.687103e+03
3.450000e-06	2.856851e-09	1.308288e-08	1.586680e+01	1.688964e+03
3.460000e-06	2.861302e-09	1.309559e-08	1.589152e+01	1.690764e+03
3.470000e-06	2.865577e-09	1.310857e-08	1.591526e+01	1.692504e+03
3.480000e-06	2.869695e-09	1.312150e-08	1.593813e+01	1.694185e+03
3.490000e-06	2.873687e-09	1.313357e-08	1.596030e+01	1.695807e+03
3.500000e-06	2.877571e-09	1.314485e-08	1.598187e+01	1.697367e+03
3.510000e-06	2.881355e-09	1.315567e-08	1.600289e+01	1.698866e+03
3.520000e-06	2.885026e-09	1.316604e-08	1.602328e+01	1.700298e+03
3.530000e-06	2.888565e-09	1.317601e-08	1.604294e+01	1.701661e+03
3.540000e-06	2.891950e-09	1.318551e-08	1.606173e+01	1.702950e+03
3.550000e-06	2.895135e-09	1.319454e-08	1.607942e+01	1.704162e+03
3.560000e-06	2.898057e-09	1.320311e-08	1.609565e+01	1.705291e+03
3.570000e-06	2.900689e-09	1.321077e-08	1.611027e+01	1.706333e+03
3.580000e-06	2.903011e-09	1.321792e-08	1.612317e+01	1.707286e+03
3.590000e-06	2.904972e-09	1.322504e-08	1.613406e+01	1.708146e+03
3.600000e-06	2.906560e-09	1.323153e-08	1.614287e+01	1.708911e+03
3.610000e-06	2.907799e-09	1.323702e-08	1.614976e+01	1.709580e+03
3.620000e-06	2.908717e-09	1.324172e-08	1.615486e+01	1.710153e+03
3.630000e-06	2.909351e-09	1.324602e-08	1.615838e+01	1.710632e+03
3.640000e-06	2.909755e-09	1.324983e-08	1.616062e+01	1.711016e+03
3.650000e-06	2.909970e-09	1.325334e-08	1.616181e+01	1.711308e+03
3.660000e-06	2.910034e-09	1.325631e-08	1.616217e+01	1.711510e+03
3.670000e-06	2.909969e-09	1.325678e-08	1.616181e+01	1.711626e+03
3.680000e-06	2.909791e-09	1.325504e-08	1.616082e+01	1.711657e+03
3.690000e-06	2.909516e-09	1.325301e-08	1.615930e+01	1.711605e+03
3.700000e-06	2.909116e-09	1.325523e-08	1.615707e+01	1.711474e+03
3.710000e-06	2.908558e-09	1.326784e-08	1.615398e+01	1.711266e+03
3.720000e-06	2.907802e-09	1.327634e-08	1.614977e+01	1.710980e+03
3.730000e-06	2.906775e-09	1.327346e-08	1.614407e+01	1.710620e+03
3.740000e-06	2.905453e-09	1.325708e-08	1.613673e+01	1.710186e+03
3.750000e-06	2.903864e-09	1.322303e-08	1.612790e+01	1.709678e+03
3.760000e-06	2.902061e-09	1.321651e-08	1.611789e+01	1.709097e+03
3.770000e-06	2.900098e-09	1.323857e-08	1.610698e+01	1.708442e+03
3.780000e-06	2.897988e-09	1.323290e-08	1.609527e+01	1.707713e+03
3.790000e-06	2.895732e-09	1.321885e-08	1.608274e+01	1.706908e+03
3.800000e-06	2.893325e-09	1.323642e-08	1.606937e+01	1.706028e+03
3.810000e-06	2.890743e-09	1.324399e-08	1.605503e+01	1.705072e+03
3.820000e-06	2.887970e-09	1.321433e-08	1.603963e+01	1.704037e+03
3.830000e-06	2.885000e-09	1.319306e-08	1.602313e+01	1.702922e+03
3.840000e-06	2.881807e-09	1.319135e-08	1.600540e+01	1.701727e+03
3.850000e-06	2.878389e-09	1.317891e-08	1.598642e+01	1.700451e+03
3.860000e-06	2.874772e-09	1.316264e-08	1.596633e+01	1.699090e+03
3.870000e-06	2.870988e-09	1.316251e-08	1.594531e+01	1.697646e+03
3.880000e-06	2.867057e-09	1.316433e-08	1.592348e+01	1.696116e+03
3.890000e-06	2.863007e-09	1.315213e-08	1.590098e+01	1.694500e+03
3.900000e-06	2.858864e-09	1.313200e-08	1.587798e+01	1.692799e+03
3.910000e-06	2.854610e-09	1.311048e-08	1.585435e+01	1.691012e+03
3.920000e-06	2.850221e-09	1.309073e-08	1.582997e+01	1.689139e+03
3.930000e-06	2.845654e-09	1.307971e-08	1.580461e+01	1.687182e+03
3.940000e-06	2.840873e-09	1.307374e-08	1.577805e+01	1.685142e+03
3.950000e-06	2.835835e-09	1.306231e-08	1.575007e+01	1.683021e+03
3.960000e-06	2.830489e-09	1.304707e-08	1.572038e+01	1.680820e+03
3.970000e-06	2.824827e-09	1.303148e-08	1.568894e+01	1.678541e+03
3.980000e-06	2.818823e-09	1.300852e-08	1.565559e+01	1.676185e+03
3.990000e-06	2.812444e-09	1.297958e-08	1.562016e+01	1.673753e+03
4.000000e-06	2.805712e-09	1.295930e-08	1.558277e+01	1.671247e+03
4.010000e-06	2.798682e-09	1.294985e-08	1.554373e+01	1.668667e+03
4.020000e-06	2.791371e-09	1.293697e-08	1.550312e+01	1.666012e+03
4.030000e-06	2.783803e-09	1.291385e-08	1.546109e+01	1.663282e+03
4.040000e-06	2.776034e-09	1.288924e-08	1.541794e+01	1.660477e+03
4.050000e-06	2.768109e-09	1.286924e-08	1.537393e+01	1.657593e+03
4.060000e-06	2.760072e-09	1.284726e-08	1.532929e+01	1.654630e+03
4.070000e-06	2.751934e-09	1.281727e-08	1.528409e+01	1.651585e+03
4.080000e-06	2.743686e-09	1.278847e-08	1.523828e+01	1.648457e+03
4.090000e-06	2.735320e-09	1.277175e-08	1.519182e+01	1.645243e+03
4.100000e-06	2.726812e-09	1.275840e-08	1.514457e+01	1.641942e+03
4.110000e-06	2.718114e-09	1.273263e-08	1.509626e+01	1.638552e+03
4.120000e-06	2.709228e-09	1.269791e-08	1.504691e+01	1.635074e+03
4.130000e-06	2.700149e-09	1.266790e-08	1.499648e+01	1.631506e+03
4.140000e-06	2.690843e-09	1.264234e-08	1.494480e+01	1.627849e+03
4.150000e-06	2.681311e-09	1.261296e-08	1.489186e+01	1.624104e+03
4.160000e-06	2.671570e-09	1.258191e-08	1.483775e+01	1.620271e+03
4.170000e-06	2.661655e-09	1.255559e-08	1.478269e+01	1.616351e+03
4.180000e-06	2.651593e-09	1.253032e-08	1.472681e+01	1.612346e+03
4.190000e-06	2.641388e-09	1.249919e-08	1.467013e+01	1.608257e+03
4.200000e-06	2.631032e-09	1.246468e-08	1.461261e+01	1.604084e+03
4.210000e-06	2.620515e-09	1.243124e-08	1.455420e+01	1.599827e+03
4.220000e-06	2.609812e-09	1.239641e-08	1.449475e+01	1.595488e+03
4.230000e-06	2.598890e-09	1.235945e-08	1.443409e+01	1.591066e+03
4.240000e-06	2.587741e-09	1.232648e-08	1.437217e+01	1.586560e+03
4.250000e-06	2.576361e-09	1.229809e-08	1.430897e+01	1.581970e+03
4.260000e-06	2.564763e-09	1.226478e-08	1.424456e+01	1.577295e+03
4.270000e-06	2.552999e-09	1.222355e-08	1.417922e+01	1.572535e+03
4.280000e-06	2.541073e-09	1.218294e-08	1.411298e+01	1.567688e+03
4.290000e-06	2.528982e-09	1.214663e-08	1.404583e+01	1.562754e+03
4.300000e-06	2.516733e-09	1.210842e-08	1.397780e+01	1.557732e+03
4.310000e-06	2.504306e-09	1.206703e-08	1.390878e+01	1.552624e+03
4.320000e-06	2.491694e-09	1.202887e-08	1.383873e+01	1.547427e+03
4.330000e-06	2.478873e-09	1.199343e-08	1.376753e+01	1.542144e+03
4.340000e-06	2.465815e-09	1.195329e-08	1.369500e+01	1.536774e+03
4.350000e-06	2.452505e-09	1.190935e-08	1.362108e+01	1.531317e+03
4.360000e-06	2.438919e-09	1.186660e-08	1.354562e+01	1.525774e+03
4.370000e-06	2.425021e-09	1.182296e-08	1.346843e+01	1.520145e+03
4.380000e-06	2.410789e-09	1.177682e-08	1.338939e+01	1.514430e+03
4.390000e-06	2.396235e-09	1.173314e-08	1.330856e+01	1.508628e+03
4.400000e-06	2.381380e-09	1.169247e-08	1.322606e+01	1.502738e+03
4.410000e-06	2.366227e-09	1.164811e-08	1.314189e+01	1.496758e+03
4.420000e-06	2.350835e-09	1.159912e-08	1.305641e+01	1.490688e+03
4.430000e-06	2.335244e-09	1.155092e-08	1.296982e+01	1.484526e+03
4.440000e-06	2.319468e-09	1.150320e-08	1.288220e+01	1.478269e+03
4.450000e-06	2.303566e-09	1.145282e-08	1.279388e+01	1.471916e+03
4.460000e-06	2.287571e-09	1.140247e-08	1.270504e+01	1.465465e+03
4.470000e-06	2.271492e-09	1.135437e-08	1.261574e+01	1.458915e+03
4.480000e-06	2.255332e-09	1.130527e-08	1.252599e+01	1.452264e+03
4.490000e-06	2.239094e-09	1.125340e-08	1.243581e+01	1.445512e+03
4.500000e-06	2.222777e-09	1.120067e-08	1.234518e+01	1.438657e+03
4.510000e-06	2.206356e-09	1.114683e-08	1.225398e+01	1.431700e+03
4.520000e-06	2.189808e-09	1.109059e-08	1.216207e+01	1.424641e+03
4.530000e-06	2.173097e-09	1.103438e-08	1.206926e+01	1.417478e+03
4.540000e-06	2.156195e-09	1.098029e-08	1.197539e+01	1.410211e+03
4.550000e-06	2.139125e-09	1.092569e-08	1.188058e+01	1.402839e+03
4.560000e-06	2.121881e-09	1.086840e-08	1.178481e+01	1.395361e+03
4.570000e-06	2.104438e-09	1.080979e-08	1.168793e+01	1.387775e+03
4.580000e-06	2.086822e-09	1.075042e-08	1.159009e+01	1.380079e+03
4.590000e-06	2.069069e-09	1.068933e-08	1.149150e+01	1.372269e+03
4.600000e-06	2.051194e-09	1.062764e-08	1.139222e+01	1.364343e+03
4.610000e-06	2.033200e-09	1.056664e-08	1.129228e+01	1.356297e+03
4.620000e-06	2.015094e-09	1.050530e-08	1.119172e+01	1.348128e+03
4.630000e-06	1.996888e-09	1.044291e-08	1.109061e+01	1.339832e+03
4.640000e-06	1.978581e-09	1.037952e-08	1.098893e+01	1.331408e+03
4.650000e-06	1.960162e-09	1.031391e-08	1.088663e+01	1.322853e+03
4.660000e-06	1.941633e-09	1.024561e-08	1.078372e+01	1.314166e+03
4.670000e-06	1.922960e-09	1.017664e-08	1.068002e+01	1.305348e+03
4.680000e-06	1.904132e-09	1.010783e-08	1.057545e+01	1.296399e+03
4.690000e-06	1.885136e-09	1.003790e-08	1.046994e+01	1.287322e+03
4.700000e-06	1.865967e-09	9.966999e-09	1.036348e+01	1.278119e+03
4.710000e-06	1.846646e-09	9.895653e-09	1.025617e+01	1.268795e+03
4.720000e-06	1.827181e-09	9.822698e-09	1.014806e+01	1.259354e+03
4.730000e-06	1.807574e-09	9.747727e-09	1.003917e+01	1.249799e+03
4.740000e-06	1.787850e-09	9.672024e-09	9.929619e+00	1.240136e+03
4.750000e-06	1.768034e-09	9.595950e-09	9.819564e+00	1.230369e+03
4.760000e-06	1.748128e-09	9.518646e-09	9.709007e+00	1.220501e+03
4.770000e-06	1.728146e-09	9.440621e-09	9.598027e+00	1.210534e+03
4.780000e-06	1.708107e-09	9.362561e-09	9.486735e+00	1.200470e+03
4.790000e-06	1.688021e-09	9.283199e-09	9.375176e+00	1.190310e+03
4.800000e-06	1.667891e-09	9.202237e-09	9.263378e+00	1.180054e+03
4.810000e-06	1.647721e-09	9.120563e-09	9.151354e+00	1.169700e+03
4.820000e-06	1.627506e-09	9.037959e-09	9.039082e+00	1.159245e+03
4.830000e-06	1.607235e-09	8.954560e-09	8.926497e+00	1.148687e+03
4.840000e-06	1.586901e-09	8.870987e-09	8.813564e+00	1.138022e+03
4.850000e-06	1.566501e-09	8.787022e-09	8.700262e+00	1.127246e+03
4.860000e-06	1.546013e-09	8.702234e-09	8.586469e+00	1.116353e+03
4.870000e-06	1.525424e-09	8.616830e-09	8.472122e+00	1.105341e+03
4.880000e-06	1.504724e-09	8.530407e-09	8.357157e+00	1.094204e+03
4.890000e-06	1.483879e-09	8.442517e-09	8.241380e+00	1.082937e+03
4.900000e-06	1.462866e-09	8.353825e-09	8.124675e+00	1.071535e+03
4.910000e-06	1.441680e-09	8.264575e-09	8.007014e+00	1.059995e+03
4.920000e-06	1.420331e-09	8.174619e-09	7.888441e+00	1.048311e+03
4.930000e-06	1.398798e-09	8.084110e-09	7.768846e+00	1.036481e+03
4.940000e-06	1.377064e-09	7.992363e-09	7.648136e+00	1.024499e+03
4.950000e-06	1.355147e-09	7.898670e-09	7.526409e+00	1.012363e+03
4.960000e-06	1.333038e-09	7.803449e-09	7.403621e+00	1.000070e+03
4.970000e-06	1.310734e-09	7.706915e-09	7.279745e+00	9.876190e+02
4.980000e-06	1.288248e-09	7.608882e-09	7.154858e+00	9.750077e+02
4.990000e-06	1.265596e-09	7.509704e-09	7.029053e+00	9.622365e+02
5.000000e-06	1.242800e-09	7.410012e-09	6.902444e+00	9.493064e+02
5.010000e-06	1.219862e-09	7.309296e-09	6.775046e+00	9.362195e+02
5.020000e-06	1.196765e-09	7.206532e-09	6.646767e+00	9.229790e+02
5.030000e-06	1.173506e-09	7.102201e-09	6.517585e+00	9.095889e+02
5.040000e-06	1.150138e-09	6.996961e-09	6.387806e+00	8.960540e+02
5.050000e-06	1.126683e-09	6.890267e-09	6.257534e+00	8.823793e+02
5.060000e-06	1.103117e-09	6.781641e-09	6.126650e+00	8.685699e+02
5.070000e-06	1.079467e-09	6.672035e-09	5.995301e+00	8.546302e+02
5.080000e-06	1.055748e-09	6.562356e-09	5.863566e+00	8.405638e+02
5.090000e-06	1.031965e-09	6.452177e-09	5.731477e+00	8.263728e+02
5.100000e-06	1.008133e-09	6.341341e-09	5.599112e+00	8.120573e+02
5.110000e-06	9.842448e-10	6.229317e-09	5.466441e+00	7.976156e+02
5.120000e-06	9.603020e-10	6.115252e-09	5.333464e+00	7.830434e+02
5.130000e-06	9.363174e-10	5.999427e-09	5.200255e+00	7.683344e+02
5.140000e-06	9.122972e-10	5.882934e-09	5.066848e+00	7.534801e+02
5.150000e-06	8.882481e-10	5.766143e-09	4.933281e+00	7.384705e+02
5.160000e-06	8.641821e-10	5.648724e-09	4.799619e+00	7.232945e+02
5.170000e-06	8.400959e-10	5.530110e-09	4.665846e+00	7.079401e+02
5.180000e-06	8.159841e-10	5.410053e-09	4.531930e+00	6.923961e+02
5.190000e-06	7.918505e-10	5.288906e-09	4.397893e+00	6.766518e+02
5.200000e-06	7.676961e-10	5.166407e-09	4.263741e+00	6.606985e+02
5.210000e-06	7.435175e-10	5.041437e-09	4.129455e+00	6.445296e+02
5.220000e-06	7.193132e-10	4.913646e-09	3.995025e+00	6.281412e+02
5.230000e-06	6.950994e-10	4.784491e-09	3.860543e+00	6.115323e+02
5.240000e-06	6.708721e-10	4.654818e-09	3.725986e+00	5.947049e+02
5.250000e-06	6.466159e-10	4.524201e-09	3.591268e+00	5.776637e+02
5.260000e-06	6.223374e-10	4.392058e-09	3.456427e+00	5.604155e+02
5.270000e-06	5.980327e-10	4.257758e-09	3.321440e+00	5.429688e+02
5.280000e-06	5.737036e-10	4.121112e-09	3.186317e+00	5.253330e+02
5.290000e-06	5.493457e-10	3.982681e-09	3.051035e+00	5.075174e+02
5.300000e-06	5.249662e-10	3.842763e-09	2.915632e+00	4.895306e+02
5.310000e-06	5.005738e-10	3.701087e-09	2.780158e+00	4.713795e+02
5.320000e-06	4.761500e-10	3.557695e-09	2.644510e+00	4.530689e+02
5.330000e-06	4.516907e-10	3.413555e-09	2.508664e+00	4.346009e+02
5.340000e-06	4.272088e-10	3.268959e-09	2.372693e+00	4.159751e+02
5.350000e-06	4.027079e-10	3.122762e-09	2.236616e+00	3.971883e+02
5.360000e-06	3.781751e-10	2.974525e-09	2.100362e+00	3.782349e+02
5.370000e-06	3.536032e-10	2.824756e-09	1.963891e+00	3.591079e+02
5.380000e-06	3.290158e-10	2.673834e-09	1.827334e+00	3.397991e+02
5.390000e-06	3.044293e-10	2.521644e-09	1.690782e+00	3.203003e+02
5.400000e-06	2.798271e-10	2.368164e-09	1.554143e+00	3.006039e+02
5.410000e-06	2.551874e-10	2.213836e-09	1.417295e+00	2.807041e+02
5.420000e-06	2.305399e-10	2.058749e-09	1.280404e+00	2.605975e+02
5.430000e-06	2.058855e-10	1.902160e-09	1.143475e+00	2.402832e+02
5.440000e-06	1.812035e-10	1.743559e-09	1.006393e+00	2.197641e+02
5.450000e-06	1.565121e-10	1.582837e-09	8.692576e-01	1.990458e+02
5.460000e-06	1.317983e-10	1.420087e-09	7.319986e-01	1.781376e+02
5.470000e-06	1.070647e-10	1.256065e-09	5.946296e-01	1.570511e+02
5.480000e-06	8.232852e-11	1.090864e-09	4.572462e-01	1.358003e+02
5.490000e-06	5.758668e-11	9.242503e-10	3.198314e-01	1.144007e+02
5.500000e-06	3.283878e-11	7.565452e-10	1.823829e-01	9.286852e+01
5.510000e-06	8.090311e-12	5.875248e-10	4.493125e-02	7.122022e+01
5.520000e-06	-1.665222e-11	4.171539e-10	-9.248738e-02	4.947166e+01
5.530000e-06	-4.137937e-11	2.462100e-10	-2.298206e-01	2.763777e+01
5.540000e-06	-6.610907e-11	7.524913e-11	-3.671680e-01	5.732340e+00
5.550000e-06	-9.084090e-11	-9.604283e-11	-5.045272e-01	-1.623211e+01
5.560000e-06	-1.155450e-10	-2.680965e-10	-6.417323e-01	-3.824409e+01
5.570000e-06	-1.402258e-10	-4.407444e-10	-7.788085e-01	-6.029284e+01
5.580000e-06	-1.649060e-10	-6.133579e-10	-9.158806e-01	-8.236783e+01
5.590000e-06	-1.895907e-10	-7.856815e-10	-1.052978e+00	-1.044582e+02
5.600000e-06	-2.142606e-10	-9.581283e-10	-1.189994e+00	-1.265523e+02
5.610000e-06	-2.388978e-10	-1.130755e-09	-1.326827e+00	-1.486372e+02
5.620000e-06	-2.635133e-10	-1.302838e-09	-1.463540e+00	-1.706980e+02
5.630000e-06	-2.881034e-10	-1.474181e-09	-1.600112e+00	-1.927183e+02
5.640000e-06	-3.126641e-10	-1.644917e-09	-1.736522e+00	-2.146797e+02
5.650000e-06	-3.371974e-10	-1.814867e-09	-1.872778e+00	-2.365625e+02
5.660000e-06	-3.617163e-10	-1.984678e-09	-2.008954e+00	-2.583458e+02
5.670000e-06	-3.862136e-10	-2.154509e-09	-2.145011e+00	-2.800084e+02
5.680000e-06	-4.106711e-10	-2.323189e-09	-2.280847e+00	-3.015297e+02
5.690000e-06	-4.350989e-10	-2.490164e-09	-2.416517e+00	-3.228899e+02
5.700000e-06	-4.595064e-10	-2.655354e-09	-2.552076e+00	-3.440718e+02
5.710000e-06	-4.838951e-10	-2.818698e-09	-2.687529e+00	-3.650603e+02
5.720000e-06	-5.082608e-10	-2.980453e-09	-2.822855e+00	-3.858440e+02
5.730000e-06	-5.326086e-10	-3.140514e-09	-2.958081e+00	-4.064147e+02
5.740000e-06	-5.569398e-10	-3.298509e-09	-3.093215e+00	-4.267678e+02
5.750000e-06	-5.812569e-10	-3.454604e-09	-3.228271e+00	-4.469017e+02
5.760000e-06	-6.055473e-10	-3.609612e-09	-3.363179e+00	-4.668179e+02
5.770000e-06	-6.298049e-10	-3.763757e-09	-3.497904e+00	-4.865196e+02
5.780000e-06	-6.540432e-10	-3.916223e-09	-3.632523e+00	-5.060113e+02
5.790000e-06	-6.782587e-10	-4.066808e-09	-3.767014e+00	-5.252980e+02
5.800000e-06	-7.024533e-10	-4.216333e-09	-3.901389e+00	-5.443837e+02
5.810000e-06	-7.266300e-10	-4.364871e-09	-4.035665e+00	-5.632714e+02
5.820000e-06	-7.507864e-10	-4.511734e-09	-4.169829e+00	-5.819619e+02
5.830000e-06	-7.749229e-10	-4.656798e-09	-4.303882e+00	-6.004540e+02
5.840000e-06	-7.990409e-10	-4.800314e-09	-4.437832e+00	-6.187436e+02
5.850000e-06	-8.231396e-10	-4.942073e-09	-4.571675e+00	-6.368247e+02
5.860000e-06	-8.472209e-10	-5.081846e-09	-4.705421e+00	-6.546895e+02
5.870000e-06	-8.712778e-10	-5.219318e-09	-4.839031e+00	-6.723291e+02
5.880000e-06	-8.953026e-10	-5.354471e-09	-4.972464e+00	-6.897340e+02
5.890000e-06	-9.192956e-10	-5.487663e-09	-5.105720e+00	-7.068955e+02
5.900000e-06	-9.432535e-10	-5.618896e-09	-5.238781e+00	-7.238065e+02
5.910000e-06	-9.671808e-10	-5.747871e-09	-5.371672e+00	-7.404618e+02
5.920000e-06	-9.910509e-10	-5.874651e-09	-5.504245e+00	-7.568593e+02
5.930000e-06	-1.014852e-09	-5.999871e-09	-5.636437e+00	-7.730000e+02
5.940000e-06	-1.038597e-09	-6.123502e-09	-5.768316e+00	-7.888884e+02
5.950000e-06	-1.062277e-09	-6.245429e-09	-5.899829e+00	-8.045321e+02
5.960000e-06	-1.085870e-09	-6.365841e-09	-6.030863e+00	-8.199413e+02
5.970000e-06	-1.109360e-09	-6.484753e-09	-6.161330e+00	-8.351285e+02
5.980000e-06	-1.132752e-09	-6.602370e-09	-6.291243e+00	-8.501073e+02
5.990000e-06	-1.156041e-09	-6.718522e-09	-6.420593e+00	-8.648916e+02
6.000000e-06	-1.179213e-09	-6.832941e-09	-6.549286e+00	-8.794945e+02
6.010000e-06	-1.202257e-09	-6.946017e-09	-6.677272e+00	-8.939278e+02
6.020000e-06	-1.225167e-09	-7.058470e-09	-6.804512e+00	-9.082006e+02
6.030000e-06	-1.247921e-09	-7.170412e-09	-6.930890e+00	-9.223195e+02
6.040000e-06	-1.270523e-09	-7.281036e-09	-7.056417e+00	-9.362877e+02
6.050000e-06	-1.292974e-09	-7.390337e-09	-7.181108e+00	-9.501052e+02
6.060000e-06	-1.315243e-09	-7.498142e-09	-7.304792e+00	-9.637694e+02
6.070000e-06	-1.337314e-09	-7.604290e-09	-7.427369e+00	-9.772751e+02
6.080000e-06	-1.359193e-09	-7.708898e-09	-7.548888e+00	-9.906152e+02
6.090000e-06	-1.380910e-09	-7.811502e-09	-7.669502e+00	-1.003782e+03
6.100000e-06	-1.402460e-09	-7.912500e-09	-7.789188e+00	-1.016768e+03
6.110000e-06	-1.423824e-09	-8.012324e-09	-7.907842e+00	-1.029565e+03
6.120000e-06	-1.444988e-09	-8.110594e-09	-8.025388e+00	-1.042169e+03
6.130000e-06	-1.465989e-09	-8.206522e-09	-8.142026e+00	-1.054577e+03
6.140000e-06	-1.486866e-09	-8.300238e-09	-8.257976e+00	-1.066786e+03
6.150000e-06	-1.507592e-09	-8.392629e-09	-8.373085e+00	-1.078800e+03
6.160000e-06	-1.528186e-09	-8.483977e-09	-8.487464e+00	-1.090623e+03
6.170000e-06	-1.548672e-09	-8.573866e-09	-8.601243e+00	-1.102263e+03
6.180000e-06	-1.569052e-09	-8.662571e-09	-8.714434e+00	-1.113728e+03
6.190000e-06	-1.589363e-09	-8.750812e-09	-8.827237e+00	-1.125029e+03
6.200000e-06	-1.609622e-09	-8.838690e-09	-8.939758e+00	-1.136178e+03
6.210000e-06	-1.629837e-09	-8.925879e-09	-9.052028e+00	-1.147185e+03
6.220000e-06	-1.650010e-09	-9.012044e-09	-9.164067e+00	-1.158062e+03
6.230000e-06	-1.670134e-09	-9.096989e-09	-9.275835e+00	-1.168817e+03
6.240000e-06	-1.690218e-09	-9.180871e-09	-9.387379e+00	-1.179458e+03
6.250000e-06	-1.710266e-09	-9.263994e-09	-9.498728e+00	-1.189992e+03
6.260000e-06	-1.730261e-09	-9.346361e-09	-9.609777e+00	-1.200422e+03
6.270000e-06	-1.750174e-09	-9.427514e-09	-9.720374e+00	-1.210749e+03
6.280000e-06	-1.769997e-09	-9.507514e-09	-9.830469e+00	-1.220974e+03
6.290000e-06	-1.789697e-09	-9.586981e-09	-9.939883e+00	-1.231095e+03
6.300000e-06	-1.809262e-09	-9.665499e-09	-1.004855e+01	-1.241107e+03
6.310000e-06	-1.828705e-09	-9.743153e-09	-1.015653e+01	-1.251008e+03
6.320000e-06	-1.847984e-09	-9.820000e-09	-1.026361e+01	-1.260792e+03
6.330000e-06	-1.867108e-09	-9.895513e-09	-1.036982e+01	-1.270454e+03
6.340000e-06	-1.886078e-09	-9.969741e-09	-1.047518e+01	-1.279990e+03
6.350000e-06	-1.904865e-09	-1.004299e-08	-1.057952e+01	-1.289394e+03
6.360000e-06	-1.923506e-09	-1.011531e-08	-1.068305e+01	-1.298664e+03
6.370000e-06	-1.942026e-09	-1.018635e-08	-1.078591e+01	-1.307795e+03
6.380000e-06	-1.960437e-09	-1.025614e-08	-1.088816e+01	-1.316784e+03
6.390000e-06	-1.978746e-09	-1.032488e-08	-1.098985e+01	-1.325629e+03
6.400000e-06	-1.996948e-09	-1.039246e-08	-1.109094e+01	-1.334329e+03
6.410000e-06	-2.015056e-09	-1.045880e-08	-1.119151e+01	-1.342883e+03
6.420000e-06	-2.033050e-09	-1.052351e-08	-1.129145e+01	-1.351290e+03
6.430000e-06	-2.050915e-09	-1.058638e-08	-1.139068e+01	-1.359550e+03
6.440000e-06	-2.068664e-09	-1.064822e-08	-1.148925e+01	-1.367665e+03
6.450000e-06	-2.086261e-09	-1.070999e-08	-1.158698e+01	-1.375635e+03
6.460000e-06	-2.103680e-09	-1.077111e-08	-1.168373e+01	-1.383463e+03
6.470000e-06	-2.120928e-09	-1.083055e-08	-1.177952e+01	-1.391152e+03
6.480000e-06	-2.138010e-09	-1.088866e-08	-1.187439e+01	-1.398705e+03
6.490000e-06	-2.154925e-09	-1.094571e-08	-1.196834e+01	-1.406127e+03
6.500000e-06	-2.171677e-09	-1.100157e-08	-1.206138e+01	-1.413421e+03
6.510000e-06	-2.188270e-09	-1.105654e-08	-1.215354e+01	-1.420595e+03
6.520000e-06	-2.204723e-09	-1.111074e-08	-1.224492e+01	-1.427654e+03
6.530000e-06	-2.221062e-09	-1.116378e-08	-1.233566e+01	-1.434604e+03
6.540000e-06	-2.237304e-09	-1.121623e-08	-1.242587e+01	-1.441451e+03
6.550000e-06	-2.253473e-09	-1.126929e-08	-1.251567e+01	-1.448201e+03
6.560000e-06	-2.269566e-09	-1.132184e-08	-1.260505e+01	-1.454861e+03
6.570000e-06	-2.285571e-09	-1.137281e-08	-1.269394e+01	-1.461434e+03
6.580000e-06	-2.301479e-09	-1.142283e-08	-1.278229e+01	-1.467924e+03
6.590000e-06	-2.317255e-09	-1.147281e-08	-1.286991e+01	-1.474336e+03
6.600000e-06	-2.332839e-09	-1.152301e-08	-1.295646e+01	-1.480670e+03
6.610000e-06	-2.348195e-09	-1.157276e-08	-1.304175e+01	-1.486927e+03
6.620000e-06	-2.363291e-09	-1.162167e-08	-1.312559e+01	-1.493108e+03
6.630000e-06	-2.378094e-09	-1.166947e-08	-1.320781e+01	-1.499213e+03
6.640000e-06	-2.392581e-09	-1.171643e-08	-1.328827e+01	-1.505239e+03
6.650000e-06	-2.406735e-09	-1.176317e-08	-1.336688e+01	-1.511185e+03
6.660000e-06	-2.420554e-09	-1.180944e-08	-1.344363e+01	-1.517050e+03
6.670000e-06	-2.434076e-09	-1.185479e-08	-1.351873e+01	-1.522832e+03
6.680000e-06	-2.447331e-09	-1.189935e-08	-1.359235e+01	-1.528528e+03
6.690000e-06	-2.460334e-09	-1.194342e-08	-1.366457e+01	-1.534137e+03
6.700000e-06	-2.473127e-09	-1.198690e-08	-1.373561e+01	-1.539659e+03
6.710000e-06	-2.485743e-09	-1.202942e-08	-1.380568e+01	-1.545091e+03
6.720000e-06	-2.498194e-09	-1.207060e-08	-1.387484e+01	-1.550433e+03
6.730000e-06	-2.510476e-09	-1.211096e-08	-1.394305e+01	-1.555683e+03
6.740000e-06	-2.522612e-09	-1.215139e-08	-1.401045e+01	-1.560841e+03
6.750000e-06	-2.534629e-09	-1.219163e-08	-1.407719e+01	-1.565904e+03
6.760000e-06	-2.546508e-09	-1.223101e-08	-1.414317e+01	-1.570870e+03
6.770000e-06	-2.558207e-09	-1.226911e-08	-1.420815e+01	-1.575737e+03
6.780000e-06	-2.569705e-09	-1.230607e-08	-1.427200e+01	-1.580502e+03
6.790000e-06	-2.580993e-09	-1.234203e-08	-1.433470e+01	-1.585161e+03
6.800000e-06	-2.592069e-09	-1.237702e-08	-1.439621e+01	-1.589712e+03
6.810000e-06	-2.602927e-09	-1.241090e-08	-1.445652e+01	-1.594151e+03
6.820000e-06	-2.613583e-09	-1.244328e-08	-1.451570e+01	-1.598474e+03
6.830000e-06	-2.624065e-09	-1.247471e-08	-1.457392e+01	-1.602679e+03
6.840000e-06	-2.634395e-09	-1.250593e-08	-1.463129e+01	-1.606766e+03
6.850000e-06	-2.644593e-09	-1.253679e-08	-1.468793e+01	-1.610732e+03
6.860000e-06	-2.654632e-09	-1.256682e-08	-1.474368e+01	-1.614579e+03
6.870000e-06	-2.664505e-09	-1.259531e-08	-1.479852e+01	-1.618310e+03
6.880000e-06	-2.674221e-09	-1.262230e-08	-1.485248e+01	-1.621928e+03
6.890000e-06	-2.683744e-09	-1.264892e-08	-1.490537e+01	-1.625437e+03
6.900000e-06	-2.693034e-09	-1.267568e-08	-1.495697e+01	-1.628844e+03
6.910000e-06	-2.702093e-09	-1.270197e-08	-1.500728e+01	-1.632156e+03
6.920000e-06	-2.710938e-09	-1.272725e-08	-1.505641e+01	-1.635378e+03
6.930000e-06	-2.719598e-09	-1.275203e-08	-1.510450e+01	-1.638520e+03
6.940000e-06	-2.728107e-09	-1.277708e-08	-1.515176e+01	-1.641586e+03
6.950000e-06	-2.736490e-09	-1.280180e-08	-1.519832e+01	-1.644583e+03
6.960000e-06	-2.744757e-09	-1.282567e-08	-1.524423e+01	-1.647517e+03
6.970000e-06	-2.752923e-09	-1.284873e-08	-1.528959e+01	-1.650390e+03
6.980000e-06	-2.760988e-09	-1.287142e-08	-1.533438e+01	-1.653206e+03
6.990000e-06	-2.768936e-09	-1.289416e-08	-1.537852e+01	-1.655965e+03
7.000000e-06	-2.776750e-09	-1.291650e-08	-1.542192e+01	-1.658667e+03
7.010000e-06	-2.784389e-09	-1.293837e-08	-1.546435e+01	-1.661311e+03
7.020000e-06	-2.791814e-09	-1.295950e-08	-1.550558e+01	-1.663895e+03
7.030000e-06	-2.798989e-09	-1.298006e-08	-1.554543e+01	-1.666417e+03
7.040000e-06	-2.805873e-09	-1.300059e-08	-1.558367e+01	-1.668875e+03
7.050000e-06	-2.812429e-09	-1.302054e-08	-1.562008e+01	-1.671265e+03
7.060000e-06	-2.818631e-09	-1.303944e-08	-1.565453e+01	-1.673588e+03
7.070000e-06	-2.824497e-09	-1.305739e-08	-1.568711e+01	-1.675840e+03
7.080000e-06	-2.830041e-09	-1.307473e-08	-1.571790e+01	-1.678024e+03
7.090000e-06	-2.835256e-09	-1.309227e-08	-1.574686e+01	-1.680137e+03
7.100000e-06	-2.840176e-09	-1.311024e-08	-1.577419e+01	-1.682183e+03
7.110000e-06	-2.844862e-09	-1.312741e-08	-1.580021e+01	-1.684162e+03
7.120000e-06	-2.849370e-09	-1.314295e-08	-1.582525e+01	-1.686077e+03
7.130000e-06	-2.853734e-09	-1.315742e-08	-1.584949e+01	-1.687929e+03
7.140000e-06	-2.857984e-09	-1.317191e-08	-1.587309e+01	-1.689721e+03
7.150000e-06	-2.862128e-09	-1.318635e-08	-1.589611e+01	-1.691453e+03
7.160000e-06	-2.866181e-09	-1.319994e-08	-1.591862e+01	-1.693126e+03
7.170000e-06	-2.870132e-09	-1.321259e-08	-1.594056e+01	-1.694739e+03
7.180000e-06	-2.873925e-09	-1.322464e-08	-1.596162e+01	-1.696291e+03
7.190000e-06	-2.877522e-09	-1.323663e-08	-1.598160e+01	-1.697781e+03
7.200000e-06	-2.880902e-09	-1.324831e-08	-1.600037e+01	-1.699204e+03
7.210000e-06	-2.884058e-09	-1.325912e-08	-1.601790e+01	-1.700557e+03
7.220000e-06	-2.886987e-09	-1.326910e-08	-1.603417e+01	-1.701836e+03
7.230000e-06	-2.889701e-09	-1.327845e-08	-1.604924e+01	-1.703036e+03
7.240000e-06	-2.892229e-09	-1.328727e-08	-1.606328e+01	-1.704153e+03
7.250000e-06	-2.894588e-09	-1.329544e-08	-1.607638e+01	-1.705183e+03
7.260000e-06	-2.896804e-09	-1.330295e-08	-1.608870e+01	-1.706123e+03
7.270000e-06	-2.898867e-09	-1.330958e-08	-1.610015e+01	-1.706970e+03
7.280000e-06	-2.900730e-09	-1.331517e-08	-1.611050e+01	-1.707722e+03
7.290000e-06	-2.902340e-09	-1.331994e-08	-1.611944e+01	-1.708378e+03
7.300000e-06	-2.903690e-09	-1.332412e-08	-1.612694e+01	-1.708938e+03
7.310000e-06	-2.904846e-09	-1.332764e-08	-1.613336e+01	-1.709403e+03
7.320000e-06	-2.905808e-09	-1.333002e-08	-1.613870e+01	-1.709775e+03
7.330000e-06	-2.906563e-09	-1.333131e-08	-1.614289e+01	-1.710054e+03
7.340000e-06	-2.907140e-09	-1.333214e-08	-1.614610e+01	-1.710245e+03
7.350000e-06	-2.907559e-09	-1.333301e-08	-1.614842e+01	-1.710348e+03
