# Concentracion g/m^3_=_53300.0
# C_Vs_to_Am_M_A/Vsm_=_128687336408.14134
# pendiente_HvsI_1/m_=_3716.3
# ordenada_HvsI_A/m_=_1297.0
# frecuencia_Hz_=_135982.59572560777
# Promedio de 30 ciclos

Tiempo_(s)	Campo_(V.s)	Magnetizacion_(V.s)	Campo_(kA/m)	Magnetizacion_(A/m)
0.000000e+00	-3.616534e-09	-1.258956e-08	-1.985537e+01	-2.013473e+03
1.000000e-08	-3.616754e-09	-1.258841e-08	-1.985652e+01	-2.013392e+03
2.000000e-08	-3.616821e-09	-1.258906e-08	-1.985682e+01	-2.013209e+03
3.000000e-08	-3.616685e-09	-1.259215e-08	-1.985599e+01	-2.012928e+03
4.000000e-08	-3.616265e-09	-1.259216e-08	-1.985369e+01	-2.012554e+03
5.000000e-08	-3.615435e-09	-1.257970e-08	-1.984924e+01	-2.012091e+03
6.000000e-08	-3.614157e-09	-1.255606e-08	-1.984234e+01	-2.011544e+03
7.000000e-08	-3.612485e-09	-1.254243e-08	-1.983330e+01	-2.010918e+03
8.000000e-08	-3.610456e-09	-1.255275e-08	-1.982236e+01	-2.010216e+03
9.000000e-08	-3.608148e-09	-1.256937e-08	-1.980989e+01	-2.009440e+03
1.000000e-07	-3.605603e-09	-1.257138e-08	-1.979603e+01	-2.008592e+03
1.100000e-07	-3.602772e-09	-1.256831e-08	-1.978053e+01	-2.007672e+03
1.200000e-07	-3.599638e-09	-1.256619e-08	-1.976340e+01	-2.006680e+03
1.300000e-07	-3.596226e-09	-1.255161e-08	-1.974475e+01	-2.005612e+03
1.400000e-07	-3.592576e-09	-1.252332e-08	-1.972470e+01	-2.004465e+03
1.500000e-07	-3.588719e-09	-1.249586e-08	-1.970348e+01	-2.003238e+03
1.600000e-07	-3.584685e-09	-1.248777e-08	-1.968132e+01	-2.001924e+03
1.700000e-07	-3.580493e-09	-1.249897e-08	-1.965833e+01	-2.000522e+03
1.800000e-07	-3.576141e-09	-1.250308e-08	-1.963444e+01	-1.999027e+03
1.900000e-07	-3.571565e-09	-1.248793e-08	-1.960926e+01	-1.997438e+03
2.000000e-07	-3.566681e-09	-1.247513e-08	-1.958244e+01	-1.995753e+03
2.100000e-07	-3.561472e-09	-1.247040e-08	-1.955388e+01	-1.993973e+03
2.200000e-07	-3.555997e-09	-1.245348e-08	-1.952382e+01	-1.992097e+03
2.300000e-07	-3.550298e-09	-1.242137e-08	-1.949254e+01	-1.990128e+03
2.400000e-07	-3.544356e-09	-1.239945e-08	-1.946000e+01	-1.988067e+03
2.500000e-07	-3.538152e-09	-1.240175e-08	-1.942603e+01	-1.985918e+03
2.600000e-07	-3.531685e-09	-1.240965e-08	-1.939059e+01	-1.983684e+03
2.700000e-07	-3.524962e-09	-1.239609e-08	-1.935380e+01	-1.981366e+03
2.800000e-07	-3.517969e-09	-1.236459e-08	-1.931551e+01	-1.978967e+03
2.900000e-07	-3.510692e-09	-1.234030e-08	-1.927562e+01	-1.976488e+03
3.000000e-07	-3.503192e-09	-1.232640e-08	-1.923447e+01	-1.973929e+03
3.100000e-07	-3.495545e-09	-1.230822e-08	-1.919243e+01	-1.971290e+03
3.200000e-07	-3.487770e-09	-1.228649e-08	-1.914966e+01	-1.968568e+03
3.300000e-07	-3.479855e-09	-1.227364e-08	-1.910616e+01	-1.965761e+03
3.400000e-07	-3.471760e-09	-1.226702e-08	-1.906164e+01	-1.962867e+03
3.500000e-07	-3.463406e-09	-1.225230e-08	-1.901575e+01	-1.959883e+03
3.600000e-07	-3.454721e-09	-1.222468e-08	-1.896811e+01	-1.956806e+03
3.700000e-07	-3.445672e-09	-1.219383e-08	-1.891852e+01	-1.953633e+03
3.800000e-07	-3.436257e-09	-1.216826e-08	-1.886704e+01	-1.950363e+03
3.900000e-07	-3.426441e-09	-1.214935e-08	-1.881336e+01	-1.946995e+03
4.000000e-07	-3.416203e-09	-1.213386e-08	-1.875724e+01	-1.943529e+03
4.100000e-07	-3.405579e-09	-1.211688e-08	-1.869900e+01	-1.939966e+03
4.200000e-07	-3.394606e-09	-1.209499e-08	-1.863886e+01	-1.936308e+03
4.300000e-07	-3.383338e-09	-1.206971e-08	-1.857709e+01	-1.932557e+03
4.400000e-07	-3.371821e-09	-1.204225e-08	-1.851393e+01	-1.928715e+03
4.500000e-07	-3.360062e-09	-1.201118e-08	-1.844945e+01	-1.924785e+03
4.600000e-07	-3.348101e-09	-1.197940e-08	-1.838385e+01	-1.920769e+03
4.700000e-07	-3.335936e-09	-1.195458e-08	-1.831717e+01	-1.916668e+03
4.800000e-07	-3.323524e-09	-1.193663e-08	-1.824921e+01	-1.912483e+03
4.900000e-07	-3.310860e-09	-1.191645e-08	-1.817981e+01	-1.908214e+03
5.000000e-07	-3.297910e-09	-1.188877e-08	-1.810879e+01	-1.903858e+03
5.100000e-07	-3.284655e-09	-1.185709e-08	-1.803618e+01	-1.899413e+03
5.200000e-07	-3.271130e-09	-1.182481e-08	-1.796207e+01	-1.894877e+03
5.300000e-07	-3.257379e-09	-1.179174e-08	-1.788667e+01	-1.890246e+03
5.400000e-07	-3.243404e-09	-1.175922e-08	-1.781004e+01	-1.885516e+03
5.500000e-07	-3.229185e-09	-1.173016e-08	-1.773211e+01	-1.880684e+03
5.600000e-07	-3.214706e-09	-1.170395e-08	-1.765281e+01	-1.875747e+03
5.700000e-07	-3.199907e-09	-1.167627e-08	-1.757174e+01	-1.870702e+03
5.800000e-07	-3.184716e-09	-1.164408e-08	-1.748847e+01	-1.865547e+03
5.900000e-07	-3.169124e-09	-1.160723e-08	-1.740304e+01	-1.860284e+03
6.000000e-07	-3.153170e-09	-1.156844e-08	-1.731564e+01	-1.854911e+03
6.100000e-07	-3.136907e-09	-1.153149e-08	-1.722645e+01	-1.849431e+03
6.200000e-07	-3.120363e-09	-1.149752e-08	-1.713564e+01	-1.843844e+03
6.300000e-07	-3.103580e-09	-1.146442e-08	-1.704353e+01	-1.838153e+03
6.400000e-07	-3.086611e-09	-1.143090e-08	-1.695042e+01	-1.832360e+03
6.500000e-07	-3.069463e-09	-1.139596e-08	-1.685627e+01	-1.826466e+03
6.600000e-07	-3.052150e-09	-1.135772e-08	-1.676112e+01	-1.820472e+03
6.700000e-07	-3.034692e-09	-1.131625e-08	-1.666525e+01	-1.814378e+03
6.800000e-07	-3.017091e-09	-1.127422e-08	-1.656862e+01	-1.808184e+03
6.900000e-07	-2.999339e-09	-1.123315e-08	-1.647116e+01	-1.801889e+03
7.000000e-07	-2.981422e-09	-1.119347e-08	-1.637286e+01	-1.795489e+03
7.100000e-07	-2.963310e-09	-1.115491e-08	-1.627353e+01	-1.788982e+03
7.200000e-07	-2.944971e-09	-1.111553e-08	-1.617295e+01	-1.782366e+03
7.300000e-07	-2.926367e-09	-1.107278e-08	-1.607087e+01	-1.775636e+03
7.400000e-07	-2.907489e-09	-1.102708e-08	-1.596728e+01	-1.768792e+03
7.500000e-07	-2.888364e-09	-1.098044e-08	-1.586238e+01	-1.761830e+03
7.600000e-07	-2.869009e-09	-1.093371e-08	-1.575622e+01	-1.754750e+03
7.700000e-07	-2.849473e-09	-1.088794e-08	-1.564901e+01	-1.747551e+03
7.800000e-07	-2.829815e-09	-1.084397e-08	-1.554110e+01	-1.740235e+03
7.900000e-07	-2.810064e-09	-1.079984e-08	-1.543265e+01	-1.732803e+03
8.000000e-07	-2.790243e-09	-1.075326e-08	-1.532375e+01	-1.725257e+03
8.100000e-07	-2.770347e-09	-1.070479e-08	-1.521446e+01	-1.717599e+03
8.200000e-07	-2.750348e-09	-1.065479e-08	-1.510468e+01	-1.709831e+03
8.300000e-07	-2.730199e-09	-1.060313e-08	-1.499413e+01	-1.701956e+03
8.400000e-07	-2.709874e-09	-1.055136e-08	-1.488266e+01	-1.693974e+03
8.500000e-07	-2.689380e-09	-1.050113e-08	-1.477029e+01	-1.685885e+03
8.600000e-07	-2.668678e-09	-1.045132e-08	-1.465677e+01	-1.677686e+03
8.700000e-07	-2.647744e-09	-1.040058e-08	-1.454198e+01	-1.669377e+03
8.800000e-07	-2.626586e-09	-1.034846e-08	-1.442593e+01	-1.660953e+03
8.900000e-07	-2.605213e-09	-1.029397e-08	-1.430865e+01	-1.652408e+03
9.000000e-07	-2.583638e-09	-1.023685e-08	-1.419028e+01	-1.643739e+03
9.100000e-07	-2.561890e-09	-1.017912e-08	-1.407092e+01	-1.634941e+03
9.200000e-07	-2.539995e-09	-1.012236e-08	-1.395080e+01	-1.626007e+03
9.300000e-07	-2.517948e-09	-1.006616e-08	-1.382990e+01	-1.616936e+03
9.400000e-07	-2.495752e-09	-1.000977e-08	-1.370808e+01	-1.607723e+03
9.500000e-07	-2.473394e-09	-9.952407e-09	-1.358536e+01	-1.598368e+03
9.600000e-07	-2.450861e-09	-9.892648e-09	-1.346172e+01	-1.588871e+03
9.700000e-07	-2.428128e-09	-9.830471e-09	-1.333702e+01	-1.579235e+03
9.800000e-07	-2.405166e-09	-9.767204e-09	-1.321116e+01	-1.569462e+03
9.900000e-07	-2.382000e-09	-9.703954e-09	-1.308414e+01	-1.559557e+03
1.000000e-06	-2.358657e-09	-9.641172e-09	-1.295612e+01	-1.549525e+03
1.010000e-06	-2.335174e-09	-9.578511e-09	-1.282727e+01	-1.539371e+03
1.020000e-06	-2.311570e-09	-9.515411e-09	-1.269772e+01	-1.529098e+03
1.030000e-06	-2.287851e-09	-9.451329e-09	-1.256751e+01	-1.518709e+03
1.040000e-06	-2.264036e-09	-9.385866e-09	-1.243673e+01	-1.508206e+03
1.050000e-06	-2.240138e-09	-9.318856e-09	-1.230550e+01	-1.497587e+03
1.060000e-06	-2.216146e-09	-9.250723e-09	-1.217373e+01	-1.486850e+03
1.070000e-06	-2.192033e-09	-9.182616e-09	-1.204133e+01	-1.475989e+03
1.080000e-06	-2.167780e-09	-9.114859e-09	-1.190820e+01	-1.464998e+03
1.090000e-06	-2.143357e-09	-9.046807e-09	-1.177419e+01	-1.453868e+03
1.100000e-06	-2.118745e-09	-8.977621e-09	-1.163919e+01	-1.442591e+03
1.110000e-06	-2.093947e-09	-8.906541e-09	-1.150312e+01	-1.431156e+03
1.120000e-06	-2.068940e-09	-8.833363e-09	-1.136585e+01	-1.419557e+03
1.130000e-06	-2.043684e-09	-8.758676e-09	-1.122721e+01	-1.407785e+03
1.140000e-06	-2.018138e-09	-8.683399e-09	-1.108703e+01	-1.395834e+03
1.150000e-06	-1.992303e-09	-8.607153e-09	-1.094535e+01	-1.383702e+03
1.160000e-06	-1.966208e-09	-8.529932e-09	-1.080231e+01	-1.371388e+03
1.170000e-06	-1.939849e-09	-8.452601e-09	-1.065773e+01	-1.358892e+03
1.180000e-06	-1.913226e-09	-8.375025e-09	-1.051165e+01	-1.346218e+03
1.190000e-06	-1.886355e-09	-8.296001e-09	-1.036428e+01	-1.333372e+03
1.200000e-06	-1.859302e-09	-8.214704e-09	-1.021582e+01	-1.320361e+03
1.210000e-06	-1.832098e-09	-8.131938e-09	-1.006650e+01	-1.307190e+03
1.220000e-06	-1.804743e-09	-8.048800e-09	-9.916312e+00	-1.293866e+03
1.230000e-06	-1.777276e-09	-7.965187e-09	-9.765437e+00	-1.280396e+03
1.240000e-06	-1.749711e-09	-7.880954e-09	-9.614055e+00	-1.266782e+03
1.250000e-06	-1.722056e-09	-7.795895e-09	-9.462213e+00	-1.253027e+03
1.260000e-06	-1.694328e-09	-7.709743e-09	-9.309970e+00	-1.239130e+03
1.270000e-06	-1.666548e-09	-7.622732e-09	-9.157412e+00	-1.225089e+03
1.280000e-06	-1.638727e-09	-7.534798e-09	-9.004606e+00	-1.210896e+03
1.290000e-06	-1.610862e-09	-7.445575e-09	-8.851583e+00	-1.196545e+03
1.300000e-06	-1.582949e-09	-7.354671e-09	-8.698325e+00	-1.182027e+03
1.310000e-06	-1.554969e-09	-7.262533e-09	-8.544746e+00	-1.167332e+03
1.320000e-06	-1.526923e-09	-7.170286e-09	-8.390832e+00	-1.152449e+03
1.330000e-06	-1.498819e-09	-7.077447e-09	-8.236547e+00	-1.137369e+03
1.340000e-06	-1.470638e-09	-6.982303e-09	-8.081862e+00	-1.122082e+03
1.350000e-06	-1.442354e-09	-6.884534e-09	-7.926645e+00	-1.106581e+03
1.360000e-06	-1.413983e-09	-6.784868e-09	-7.770910e+00	-1.090860e+03
1.370000e-06	-1.385525e-09	-6.684573e-09	-7.614688e+00	-1.074916e+03
1.380000e-06	-1.356967e-09	-6.584222e-09	-7.457938e+00	-1.058747e+03
1.390000e-06	-1.328311e-09	-6.482691e-09	-7.300684e+00	-1.042352e+03
1.400000e-06	-1.299532e-09	-6.378865e-09	-7.142781e+00	-1.025732e+03
1.410000e-06	-1.270633e-09	-6.272931e-09	-6.984192e+00	-1.008890e+03
1.420000e-06	-1.241614e-09	-6.165466e-09	-6.824957e+00	-9.918264e+02
1.430000e-06	-1.212462e-09	-6.056628e-09	-6.665039e+00	-9.745443e+02
1.440000e-06	-1.183202e-09	-5.946454e-09	-6.504440e+00	-9.570447e+02
1.450000e-06	-1.153867e-09	-5.834989e-09	-6.343319e+00	-9.393280e+02
1.460000e-06	-1.124448e-09	-5.722464e-09	-6.181728e+00	-9.213932e+02
1.470000e-06	-1.094943e-09	-5.609607e-09	-6.019694e+00	-9.032383e+02
1.480000e-06	-1.065369e-09	-5.496349e-09	-5.857289e+00	-8.848600e+02
1.490000e-06	-1.035731e-09	-5.380923e-09	-5.694538e+00	-8.662541e+02
1.500000e-06	-1.006044e-09	-5.263006e-09	-5.531525e+00	-8.474157e+02
1.510000e-06	-9.763038e-10	-5.143905e-09	-5.368207e+00	-8.283396e+02
1.520000e-06	-9.465065e-10	-5.024001e-09	-5.204551e+00	-8.090207e+02
1.530000e-06	-9.166681e-10	-4.902915e-09	-5.040674e+00	-7.894544e+02
1.540000e-06	-8.867836e-10	-4.780131e-09	-4.876563e+00	-7.696367e+02
1.550000e-06	-8.568601e-10	-4.655425e-09	-4.712253e+00	-7.495645e+02
1.560000e-06	-8.269057e-10	-4.528869e-09	-4.547807e+00	-7.292357e+02
1.570000e-06	-7.969228e-10	-4.400203e-09	-4.383201e+00	-7.086490e+02
1.580000e-06	-7.669028e-10	-4.269213e-09	-4.218369e+00	-6.878035e+02
1.590000e-06	-7.368196e-10	-4.136420e-09	-4.053232e+00	-6.666991e+02
1.600000e-06	-7.066793e-10	-4.002280e-09	-3.887745e+00	-6.453354e+02
1.610000e-06	-6.764937e-10	-3.867064e-09	-3.721982e+00	-6.237117e+02
1.620000e-06	-6.462776e-10	-3.730527e-09	-3.556075e+00	-6.018266e+02
1.630000e-06	-6.160478e-10	-3.592501e-09	-3.390072e+00	-5.796779e+02
1.640000e-06	-5.857981e-10	-3.453311e-09	-3.223970e+00	-5.572622e+02
1.650000e-06	-5.555099e-10	-3.312715e-09	-3.057715e+00	-5.345750e+02
1.660000e-06	-5.251712e-10	-3.170368e-09	-2.891209e+00	-5.116110e+02
1.670000e-06	-4.948018e-10	-3.026047e-09	-2.724455e+00	-4.883638e+02
1.680000e-06	-4.643976e-10	-2.879565e-09	-2.557461e+00	-4.648272e+02
1.690000e-06	-4.339468e-10	-2.730674e-09	-2.390277e+00	-4.409949e+02
1.700000e-06	-4.034597e-10	-2.579419e-09	-2.222911e+00	-4.168611e+02
1.710000e-06	-3.729456e-10	-2.426258e-09	-2.055325e+00	-3.924216e+02
1.720000e-06	-3.424110e-10	-2.271248e-09	-1.887647e+00	-3.676739e+02
1.730000e-06	-3.118448e-10	-2.113765e-09	-1.719835e+00	-3.426175e+02
1.740000e-06	-2.812605e-10	-1.953756e-09	-1.551926e+00	-3.172545e+02
1.750000e-06	-2.506576e-10	-1.791909e-09	-1.383914e+00	-2.915899e+02
1.760000e-06	-2.200396e-10	-1.628954e-09	-1.215804e+00	-2.656313e+02
1.770000e-06	-1.894009e-10	-1.464499e-09	-1.047589e+00	-2.393891e+02
1.780000e-06	-1.587464e-10	-1.298406e-09	-8.793180e-01	-2.128763e+02
1.790000e-06	-1.280713e-10	-1.131275e-09	-7.109725e-01	-1.861078e+02
1.800000e-06	-9.738391e-11	-9.633359e-10	-5.425064e-01	-1.591007e+02
1.810000e-06	-6.668469e-11	-7.942435e-10	-3.739058e-01	-1.318735e+02
1.820000e-06	-3.595970e-11	-6.234931e-10	-2.052045e-01	-1.044458e+02
1.830000e-06	-5.245118e-12	-4.514222e-10	-3.655158e-02	-7.683817e+01
1.840000e-06	2.547684e-11	-2.783948e-10	1.321717e-01	-4.907154e+01
1.850000e-06	5.619817e-11	-1.041164e-10	3.008466e-01	-2.116743e+01
1.860000e-06	8.688749e-11	7.158747e-11	4.693712e-01	6.852286e+00
1.870000e-06	1.175750e-10	2.479946e-10	6.379329e-01	3.496536e+01
1.880000e-06	1.482365e-10	4.245877e-10	8.063175e-01	6.314905e+01
1.890000e-06	1.788586e-10	6.015165e-10	9.744597e-01	9.138001e+01
1.900000e-06	2.094772e-10	7.784667e-10	1.142568e+00	1.196341e+02
1.910000e-06	2.400853e-10	9.548800e-10	1.310583e+00	1.478864e+02
1.920000e-06	2.706868e-10	1.130915e-09	1.478601e+00	1.761111e+02
1.930000e-06	3.012697e-10	1.306998e-09	1.646532e+00	2.042813e+02
1.940000e-06	3.318060e-10	1.482703e-09	1.814184e+00	2.323694e+02
1.950000e-06	3.622971e-10	1.657409e-09	1.981616e+00	2.603474e+02
1.960000e-06	3.927631e-10	1.830855e-09	2.148942e+00	2.881867e+02
1.970000e-06	4.232100e-10	2.002582e-09	2.316147e+00	3.158592e+02
1.980000e-06	4.536306e-10	2.172702e-09	2.483214e+00	3.433369e+02
1.990000e-06	4.840133e-10	2.341706e-09	2.650072e+00	3.705932e+02
2.000000e-06	5.143765e-10	2.509378e-09	2.816826e+00	3.976029e+02
2.010000e-06	5.447071e-10	2.675314e-09	2.983394e+00	4.243428e+02
2.020000e-06	5.749754e-10	2.839794e-09	3.149572e+00	4.507920e+02
2.030000e-06	6.052057e-10	3.003378e-09	3.315501e+00	4.769323e+02
2.040000e-06	6.354113e-10	3.165443e-09	3.481293e+00	5.027483e+02
2.050000e-06	6.655603e-10	3.325048e-09	3.646825e+00	5.282276e+02
2.060000e-06	6.956405e-10	3.481939e-09	3.812011e+00	5.533607e+02
2.070000e-06	7.256858e-10	3.635994e-09	3.977038e+00	5.781410e+02
2.080000e-06	7.557068e-10	3.787706e-09	4.141930e+00	6.025643e+02
2.090000e-06	7.856844e-10	3.937025e-09	4.306583e+00	6.266290e+02
2.100000e-06	8.156175e-10	4.083469e-09	4.470993e+00	6.503352e+02
2.110000e-06	8.455078e-10	4.227219e-09	4.635195e+00	6.736851e+02
2.120000e-06	8.753646e-10	4.368879e-09	4.799230e+00	6.966819e+02
2.130000e-06	9.051843e-10	4.508952e-09	4.963062e+00	7.193302e+02
2.140000e-06	9.349465e-10	4.646987e-09	5.126580e+00	7.416351e+02
2.150000e-06	9.646663e-10	4.783072e-09	5.289840e+00	7.636025e+02
2.160000e-06	9.943415e-10	4.917982e-09	5.452871e+00	7.852382e+02
2.170000e-06	1.023960e-09	5.051365e-09	5.615569e+00	8.065487e+02
2.180000e-06	1.053540e-09	5.182440e-09	5.778015e+00	8.275399e+02
2.190000e-06	1.083071e-09	5.310971e-09	5.940219e+00	8.482179e+02
2.200000e-06	1.112533e-09	5.437070e-09	6.102085e+00	8.685885e+02
2.210000e-06	1.141917e-09	5.560783e-09	6.263454e+00	8.886570e+02
2.220000e-06	1.171223e-09	5.682346e-09	6.424352e+00	9.084282e+02
2.230000e-06	1.200437e-09	5.802003e-09	6.584747e+00	9.279067e+02
2.240000e-06	1.229531e-09	5.919747e-09	6.744519e+00	9.470961e+02
2.250000e-06	1.258518e-09	6.035901e-09	6.903767e+00	9.659998e+02
2.260000e-06	1.287414e-09	6.150646e-09	7.062505e+00	9.846204e+02
2.270000e-06	1.316206e-09	6.263888e-09	7.220656e+00	1.002960e+03
2.280000e-06	1.344886e-09	6.375988e-09	7.378129e+00	1.021021e+03
2.290000e-06	1.373451e-09	6.486853e-09	7.534915e+00	1.038805e+03
2.300000e-06	1.401869e-09	6.595870e-09	7.690928e+00	1.056313e+03
2.310000e-06	1.430185e-09	6.703167e-09	7.846351e+00	1.073547e+03
2.320000e-06	1.458420e-09	6.809207e-09	8.001317e+00	1.090511e+03
2.330000e-06	1.486559e-09	6.914036e-09	8.155807e+00	1.107206e+03
2.340000e-06	1.514624e-09	7.017182e-09	8.309936e+00	1.123637e+03
2.350000e-06	1.542618e-09	7.118020e-09	8.463700e+00	1.139809e+03
2.360000e-06	1.570557e-09	7.216579e-09	8.617118e+00	1.155728e+03
2.370000e-06	1.598448e-09	7.313421e-09	8.770275e+00	1.171401e+03
2.380000e-06	1.626294e-09	7.408983e-09	8.923209e+00	1.186837e+03
2.390000e-06	1.654098e-09	7.503224e-09	9.075920e+00	1.202044e+03
2.400000e-06	1.681860e-09	7.595740e-09	9.228415e+00	1.217030e+03
2.410000e-06	1.709572e-09	7.686618e-09	9.380650e+00	1.231806e+03
2.420000e-06	1.737219e-09	7.776636e-09	9.532539e+00	1.246380e+03
2.430000e-06	1.764797e-09	7.865760e-09	9.684020e+00	1.260759e+03
2.440000e-06	1.792285e-09	7.953320e-09	9.835020e+00	1.274951e+03
2.450000e-06	1.819654e-09	8.039331e-09	9.985383e+00	1.288960e+03
2.460000e-06	1.846870e-09	8.124256e-09	1.013488e+01	1.302789e+03
2.470000e-06	1.873902e-09	8.208378e-09	1.028337e+01	1.316441e+03
2.480000e-06	1.900739e-09	8.291595e-09	1.043077e+01	1.329914e+03
2.490000e-06	1.927343e-09	8.374239e-09	1.057695e+01	1.343207e+03
2.500000e-06	1.953687e-09	8.456334e-09	1.072168e+01	1.356318e+03
2.510000e-06	1.979773e-09	8.537195e-09	1.086493e+01	1.369242e+03
2.520000e-06	2.005574e-09	8.616404e-09	1.100659e+01	1.381976e+03
2.530000e-06	2.031071e-09	8.694088e-09	1.114662e+01	1.394516e+03
2.540000e-06	2.056298e-09	8.770571e-09	1.128517e+01	1.406861e+03
2.550000e-06	2.081292e-09	8.845887e-09	1.142237e+01	1.419008e+03
2.560000e-06	2.106044e-09	8.919642e-09	1.155827e+01	1.430960e+03
2.570000e-06	2.130564e-09	8.991906e-09	1.169291e+01	1.442719e+03
2.580000e-06	2.154902e-09	9.063078e-09	1.182659e+01	1.454291e+03
2.590000e-06	2.179096e-09	9.133069e-09	1.195950e+01	1.465682e+03
2.600000e-06	2.203181e-09	9.202178e-09	1.209180e+01	1.476903e+03
2.610000e-06	2.227171e-09	9.270690e-09	1.222358e+01	1.487962e+03
2.620000e-06	2.251056e-09	9.338105e-09	1.235478e+01	1.498871e+03
2.630000e-06	2.274843e-09	9.404463e-09	1.248543e+01	1.509642e+03
2.640000e-06	2.298545e-09	9.470186e-09	1.261555e+01	1.520285e+03
2.650000e-06	2.322137e-09	9.535421e-09	1.274502e+01	1.530809e+03
2.660000e-06	2.345592e-09	9.600301e-09	1.287373e+01	1.541221e+03
2.670000e-06	2.368886e-09	9.664553e-09	1.300158e+01	1.551529e+03
2.680000e-06	2.391975e-09	9.727578e-09	1.312831e+01	1.561733e+03
2.690000e-06	2.414847e-09	9.789421e-09	1.325383e+01	1.571836e+03
2.700000e-06	2.437513e-09	9.850714e-09	1.337829e+01	1.581835e+03
2.710000e-06	2.459998e-09	9.911491e-09	1.350178e+01	1.591726e+03
2.720000e-06	2.482317e-09	9.971284e-09	1.362433e+01	1.601502e+03
2.730000e-06	2.504461e-09	1.003041e-08	1.374586e+01	1.611158e+03
2.740000e-06	2.526453e-09	1.008956e-08	1.386655e+01	1.620684e+03
2.750000e-06	2.548308e-09	1.014838e-08	1.398648e+01	1.630072e+03
2.760000e-06	2.570008e-09	1.020621e-08	1.410559e+01	1.639315e+03
2.770000e-06	2.591563e-09	1.026269e-08	1.422393e+01	1.648405e+03
2.780000e-06	2.612943e-09	1.031799e-08	1.434135e+01	1.657338e+03
2.790000e-06	2.634098e-09	1.037289e-08	1.445753e+01	1.666108e+03
2.800000e-06	2.655062e-09	1.042739e-08	1.457256e+01	1.674714e+03
2.810000e-06	2.675823e-09	1.048073e-08	1.468646e+01	1.683154e+03
2.820000e-06	2.696353e-09	1.053274e-08	1.479913e+01	1.691431e+03
2.830000e-06	2.716686e-09	1.058370e-08	1.491076e+01	1.699545e+03
2.840000e-06	2.736849e-09	1.063382e-08	1.502149e+01	1.707500e+03
2.850000e-06	2.756900e-09	1.068276e-08	1.513157e+01	1.715302e+03
2.860000e-06	2.776847e-09	1.073046e-08	1.524110e+01	1.722954e+03
2.870000e-06	2.796697e-09	1.077709e-08	1.535012e+01	1.730463e+03
2.880000e-06	2.816473e-09	1.082279e-08	1.545871e+01	1.737832e+03
2.890000e-06	2.836152e-09	1.086814e-08	1.556674e+01	1.745069e+03
2.900000e-06	2.855708e-09	1.091296e-08	1.567411e+01	1.752177e+03
2.910000e-06	2.875086e-09	1.095705e-08	1.578051e+01	1.759162e+03
2.920000e-06	2.894253e-09	1.100007e-08	1.588573e+01	1.766028e+03
2.930000e-06	2.913191e-09	1.104155e-08	1.598962e+01	1.772781e+03
2.940000e-06	2.931874e-09	1.108267e-08	1.609210e+01	1.779424e+03
2.950000e-06	2.950291e-09	1.112394e-08	1.619317e+01	1.785963e+03
2.960000e-06	2.968442e-09	1.116428e-08	1.629276e+01	1.792402e+03
2.970000e-06	2.986351e-09	1.120333e-08	1.639097e+01	1.798744e+03
2.980000e-06	3.004045e-09	1.124175e-08	1.648807e+01	1.804996e+03
2.990000e-06	3.021552e-09	1.128023e-08	1.658422e+01	1.811160e+03
3.000000e-06	3.038903e-09	1.131859e-08	1.667953e+01	1.817240e+03
3.010000e-06	3.056109e-09	1.135607e-08	1.677410e+01	1.823241e+03
3.020000e-06	3.073163e-09	1.139242e-08	1.686781e+01	1.829163e+03
3.030000e-06	3.090075e-09	1.142815e-08	1.696075e+01	1.835009e+03
3.040000e-06	3.106809e-09	1.146388e-08	1.705274e+01	1.840779e+03
3.050000e-06	3.123325e-09	1.149935e-08	1.714346e+01	1.846472e+03
3.060000e-06	3.139579e-09	1.153381e-08	1.723270e+01	1.852087e+03
3.070000e-06	3.155523e-09	1.156752e-08	1.732029e+01	1.857621e+03
3.080000e-06	3.171134e-09	1.160099e-08	1.740600e+01	1.863070e+03
3.090000e-06	3.186408e-09	1.163400e-08	1.748977e+01	1.868428e+03
3.100000e-06	3.201313e-09	1.166640e-08	1.757163e+01	1.873691e+03
3.110000e-06	3.215885e-09	1.169839e-08	1.765171e+01	1.878854e+03
3.120000e-06	3.230198e-09	1.172977e-08	1.773033e+01	1.883910e+03
3.130000e-06	3.244265e-09	1.176027e-08	1.780764e+01	1.888856e+03
3.140000e-06	3.258122e-09	1.179020e-08	1.788376e+01	1.893685e+03
3.150000e-06	3.271775e-09	1.181951e-08	1.795873e+01	1.898396e+03
3.160000e-06	3.285183e-09	1.184814e-08	1.803238e+01	1.902984e+03
3.170000e-06	3.298326e-09	1.187609e-08	1.810459e+01	1.907449e+03
3.180000e-06	3.311212e-09	1.190311e-08	1.817541e+01	1.911790e+03
3.190000e-06	3.323840e-09	1.192938e-08	1.824475e+01	1.916007e+03
3.200000e-06	3.336230e-09	1.195506e-08	1.831279e+01	1.920104e+03
3.210000e-06	3.348391e-09	1.197969e-08	1.837962e+01	1.924081e+03
3.220000e-06	3.360340e-09	1.200310e-08	1.844532e+01	1.927942e+03
3.230000e-06	3.372101e-09	1.202601e-08	1.850999e+01	1.931691e+03
3.240000e-06	3.383659e-09	1.204882e-08	1.857347e+01	1.935332e+03
3.250000e-06	3.394960e-09	1.207108e-08	1.863549e+01	1.938869e+03
3.260000e-06	3.405940e-09	1.209238e-08	1.869577e+01	1.942305e+03
3.270000e-06	3.416565e-09	1.211247e-08	1.875409e+01	1.945647e+03
3.280000e-06	3.426789e-09	1.213157e-08	1.881016e+01	1.948896e+03
3.290000e-06	3.436564e-09	1.215025e-08	1.886380e+01	1.952057e+03
3.300000e-06	3.445902e-09	1.216859e-08	1.891513e+01	1.955134e+03
3.310000e-06	3.454848e-09	1.218641e-08	1.896427e+01	1.958129e+03
3.320000e-06	3.463461e-09	1.220353e-08	1.901155e+01	1.961045e+03
3.330000e-06	3.471815e-09	1.222040e-08	1.905747e+01	1.963886e+03
3.340000e-06	3.479963e-09	1.223726e-08	1.910232e+01	1.966653e+03
3.350000e-06	3.487945e-09	1.225385e-08	1.914625e+01	1.969348e+03
3.360000e-06	3.495789e-09	1.226981e-08	1.918941e+01	1.971973e+03
3.370000e-06	3.503490e-09	1.228467e-08	1.923178e+01	1.974529e+03
3.380000e-06	3.511022e-09	1.229903e-08	1.927321e+01	1.977016e+03
3.390000e-06	3.518365e-09	1.231322e-08	1.931360e+01	1.979436e+03
3.400000e-06	3.525452e-09	1.232680e-08	1.935257e+01	1.981788e+03
3.410000e-06	3.532246e-09	1.233982e-08	1.938995e+01	1.984070e+03
3.420000e-06	3.538766e-09	1.235271e-08	1.942580e+01	1.986284e+03
3.430000e-06	3.545041e-09	1.236566e-08	1.946027e+01	1.988427e+03
3.440000e-06	3.551083e-09	1.237836e-08	1.949346e+01	1.990499e+03
3.450000e-06	3.556894e-09	1.239014e-08	1.952542e+01	1.992498e+03
3.460000e-06	3.562476e-09	1.240055e-08	1.955615e+01	1.994423e+03
3.470000e-06	3.567800e-09	1.241051e-08	1.958540e+01	1.996274e+03
3.480000e-06	3.572837e-09	1.242125e-08	1.961300e+01	1.998049e+03
3.490000e-06	3.577588e-09	1.243236e-08	1.963906e+01	1.999748e+03
3.500000e-06	3.582077e-09	1.244289e-08	1.966377e+01	2.001370e+03
3.510000e-06	3.586337e-09	1.245261e-08	1.968723e+01	2.002916e+03
3.520000e-06	3.590424e-09	1.246148e-08	1.970974e+01	2.004385e+03
3.530000e-06	3.594370e-09	1.246952e-08	1.973153e+01	2.005777e+03
3.540000e-06	3.598184e-09	1.247700e-08	1.975260e+01	2.007091e+03
3.550000e-06	3.601855e-09	1.248416e-08	1.977282e+01	2.008328e+03
3.560000e-06	3.605333e-09	1.249118e-08	1.979197e+01	2.009485e+03
3.570000e-06	3.608580e-09	1.249851e-08	1.980980e+01	2.010561e+03
3.580000e-06	3.611525e-09	1.250585e-08	1.982585e+01	2.011553e+03
3.590000e-06	3.614109e-09	1.251225e-08	1.983993e+01	2.012459e+03
3.600000e-06	3.616284e-09	1.251756e-08	1.985174e+01	2.013276e+03
3.610000e-06	3.618003e-09	1.252191e-08	1.986108e+01	2.013999e+03
3.620000e-06	3.619288e-09	1.252549e-08	1.986811e+01	2.014625e+03
3.630000e-06	3.620170e-09	1.252896e-08	1.987297e+01	2.015151e+03
3.640000e-06	3.620726e-09	1.253237e-08	1.987609e+01	2.015574e+03
3.650000e-06	3.621024e-09	1.253535e-08	1.987780e+01	2.015891e+03
3.660000e-06	3.621118e-09	1.253735e-08	1.987842e+01	2.016101e+03
3.670000e-06	3.621062e-09	1.253821e-08	1.987822e+01	2.016204e+03
3.680000e-06	3.620865e-09	1.253804e-08	1.987725e+01	2.016201e+03
3.690000e-06	3.620508e-09	1.253528e-08	1.987544e+01	2.016094e+03
3.700000e-06	3.619974e-09	1.252968e-08	1.987259e+01	2.015886e+03
3.710000e-06	3.619201e-09	1.252554e-08	1.986840e+01	2.015582e+03
3.720000e-06	3.618145e-09	1.252920e-08	1.986268e+01	2.015185e+03
3.730000e-06	3.616821e-09	1.254680e-08	1.985546e+01	2.014701e+03
3.740000e-06	3.615208e-09	1.256025e-08	1.984664e+01	2.014134e+03
3.750000e-06	3.613260e-09	1.254154e-08	1.983603e+01	2.013488e+03
3.760000e-06	3.610976e-09	1.250565e-08	1.982366e+01	2.012767e+03
3.770000e-06	3.608441e-09	1.249068e-08	1.980983e+01	2.011973e+03
3.780000e-06	3.605743e-09	1.249256e-08	1.979500e+01	2.011107e+03
3.790000e-06	3.602902e-09	1.248908e-08	1.977944e+01	2.010169e+03
3.800000e-06	3.599877e-09	1.248891e-08	1.976288e+01	2.009158e+03
3.810000e-06	3.596609e-09	1.249911e-08	1.974497e+01	2.008071e+03
3.820000e-06	3.593068e-09	1.250439e-08	1.972566e+01	2.006905e+03
3.830000e-06	3.589298e-09	1.249325e-08	1.970513e+01	2.005656e+03
3.840000e-06	3.585355e-09	1.247224e-08	1.968366e+01	2.004320e+03
3.850000e-06	3.581256e-09	1.245418e-08	1.966130e+01	2.002895e+03
3.860000e-06	3.577017e-09	1.244097e-08	1.963813e+01	2.001377e+03
3.870000e-06	3.572634e-09	1.242855e-08	1.961412e+01	1.999764e+03
3.880000e-06	3.568074e-09	1.242276e-08	1.958911e+01	1.998055e+03
3.890000e-06	3.563272e-09	1.242661e-08	1.956273e+01	1.996251e+03
3.900000e-06	3.558085e-09	1.242484e-08	1.953426e+01	1.994351e+03
3.910000e-06	3.552385e-09	1.240560e-08	1.950309e+01	1.992359e+03
3.920000e-06	3.546170e-09	1.237991e-08	1.946902e+01	1.990276e+03
3.930000e-06	3.539524e-09	1.236130e-08	1.943245e+01	1.988106e+03
3.940000e-06	3.532502e-09	1.234753e-08	1.939387e+01	1.985851e+03
3.950000e-06	3.525146e-09	1.233452e-08	1.935360e+01	1.983512e+03
3.960000e-06	3.517523e-09	1.232748e-08	1.931189e+01	1.981093e+03
3.970000e-06	3.509689e-09	1.232525e-08	1.926899e+01	1.978594e+03
3.980000e-06	3.501678e-09	1.231411e-08	1.922515e+01	1.976015e+03
3.990000e-06	3.493523e-09	1.228659e-08	1.918054e+01	1.973355e+03
4.000000e-06	3.485238e-09	1.225586e-08	1.913521e+01	1.970612e+03
4.010000e-06	3.476794e-09	1.223768e-08	1.908893e+01	1.967784e+03
4.020000e-06	3.468138e-09	1.222762e-08	1.904148e+01	1.964868e+03
4.030000e-06	3.459219e-09	1.221244e-08	1.899261e+01	1.961861e+03
4.040000e-06	3.450011e-09	1.219399e-08	1.894216e+01	1.958760e+03
4.050000e-06	3.440525e-09	1.217996e-08	1.889017e+01	1.955563e+03
4.060000e-06	3.430787e-09	1.216439e-08	1.883684e+01	1.952268e+03
4.070000e-06	3.420829e-09	1.213747e-08	1.878227e+01	1.948876e+03
4.080000e-06	3.410675e-09	1.210528e-08	1.872662e+01	1.945385e+03
4.090000e-06	3.400348e-09	1.208087e-08	1.867001e+01	1.941799e+03
4.100000e-06	3.389809e-09	1.206392e-08	1.861221e+01	1.938117e+03
4.110000e-06	3.378990e-09	1.204675e-08	1.855291e+01	1.934343e+03
4.120000e-06	3.367894e-09	1.202817e-08	1.849211e+01	1.930479e+03
4.130000e-06	3.356542e-09	1.200711e-08	1.842987e+01	1.926527e+03
4.140000e-06	3.344913e-09	1.197835e-08	1.836612e+01	1.922490e+03
4.150000e-06	3.333024e-09	1.194489e-08	1.830094e+01	1.918368e+03
4.160000e-06	3.320925e-09	1.191646e-08	1.823455e+01	1.914162e+03
4.170000e-06	3.308620e-09	1.189296e-08	1.816706e+01	1.909871e+03
4.180000e-06	3.296066e-09	1.186748e-08	1.809824e+01	1.905493e+03
4.190000e-06	3.283225e-09	1.184146e-08	1.802779e+01	1.901026e+03
4.200000e-06	3.270047e-09	1.181849e-08	1.795550e+01	1.896467e+03
4.210000e-06	3.256483e-09	1.179293e-08	1.788107e+01	1.891811e+03
4.220000e-06	3.242504e-09	1.175946e-08	1.780436e+01	1.887056e+03
4.230000e-06	3.228091e-09	1.172307e-08	1.772525e+01	1.882198e+03
4.240000e-06	3.213273e-09	1.168973e-08	1.764391e+01	1.877234e+03
4.250000e-06	3.198120e-09	1.165986e-08	1.756078e+01	1.872161e+03
4.260000e-06	3.182673e-09	1.163217e-08	1.747605e+01	1.866980e+03
4.270000e-06	3.166963e-09	1.160458e-08	1.738989e+01	1.861689e+03
4.280000e-06	3.151060e-09	1.157305e-08	1.730273e+01	1.856289e+03
4.290000e-06	3.135023e-09	1.153649e-08	1.721484e+01	1.850782e+03
4.300000e-06	3.118856e-09	1.149889e-08	1.712625e+01	1.845169e+03
4.310000e-06	3.102566e-09	1.146234e-08	1.703698e+01	1.839452e+03
4.320000e-06	3.086136e-09	1.142581e-08	1.694693e+01	1.833634e+03
4.330000e-06	3.069520e-09	1.139002e-08	1.685583e+01	1.827715e+03
4.340000e-06	3.052672e-09	1.135570e-08	1.676345e+01	1.821696e+03
4.350000e-06	3.035564e-09	1.132107e-08	1.666966e+01	1.815577e+03
4.360000e-06	3.018208e-09	1.128410e-08	1.657453e+01	1.809358e+03
4.370000e-06	3.000627e-09	1.124390e-08	1.647817e+01	1.803037e+03
4.380000e-06	2.982859e-09	1.120089e-08	1.638077e+01	1.796610e+03
4.390000e-06	2.964924e-09	1.115784e-08	1.628243e+01	1.790076e+03
4.400000e-06	2.946817e-09	1.111763e-08	1.618314e+01	1.783432e+03
4.410000e-06	2.928526e-09	1.107893e-08	1.608291e+01	1.776674e+03
4.420000e-06	2.910062e-09	1.103856e-08	1.598171e+01	1.769800e+03
4.430000e-06	2.891398e-09	1.099601e-08	1.587933e+01	1.762809e+03
4.440000e-06	2.872491e-09	1.095187e-08	1.577560e+01	1.755699e+03
4.450000e-06	2.853340e-09	1.090568e-08	1.567059e+01	1.748471e+03
4.460000e-06	2.833951e-09	1.085874e-08	1.556434e+01	1.741126e+03
4.470000e-06	2.814362e-09	1.081258e-08	1.545699e+01	1.733665e+03
4.480000e-06	2.794614e-09	1.076608e-08	1.534870e+01	1.726091e+03
4.490000e-06	2.774725e-09	1.071939e-08	1.523965e+01	1.718405e+03
4.500000e-06	2.754726e-09	1.067391e-08	1.513004e+01	1.710611e+03
4.510000e-06	2.734645e-09	1.062728e-08	1.501996e+01	1.702709e+03
4.520000e-06	2.714490e-09	1.057669e-08	1.490948e+01	1.694700e+03
4.530000e-06	2.694253e-09	1.052418e-08	1.479853e+01	1.686583e+03
4.540000e-06	2.673894e-09	1.047207e-08	1.468690e+01	1.678358e+03
4.550000e-06	2.653376e-09	1.042016e-08	1.457435e+01	1.670020e+03
4.560000e-06	2.632664e-09	1.036881e-08	1.446069e+01	1.661566e+03
4.570000e-06	2.611702e-09	1.031788e-08	1.434559e+01	1.652991e+03
4.580000e-06	2.590436e-09	1.026506e-08	1.422876e+01	1.644290e+03
4.590000e-06	2.568839e-09	1.020946e-08	1.411015e+01	1.635458e+03
4.600000e-06	2.546880e-09	1.015312e-08	1.398962e+01	1.626490e+03
4.610000e-06	2.524562e-09	1.009642e-08	1.386709e+01	1.617384e+03
4.620000e-06	2.501928e-09	1.003836e-08	1.374283e+01	1.608135e+03
4.630000e-06	2.478999e-09	9.979996e-09	1.361702e+01	1.598745e+03
4.640000e-06	2.455777e-09	9.922109e-09	1.348969e+01	1.589213e+03
4.650000e-06	2.432311e-09	9.863883e-09	1.336100e+01	1.579542e+03
4.660000e-06	2.408666e-09	9.804588e-09	1.323131e+01	1.569736e+03
4.670000e-06	2.384880e-09	9.743932e-09	1.310090e+01	1.559799e+03
4.680000e-06	2.360980e-09	9.681290e-09	1.296987e+01	1.549736e+03
4.690000e-06	2.336982e-09	9.617072e-09	1.283830e+01	1.539551e+03
4.700000e-06	2.312899e-09	9.552823e-09	1.270629e+01	1.529249e+03
4.710000e-06	2.288749e-09	9.488334e-09	1.257390e+01	1.518832e+03
4.720000e-06	2.264526e-09	9.422664e-09	1.244111e+01	1.508300e+03
4.730000e-06	2.240205e-09	9.355978e-09	1.230774e+01	1.497652e+03
4.740000e-06	2.215777e-09	9.288536e-09	1.217371e+01	1.486884e+03
4.750000e-06	2.191222e-09	9.220187e-09	1.203895e+01	1.475992e+03
4.760000e-06	2.166498e-09	9.151095e-09	1.190334e+01	1.464967e+03
4.770000e-06	2.141610e-09	9.081376e-09	1.176677e+01	1.453801e+03
4.780000e-06	2.116560e-09	9.010717e-09	1.162926e+01	1.442485e+03
4.790000e-06	2.091335e-09	8.939361e-09	1.149087e+01	1.431010e+03
4.800000e-06	2.065945e-09	8.867342e-09	1.135158e+01	1.419368e+03
4.810000e-06	2.040407e-09	8.794095e-09	1.121136e+01	1.407552e+03
4.820000e-06	2.014711e-09	8.719064e-09	1.107030e+01	1.395556e+03
4.830000e-06	1.988857e-09	8.642663e-09	1.092849e+01	1.383379e+03
4.840000e-06	1.962884e-09	8.565802e-09	1.078603e+01	1.371018e+03
4.850000e-06	1.936799e-09	8.488587e-09	1.064287e+01	1.358478e+03
4.860000e-06	1.910593e-09	8.410516e-09	1.049907e+01	1.345761e+03
4.870000e-06	1.884260e-09	8.330844e-09	1.035461e+01	1.332873e+03
4.880000e-06	1.857801e-09	8.249302e-09	1.020947e+01	1.319820e+03
4.890000e-06	1.831214e-09	8.166424e-09	1.006361e+01	1.306611e+03
4.900000e-06	1.804492e-09	8.082441e-09	9.916977e+00	1.293250e+03
4.910000e-06	1.777618e-09	7.997414e-09	9.769467e+00	1.279743e+03
4.920000e-06	1.750585e-09	7.911642e-09	9.621105e+00	1.266094e+03
4.930000e-06	1.723396e-09	7.825022e-09	9.471898e+00	1.252304e+03
4.940000e-06	1.696057e-09	7.737638e-09	9.321882e+00	1.238372e+03
4.950000e-06	1.668598e-09	7.649667e-09	9.171231e+00	1.224293e+03
4.960000e-06	1.641033e-09	7.560645e-09	9.019957e+00	1.210061e+03
4.970000e-06	1.613329e-09	7.469849e-09	8.867972e+00	1.195670e+03
4.980000e-06	1.585504e-09	7.377498e-09	8.715374e+00	1.181108e+03
4.990000e-06	1.557612e-09	7.284682e-09	8.562396e+00	1.166367e+03
5.000000e-06	1.529657e-09	7.191791e-09	8.409087e+00	1.151436e+03
5.010000e-06	1.501649e-09	7.098237e-09	8.255500e+00	1.136305e+03
5.020000e-06	1.473594e-09	7.003604e-09	8.101649e+00	1.120965e+03
5.030000e-06	1.445500e-09	6.908052e-09	7.947572e+00	1.105409e+03
5.040000e-06	1.417372e-09	6.810956e-09	7.793269e+00	1.089633e+03
5.050000e-06	1.389208e-09	6.711575e-09	7.638778e+00	1.073633e+03
5.060000e-06	1.361003e-09	6.610669e-09	7.484067e+00	1.057407e+03
5.070000e-06	1.332758e-09	6.508724e-09	7.329086e+00	1.040956e+03
5.080000e-06	1.304469e-09	6.405303e-09	7.173849e+00	1.024280e+03
5.090000e-06	1.276112e-09	6.300697e-09	7.018213e+00	1.007382e+03
5.100000e-06	1.247680e-09	6.194882e-09	6.862147e+00	9.902640e+02
5.110000e-06	1.219160e-09	6.087124e-09	6.705594e+00	9.729275e+02
5.120000e-06	1.190542e-09	5.977169e-09	6.548505e+00	9.553736e+02
5.130000e-06	1.161850e-09	5.865147e-09	6.390949e+00	9.376025e+02
5.140000e-06	1.133076e-09	5.751805e-09	6.232932e+00	9.196130e+02
5.150000e-06	1.104198e-09	5.637806e-09	6.074392e+00	9.014026e+02
5.160000e-06	1.075197e-09	5.522923e-09	5.915130e+00	8.829678e+02
5.170000e-06	1.046072e-09	5.406541e-09	5.755217e+00	8.643042e+02
5.180000e-06	1.016836e-09	5.288403e-09	5.594721e+00	8.454069e+02
5.190000e-06	9.874679e-10	5.168764e-09	5.433396e+00	8.262705e+02
5.200000e-06	9.579746e-10	5.048068e-09	5.271314e+00	8.068902e+02
5.210000e-06	9.283813e-10	4.926160e-09	5.108682e+00	7.872614e+02
5.220000e-06	8.986646e-10	4.802686e-09	4.945311e+00	7.673803e+02
5.230000e-06	8.688003e-10	4.677605e-09	4.781094e+00	7.472441e+02
5.240000e-06	8.388087e-10	4.550936e-09	4.616257e+00	7.268509e+02
5.250000e-06	8.086881e-10	4.422743e-09	4.450712e+00	7.061996e+02
5.260000e-06	7.784385e-10	4.292509e-09	4.284441e+00	6.852894e+02
5.270000e-06	7.480949e-10	4.159538e-09	4.117729e+00	6.641202e+02
5.280000e-06	7.176641e-10	4.024063e-09	3.950509e+00	6.426916e+02
5.290000e-06	6.871492e-10	3.887468e-09	3.782756e+00	6.210027e+02
5.300000e-06	6.565484e-10	3.750094e-09	3.614568e+00	5.990520e+02
5.310000e-06	6.258764e-10	3.611136e-09	3.446012e+00	5.768369e+02
5.320000e-06	5.951323e-10	3.470747e-09	3.277030e+00	5.543537e+02
5.330000e-06	5.642972e-10	3.329318e-09	3.107555e+00	5.315979e+02
5.340000e-06	5.333896e-10	3.187031e-09	2.937752e+00	5.085636e+02
5.350000e-06	5.024284e-10	3.043147e-09	2.767650e+00	4.852447e+02
5.360000e-06	4.714086e-10	2.896967e-09	2.597158e+00	4.616347e+02
5.370000e-06	4.403138e-10	2.748793e-09	2.426298e+00	4.377275e+02
5.380000e-06	4.091754e-10	2.599166e-09	2.255301e+00	4.135177e+02
5.390000e-06	3.780081e-10	2.448181e-09	2.084153e+00	3.890013e+02
5.400000e-06	3.468012e-10	2.294970e-09	1.912769e+00	3.641763e+02
5.410000e-06	3.155472e-10	2.138956e-09	1.741175e+00	3.390429e+02
5.420000e-06	2.842547e-10	1.980463e-09	1.569306e+00	3.136040e+02
5.430000e-06	2.529500e-10	1.819952e-09	1.397318e+00	2.878651e+02
5.440000e-06	2.216330e-10	1.657900e-09	1.225265e+00	2.618345e+02
5.450000e-06	1.902940e-10	1.494848e-09	1.053115e+00	2.355233e+02
5.460000e-06	1.589302e-10	1.330105e-09	8.808740e-01	2.089451e+02
5.470000e-06	1.275688e-10	1.163330e-09	7.086121e-01	1.821153e+02
5.480000e-06	9.621401e-11	9.954332e-10	5.363613e-01	1.550514e+02
5.490000e-06	6.482752e-11	8.267610e-10	3.639303e-01	1.277722e+02
5.500000e-06	3.341741e-11	6.570223e-10	1.913771e-01	1.002976e+02
5.510000e-06	2.003417e-12	4.857204e-10	1.886020e-02	7.264815e+01
5.520000e-06	-2.942141e-11	3.128671e-10	-1.536903e-01	4.484512e+01
5.530000e-06	-6.084726e-11	1.392049e-10	-3.262643e-01	1.691004e+01
5.540000e-06	-9.223495e-11	-3.450135e-11	-4.986602e-01	-1.113513e+01
5.550000e-06	-1.236049e-10	-2.085272e-10	-6.709654e-01	-3.926801e+01
5.560000e-06	-1.549729e-10	-3.837540e-10	-8.433113e-01	-6.746574e+01
5.570000e-06	-1.863080e-10	-5.599056e-10	-1.015488e+00	-9.570478e+01
5.580000e-06	-2.176108e-10	-7.360223e-10	-1.187400e+00	-1.239608e+02
5.590000e-06	-2.488853e-10	-9.115922e-10	-1.359192e+00	-1.522087e+02
5.600000e-06	-2.801435e-10	-1.086805e-09	-1.530931e+00	-1.804223e+02
5.610000e-06	-3.113745e-10	-1.262147e-09	-1.702464e+00	-2.085746e+02
5.620000e-06	-3.425738e-10	-1.437098e-09	-1.873813e+00	-2.366378e+02
5.630000e-06	-3.737566e-10	-1.610689e-09	-2.045035e+00	-2.645838e+02
5.640000e-06	-4.048972e-10	-1.782378e-09	-2.216055e+00	-2.923841e+02
5.650000e-06	-4.359691e-10	-1.953160e-09	-2.386790e+00	-3.200104e+02
5.660000e-06	-4.669887e-10	-2.124241e-09	-2.557309e+00	-3.474352e+02
5.670000e-06	-4.979552e-10	-2.294736e-09	-2.727567e+00	-3.746322e+02
5.680000e-06	-5.288529e-10	-2.463395e-09	-2.897391e+00	-4.015765e+02
5.690000e-06	-5.596872e-10	-2.629979e-09	-3.066821e+00	-4.282456e+02
5.700000e-06	-5.904582e-10	-2.794711e-09	-3.235881e+00	-4.546192e+02
5.710000e-06	-6.211333e-10	-2.957622e-09	-3.404461e+00	-4.806797e+02
5.720000e-06	-6.516896e-10	-3.118547e-09	-3.572470e+00	-5.064126e+02
5.730000e-06	-6.821384e-10	-3.277249e-09	-3.739966e+00	-5.318062e+02
5.740000e-06	-7.125146e-10	-3.433229e-09	-3.907036e+00	-5.568516e+02
5.750000e-06	-7.428285e-10	-3.586881e-09	-4.073647e+00	-5.815429e+02
5.760000e-06	-7.730445e-10	-3.739051e-09	-4.239722e+00	-6.058767e+02
5.770000e-06	-8.031595e-10	-3.889093e-09	-4.405247e+00	-6.298516e+02
5.780000e-06	-8.331355e-10	-4.036275e-09	-4.569978e+00	-6.534685e+02
5.790000e-06	-8.629582e-10	-4.180975e-09	-4.733898e+00	-6.767298e+02
5.800000e-06	-8.926885e-10	-4.323849e-09	-4.897315e+00	-6.996391e+02
5.810000e-06	-9.223118e-10	-4.465599e-09	-5.060085e+00	-7.222010e+02
5.820000e-06	-9.517989e-10	-4.605975e-09	-5.222104e+00	-7.444210e+02
5.830000e-06	-9.811586e-10	-4.744146e-09	-5.383508e+00	-7.663048e+02
5.840000e-06	-1.010387e-09	-4.880289e-09	-5.544208e+00	-7.878587e+02
5.850000e-06	-1.039495e-09	-5.014616e-09	-5.704145e+00	-8.090887e+02
5.860000e-06	-1.068479e-09	-5.147011e-09	-5.863336e+00	-8.300011e+02
5.870000e-06	-1.097326e-09	-5.276933e-09	-6.021801e+00	-8.506018e+02
5.880000e-06	-1.126057e-09	-5.403670e-09	-6.179610e+00	-8.708963e+02
5.890000e-06	-1.154691e-09	-5.528012e-09	-6.336879e+00	-8.908901e+02
5.900000e-06	-1.183239e-09	-5.651331e-09	-6.493642e+00	-9.105878e+02
5.910000e-06	-1.211714e-09	-5.773320e-09	-6.649926e+00	-9.299936e+02
5.920000e-06	-1.240115e-09	-5.893069e-09	-6.805791e+00	-9.491113e+02
5.930000e-06	-1.268447e-09	-6.010991e-09	-6.961279e+00	-9.679440e+02
5.940000e-06	-1.296718e-09	-6.127485e-09	-7.116412e+00	-9.864943e+02
5.950000e-06	-1.324945e-09	-6.242461e-09	-7.271264e+00	-1.004764e+03
5.960000e-06	-1.353130e-09	-6.355852e-09	-7.425864e+00	-1.022756e+03
5.970000e-06	-1.381273e-09	-6.467269e-09	-7.580217e+00	-1.040470e+03
5.980000e-06	-1.409380e-09	-6.576668e-09	-7.734374e+00	-1.057910e+03
5.990000e-06	-1.437452e-09	-6.684325e-09	-7.888350e+00	-1.075076e+03
6.000000e-06	-1.465493e-09	-6.790680e-09	-8.042141e+00	-1.091972e+03
6.010000e-06	-1.493496e-09	-6.895521e-09	-8.195741e+00	-1.108601e+03
6.020000e-06	-1.521447e-09	-6.998080e-09	-8.349117e+00	-1.124967e+03
6.030000e-06	-1.549337e-09	-7.098259e-09	-8.502203e+00	-1.141075e+03
6.040000e-06	-1.577149e-09	-7.196847e-09	-8.654847e+00	-1.156932e+03
6.050000e-06	-1.604859e-09	-7.294583e-09	-8.806920e+00	-1.172545e+03
6.060000e-06	-1.632473e-09	-7.390835e-09	-8.958443e+00	-1.187922e+03
6.070000e-06	-1.659980e-09	-7.485145e-09	-9.109426e+00	-1.203073e+03
6.080000e-06	-1.687343e-09	-7.577963e-09	-9.259698e+00	-1.218006e+03
6.090000e-06	-1.714543e-09	-7.669911e-09	-9.409084e+00	-1.232731e+03
6.100000e-06	-1.741571e-09	-7.761415e-09	-9.557501e+00	-1.247255e+03
6.110000e-06	-1.768436e-09	-7.852246e-09	-9.704991e+00	-1.261587e+03
6.120000e-06	-1.795164e-09	-7.941657e-09	-9.851715e+00	-1.275733e+03
6.130000e-06	-1.821752e-09	-8.029320e-09	-9.997687e+00	-1.289697e+03
6.140000e-06	-1.848195e-09	-8.116084e-09	-1.014285e+01	-1.303481e+03
6.150000e-06	-1.874506e-09	-8.202507e-09	-1.028723e+01	-1.317088e+03
6.160000e-06	-1.900718e-09	-8.287769e-09	-1.043107e+01	-1.330517e+03
6.170000e-06	-1.926834e-09	-8.370968e-09	-1.057445e+01	-1.343765e+03
6.180000e-06	-1.952825e-09	-8.452512e-09	-1.071719e+01	-1.356829e+03
6.190000e-06	-1.978682e-09	-8.533165e-09	-1.085916e+01	-1.369706e+03
6.200000e-06	-2.004404e-09	-8.612837e-09	-1.100034e+01	-1.382392e+03
6.210000e-06	-2.029975e-09	-8.691014e-09	-1.114069e+01	-1.394883e+03
6.220000e-06	-2.055386e-09	-8.767609e-09	-1.128021e+01	-1.407179e+03
6.230000e-06	-2.080615e-09	-8.842655e-09	-1.141871e+01	-1.419277e+03
6.240000e-06	-2.105641e-09	-8.916850e-09	-1.155614e+01	-1.431181e+03
6.250000e-06	-2.130504e-09	-8.990617e-09	-1.169268e+01	-1.442892e+03
6.260000e-06	-2.155213e-09	-9.063163e-09	-1.182834e+01	-1.454418e+03
6.270000e-06	-2.179763e-09	-9.134307e-09	-1.196308e+01	-1.465766e+03
6.280000e-06	-2.204181e-09	-9.204742e-09	-1.209708e+01	-1.476945e+03
6.290000e-06	-2.228507e-09	-9.274932e-09	-1.223054e+01	-1.487966e+03
6.300000e-06	-2.252756e-09	-9.344556e-09	-1.236347e+01	-1.498839e+03
6.310000e-06	-2.276930e-09	-9.413073e-09	-1.249598e+01	-1.509577e+03
6.320000e-06	-2.301031e-09	-9.480240e-09	-1.262812e+01	-1.520189e+03
6.330000e-06	-2.325053e-09	-9.546184e-09	-1.275987e+01	-1.530685e+03
6.340000e-06	-2.348982e-09	-9.611509e-09	-1.289115e+01	-1.541071e+03
6.350000e-06	-2.372813e-09	-9.676696e-09	-1.302191e+01	-1.551352e+03
6.360000e-06	-2.396516e-09	-9.741667e-09	-1.315201e+01	-1.561531e+03
6.370000e-06	-2.420043e-09	-9.805994e-09	-1.328116e+01	-1.571609e+03
6.380000e-06	-2.443368e-09	-9.869023e-09	-1.340931e+01	-1.581581e+03
6.390000e-06	-2.466434e-09	-9.930880e-09	-1.353611e+01	-1.591444e+03
6.400000e-06	-2.489214e-09	-9.992082e-09	-1.366135e+01	-1.601191e+03
6.410000e-06	-2.511709e-09	-1.005225e-08	-1.378503e+01	-1.610815e+03
6.420000e-06	-2.533876e-09	-1.011117e-08	-1.390689e+01	-1.620307e+03
6.430000e-06	-2.555699e-09	-1.016945e-08	-1.402684e+01	-1.629660e+03
6.440000e-06	-2.577188e-09	-1.022754e-08	-1.414498e+01	-1.638865e+03
6.450000e-06	-2.598350e-09	-1.028517e-08	-1.426136e+01	-1.647916e+03
6.460000e-06	-2.619236e-09	-1.034105e-08	-1.437621e+01	-1.656809e+03
6.470000e-06	-2.639893e-09	-1.039533e-08	-1.448974e+01	-1.665538e+03
6.480000e-06	-2.660366e-09	-1.044877e-08	-1.460218e+01	-1.674102e+03
6.490000e-06	-2.680702e-09	-1.050114e-08	-1.471379e+01	-1.682502e+03
6.500000e-06	-2.700928e-09	-1.055233e-08	-1.482473e+01	-1.690737e+03
6.510000e-06	-2.721066e-09	-1.060205e-08	-1.493517e+01	-1.698811e+03
6.520000e-06	-2.741125e-09	-1.065084e-08	-1.504520e+01	-1.706728e+03
6.530000e-06	-2.761087e-09	-1.069956e-08	-1.515474e+01	-1.714492e+03
6.540000e-06	-2.780933e-09	-1.074795e-08	-1.526366e+01	-1.722108e+03
6.550000e-06	-2.800622e-09	-1.079536e-08	-1.537171e+01	-1.729581e+03
6.560000e-06	-2.820106e-09	-1.084133e-08	-1.547872e+01	-1.736917e+03
6.570000e-06	-2.839371e-09	-1.088603e-08	-1.558456e+01	-1.744120e+03
6.580000e-06	-2.858407e-09	-1.092986e-08	-1.568907e+01	-1.751197e+03
6.590000e-06	-2.877201e-09	-1.097291e-08	-1.579223e+01	-1.758152e+03
6.600000e-06	-2.895778e-09	-1.101533e-08	-1.589422e+01	-1.764990e+03
6.610000e-06	-2.914181e-09	-1.105727e-08	-1.599525e+01	-1.771715e+03
6.620000e-06	-2.932428e-09	-1.109872e-08	-1.609536e+01	-1.778332e+03
6.630000e-06	-2.950513e-09	-1.113979e-08	-1.619458e+01	-1.784845e+03
6.640000e-06	-2.968435e-09	-1.118022e-08	-1.629291e+01	-1.791259e+03
6.650000e-06	-2.986166e-09	-1.122006e-08	-1.639023e+01	-1.797579e+03
6.660000e-06	-3.003678e-09	-1.125955e-08	-1.648640e+01	-1.803808e+03
6.670000e-06	-3.020969e-09	-1.129835e-08	-1.658139e+01	-1.809951e+03
6.680000e-06	-3.038018e-09	-1.133666e-08	-1.667507e+01	-1.816011e+03
6.690000e-06	-3.054827e-09	-1.137491e-08	-1.676737e+01	-1.821991e+03
6.700000e-06	-3.071425e-09	-1.141231e-08	-1.685847e+01	-1.827895e+03
6.710000e-06	-3.087837e-09	-1.144847e-08	-1.694851e+01	-1.833722e+03
6.720000e-06	-3.104108e-09	-1.148427e-08	-1.703773e+01	-1.839473e+03
6.730000e-06	-3.120267e-09	-1.151992e-08	-1.712633e+01	-1.845147e+03
6.740000e-06	-3.136308e-09	-1.155499e-08	-1.721432e+01	-1.850742e+03
6.750000e-06	-3.152191e-09	-1.158956e-08	-1.730149e+01	-1.856254e+03
6.760000e-06	-3.167873e-09	-1.162354e-08	-1.738758e+01	-1.861681e+03
6.770000e-06	-3.183288e-09	-1.165682e-08	-1.747234e+01	-1.867016e+03
6.780000e-06	-3.198349e-09	-1.168972e-08	-1.755527e+01	-1.872255e+03
6.790000e-06	-3.212996e-09	-1.172197e-08	-1.763593e+01	-1.877391e+03
6.800000e-06	-3.227213e-09	-1.175346e-08	-1.771418e+01	-1.882420e+03
6.810000e-06	-3.241007e-09	-1.178407e-08	-1.779011e+01	-1.887337e+03
6.820000e-06	-3.254409e-09	-1.181367e-08	-1.786388e+01	-1.892137e+03
6.830000e-06	-3.267459e-09	-1.184268e-08	-1.793570e+01	-1.896817e+03
6.840000e-06	-3.280211e-09	-1.187129e-08	-1.800578e+01	-1.901375e+03
6.850000e-06	-3.292735e-09	-1.189938e-08	-1.807446e+01	-1.905809e+03
6.860000e-06	-3.305059e-09	-1.192632e-08	-1.814210e+01	-1.910119e+03
6.870000e-06	-3.317200e-09	-1.195200e-08	-1.820877e+01	-1.914306e+03
6.880000e-06	-3.329141e-09	-1.197695e-08	-1.827435e+01	-1.918372e+03
6.890000e-06	-3.340878e-09	-1.200145e-08	-1.833880e+01	-1.922320e+03
6.900000e-06	-3.352378e-09	-1.202540e-08	-1.840191e+01	-1.926153e+03
6.910000e-06	-3.363582e-09	-1.204881e-08	-1.846346e+01	-1.929874e+03
6.920000e-06	-3.374494e-09	-1.207175e-08	-1.852344e+01	-1.933489e+03
6.930000e-06	-3.385157e-09	-1.209419e-08	-1.858203e+01	-1.937000e+03
6.940000e-06	-3.395591e-09	-1.211637e-08	-1.863935e+01	-1.940413e+03
6.950000e-06	-3.405823e-09	-1.213796e-08	-1.869554e+01	-1.943730e+03
6.960000e-06	-3.415870e-09	-1.215824e-08	-1.875073e+01	-1.946957e+03
6.970000e-06	-3.425716e-09	-1.217775e-08	-1.880485e+01	-1.950097e+03
6.980000e-06	-3.435347e-09	-1.219760e-08	-1.885777e+01	-1.953153e+03
6.990000e-06	-3.444707e-09	-1.221769e-08	-1.890924e+01	-1.956128e+03
7.000000e-06	-3.453794e-09	-1.223728e-08	-1.895925e+01	-1.959025e+03
7.010000e-06	-3.462625e-09	-1.225607e-08	-1.900782e+01	-1.961847e+03
7.020000e-06	-3.471197e-09	-1.227405e-08	-1.905491e+01	-1.964596e+03
7.030000e-06	-3.479584e-09	-1.229116e-08	-1.910096e+01	-1.967274e+03
7.040000e-06	-3.487836e-09	-1.230788e-08	-1.914620e+01	-1.969881e+03
7.050000e-06	-3.495972e-09	-1.232471e-08	-1.919079e+01	-1.972420e+03
7.060000e-06	-3.503987e-09	-1.234139e-08	-1.923477e+01	-1.974891e+03
7.070000e-06	-3.511831e-09	-1.235765e-08	-1.927787e+01	-1.977293e+03
7.080000e-06	-3.519442e-09	-1.237352e-08	-1.931976e+01	-1.979628e+03
7.090000e-06	-3.526761e-09	-1.238894e-08	-1.936004e+01	-1.981894e+03
7.100000e-06	-3.533747e-09	-1.240380e-08	-1.939855e+01	-1.984090e+03
7.110000e-06	-3.540371e-09	-1.241799e-08	-1.943518e+01	-1.986215e+03
7.120000e-06	-3.546576e-09	-1.243130e-08	-1.946952e+01	-1.988269e+03
7.130000e-06	-3.552337e-09	-1.244380e-08	-1.950141e+01	-1.990250e+03
7.140000e-06	-3.557691e-09	-1.245640e-08	-1.953107e+01	-1.992156e+03
7.150000e-06	-3.562674e-09	-1.246938e-08	-1.955868e+01	-1.993988e+03
7.160000e-06	-3.567349e-09	-1.248180e-08	-1.958451e+01	-1.995744e+03
7.170000e-06	-3.571797e-09	-1.249305e-08	-1.960895e+01	-1.997424e+03
7.180000e-06	-3.576085e-09	-1.250325e-08	-1.963245e+01	-1.999027e+03
7.190000e-06	-3.580234e-09	-1.251287e-08	-1.965518e+01	-2.000553e+03
7.200000e-06	-3.584242e-09	-1.252203e-08	-1.967717e+01	-2.002003e+03
7.210000e-06	-3.588077e-09	-1.253062e-08	-1.969832e+01	-2.003376e+03
7.220000e-06	-3.591708e-09	-1.253875e-08	-1.971837e+01	-2.004671e+03
7.230000e-06	-3.595101e-09	-1.254671e-08	-1.973712e+01	-2.005888e+03
7.240000e-06	-3.598212e-09	-1.255440e-08	-1.975426e+01	-2.007025e+03
7.250000e-06	-3.601031e-09	-1.256125e-08	-1.976978e+01	-2.008080e+03
7.260000e-06	-3.603603e-09	-1.256716e-08	-1.978390e+01	-2.009051e+03
7.270000e-06	-3.605966e-09	-1.257207e-08	-1.979685e+01	-2.009935e+03
7.280000e-06	-3.608133e-09	-1.257637e-08	-1.980879e+01	-2.010729e+03
7.290000e-06	-3.610118e-09	-1.258053e-08	-1.981974e+01	-2.011428e+03
7.300000e-06	-3.611842e-09	-1.258445e-08	-1.982940e+01	-2.012029e+03
7.310000e-06	-3.613209e-09	-1.258771e-08	-1.983717e+01	-2.012530e+03
7.320000e-06	-3.614290e-09	-1.258983e-08	-1.984316e+01	-2.012926e+03
7.330000e-06	-3.615152e-09	-1.259090e-08	-1.984791e+01	-2.013217e+03
7.340000e-06	-3.615778e-09	-1.259105e-08	-1.985137e+01	-2.013400e+03
7.350000e-06	-3.616213e-09	-1.259056e-08	-1.985369e+01	-2.013477e+03
