# Concentracion g/m^3_=_53300.0
# C_Vs_to_Am_M_A/Vsm_=_128687336408.14134
# pendiente_HvsI_1/m_=_3716.3
# ordenada_HvsI_A/m_=_1297.0
# frecuencia_Hz_=_135989.9687880162
# Promedio de 33 ciclos

Tiempo_(s)	Campo_(V.s)	Magnetizacion_(V.s)	Campo_(kA/m)	Magnetizacion_(A/m)
0.000000e+00	-1.476319e-09	-8.619251e-09	-8.717088e+00	-1.346575e+03
1.000000e-08	-1.476220e-09	-8.624422e-09	-8.716481e+00	-1.346602e+03
2.000000e-08	-1.476092e-09	-8.638606e-09	-8.715701e+00	-1.346562e+03
3.000000e-08	-1.475919e-09	-8.629098e-09	-8.714653e+00	-1.346454e+03
4.000000e-08	-1.475660e-09	-8.626372e-09	-8.713135e+00	-1.346279e+03
5.000000e-08	-1.475258e-09	-8.635369e-09	-8.710806e+00	-1.346035e+03
6.000000e-08	-1.474672e-09	-8.624530e-09	-8.707387e+00	-1.345719e+03
7.000000e-08	-1.473912e-09	-8.612085e-09	-8.702936e+00	-1.345331e+03
8.000000e-08	-1.473045e-09	-8.614257e-09	-8.697829e+00	-1.344867e+03
9.000000e-08	-1.472123e-09	-8.609902e-09	-8.692362e+00	-1.344327e+03
1.000000e-07	-1.471154e-09	-8.603192e-09	-8.686619e+00	-1.343708e+03
1.100000e-07	-1.470087e-09	-8.603522e-09	-8.680325e+00	-1.343012e+03
1.200000e-07	-1.468870e-09	-8.600837e-09	-8.673163e+00	-1.342237e+03
1.300000e-07	-1.467520e-09	-8.593457e-09	-8.665213e+00	-1.341386e+03
1.400000e-07	-1.466066e-09	-8.585026e-09	-8.656639e+00	-1.340461e+03
1.500000e-07	-1.464507e-09	-8.575282e-09	-8.647434e+00	-1.339465e+03
1.600000e-07	-1.462849e-09	-8.565480e-09	-8.637632e+00	-1.338400e+03
1.700000e-07	-1.461114e-09	-8.558586e-09	-8.627375e+00	-1.337271e+03
1.800000e-07	-1.459307e-09	-8.553599e-09	-8.616706e+00	-1.336079e+03
1.900000e-07	-1.457414e-09	-8.547720e-09	-8.605548e+00	-1.334828e+03
2.000000e-07	-1.455396e-09	-8.539130e-09	-8.593658e+00	-1.333519e+03
2.100000e-07	-1.453180e-09	-8.529334e-09	-8.580606e+00	-1.332152e+03
2.200000e-07	-1.450774e-09	-8.520038e-09	-8.566440e+00	-1.330728e+03
2.300000e-07	-1.448260e-09	-8.509439e-09	-8.551619e+00	-1.329243e+03
2.400000e-07	-1.445689e-09	-8.498173e-09	-8.536428e+00	-1.327696e+03
2.500000e-07	-1.443047e-09	-8.487497e-09	-8.520818e+00	-1.326081e+03
2.600000e-07	-1.440286e-09	-8.477856e-09	-8.504521e+00	-1.324394e+03
2.700000e-07	-1.437381e-09	-8.468641e-09	-8.487395e+00	-1.322629e+03
2.800000e-07	-1.434327e-09	-8.456425e-09	-8.469387e+00	-1.320783e+03
2.900000e-07	-1.431090e-09	-8.439696e-09	-8.450301e+00	-1.318849e+03
3.000000e-07	-1.427672e-09	-8.423259e-09	-8.430159e+00	-1.316823e+03
3.100000e-07	-1.424133e-09	-8.409937e-09	-8.409288e+00	-1.314704e+03
3.200000e-07	-1.420528e-09	-8.396204e-09	-8.388014e+00	-1.312487e+03
3.300000e-07	-1.416872e-09	-8.380305e-09	-8.366427e+00	-1.310174e+03
3.400000e-07	-1.413146e-09	-8.364179e-09	-8.344427e+00	-1.307765e+03
3.500000e-07	-1.409331e-09	-8.347958e-09	-8.321897e+00	-1.305261e+03
3.600000e-07	-1.405404e-09	-8.331614e-09	-8.298716e+00	-1.302668e+03
3.700000e-07	-1.401369e-09	-8.315025e-09	-8.274905e+00	-1.299988e+03
3.800000e-07	-1.397261e-09	-8.295955e-09	-8.250639e+00	-1.297227e+03
3.900000e-07	-1.393106e-09	-8.275151e-09	-8.226083e+00	-1.294390e+03
4.000000e-07	-1.388889e-09	-8.255911e-09	-8.201161e+00	-1.291481e+03
4.100000e-07	-1.384558e-09	-8.238061e-09	-8.175598e+00	-1.288506e+03
4.200000e-07	-1.380099e-09	-8.219251e-09	-8.149289e+00	-1.285468e+03
4.300000e-07	-1.375533e-09	-8.198663e-09	-8.122349e+00	-1.282369e+03
4.400000e-07	-1.370867e-09	-8.176637e-09	-8.094819e+00	-1.279213e+03
4.500000e-07	-1.366097e-09	-8.154205e-09	-8.066668e+00	-1.276000e+03
4.600000e-07	-1.361236e-09	-8.132980e-09	-8.037962e+00	-1.272729e+03
4.700000e-07	-1.356311e-09	-8.112962e-09	-8.008875e+00	-1.269399e+03
4.800000e-07	-1.351332e-09	-8.092189e-09	-7.979468e+00	-1.266010e+03
4.900000e-07	-1.346264e-09	-8.069737e-09	-7.949546e+00	-1.262558e+03
5.000000e-07	-1.341052e-09	-8.046843e-09	-7.918804e+00	-1.259040e+03
5.100000e-07	-1.335666e-09	-8.024331e-09	-7.887062e+00	-1.255455e+03
5.200000e-07	-1.330123e-09	-8.000819e-09	-7.854379e+00	-1.251799e+03
5.300000e-07	-1.324477e-09	-7.975002e-09	-7.821052e+00	-1.248069e+03
5.400000e-07	-1.318770e-09	-7.948050e-09	-7.787349e+00	-1.244265e+03
5.500000e-07	-1.313006e-09	-7.922280e-09	-7.753294e+00	-1.240382e+03
5.600000e-07	-1.307149e-09	-7.897541e-09	-7.718709e+00	-1.236421e+03
5.700000e-07	-1.301181e-09	-7.871918e-09	-7.683484e+00	-1.232380e+03
5.800000e-07	-1.295120e-09	-7.844252e-09	-7.647709e+00	-1.228259e+03
5.900000e-07	-1.288984e-09	-7.815448e-09	-7.611465e+00	-1.224055e+03
6.000000e-07	-1.282766e-09	-7.787309e-09	-7.574734e+00	-1.219770e+03
6.100000e-07	-1.276457e-09	-7.759854e-09	-7.537480e+00	-1.215401e+03
6.200000e-07	-1.270058e-09	-7.731396e-09	-7.499702e+00	-1.210949e+03
6.300000e-07	-1.263591e-09	-7.701048e-09	-7.461515e+00	-1.206412e+03
6.400000e-07	-1.257082e-09	-7.670377e-09	-7.423071e+00	-1.201791e+03
6.500000e-07	-1.250520e-09	-7.640404e-09	-7.384315e+00	-1.197083e+03
6.600000e-07	-1.243867e-09	-7.609837e-09	-7.345046e+00	-1.192289e+03
6.700000e-07	-1.237085e-09	-7.577886e-09	-7.305048e+00	-1.187408e+03
6.800000e-07	-1.230149e-09	-7.545028e-09	-7.264145e+00	-1.182439e+03
6.900000e-07	-1.223056e-09	-7.512010e-09	-7.222308e+00	-1.177384e+03
7.000000e-07	-1.215841e-09	-7.478771e-09	-7.179720e+00	-1.172242e+03
7.100000e-07	-1.208549e-09	-7.444647e-09	-7.136650e+00	-1.167014e+03
7.200000e-07	-1.201213e-09	-7.409703e-09	-7.093315e+00	-1.161703e+03
7.300000e-07	-1.193828e-09	-7.374034e-09	-7.049708e+00	-1.156310e+03
7.400000e-07	-1.186365e-09	-7.337836e-09	-7.005658e+00	-1.150838e+03
7.500000e-07	-1.178812e-09	-7.302319e-09	-6.961064e+00	-1.145290e+03
7.600000e-07	-1.171169e-09	-7.267510e-09	-6.915938e+00	-1.139668e+03
7.700000e-07	-1.163452e-09	-7.231692e-09	-6.870372e+00	-1.133976e+03
7.800000e-07	-1.155661e-09	-7.194499e-09	-6.824375e+00	-1.128217e+03
7.900000e-07	-1.147779e-09	-7.156592e-09	-6.777853e+00	-1.122393e+03
8.000000e-07	-1.139803e-09	-7.118086e-09	-6.730773e+00	-1.116507e+03
8.100000e-07	-1.131751e-09	-7.079515e-09	-6.683241e+00	-1.110559e+03
8.200000e-07	-1.123649e-09	-7.041102e-09	-6.635402e+00	-1.104553e+03
8.300000e-07	-1.115506e-09	-7.002261e-09	-6.587300e+00	-1.098487e+03
8.400000e-07	-1.107296e-09	-6.963173e-09	-6.538807e+00	-1.092363e+03
8.500000e-07	-1.098978e-09	-6.924092e-09	-6.489695e+00	-1.086180e+03
8.600000e-07	-1.090528e-09	-6.884149e-09	-6.439823e+00	-1.079936e+03
8.700000e-07	-1.081954e-09	-6.842971e-09	-6.389231e+00	-1.073631e+03
8.800000e-07	-1.073276e-09	-6.801317e-09	-6.338020e+00	-1.067263e+03
8.900000e-07	-1.064507e-09	-6.759667e-09	-6.286255e+00	-1.060829e+03
9.000000e-07	-1.055661e-09	-6.718560e-09	-6.234030e+00	-1.054329e+03
9.100000e-07	-1.046764e-09	-6.677464e-09	-6.181487e+00	-1.047758e+03
9.200000e-07	-1.037828e-09	-6.635045e-09	-6.128713e+00	-1.041116e+03
9.300000e-07	-1.028841e-09	-6.591252e-09	-6.075648e+00	-1.034400e+03
9.400000e-07	-1.019782e-09	-6.546855e-09	-6.022162e+00	-1.027608e+03
9.500000e-07	-1.010640e-09	-6.502314e-09	-5.968192e+00	-1.020736e+03
9.600000e-07	-1.001418e-09	-6.457178e-09	-5.913743e+00	-1.013783e+03
9.700000e-07	-9.921257e-10	-6.411004e-09	-5.858868e+00	-1.006745e+03
9.800000e-07	-9.827679e-10	-6.364290e-09	-5.803619e+00	-9.996198e+02
9.900000e-07	-9.733378e-10	-6.317804e-09	-5.747955e+00	-9.924039e+02
1.000000e-06	-9.638340e-10	-6.271388e-09	-5.691854e+00	-9.850943e+02
1.010000e-06	-9.542611e-10	-6.223960e-09	-5.635333e+00	-9.776876e+02
1.020000e-06	-9.446299e-10	-6.175399e-09	-5.578458e+00	-9.701806e+02
1.030000e-06	-9.349586e-10	-6.126570e-09	-5.521346e+00	-9.625702e+02
1.040000e-06	-9.252526e-10	-6.077345e-09	-5.464029e+00	-9.548535e+02
1.050000e-06	-9.155043e-10	-6.027110e-09	-5.406468e+00	-9.470278e+02
1.060000e-06	-9.056971e-10	-5.976098e-09	-5.348580e+00	-9.390912e+02
1.070000e-06	-8.958017e-10	-5.923812e-09	-5.290197e+00	-9.310421e+02
1.080000e-06	-8.857918e-10	-5.870079e-09	-5.231139e+00	-9.228798e+02
1.090000e-06	-8.756570e-10	-5.816888e-09	-5.171343e+00	-9.146043e+02
1.100000e-06	-8.654047e-10	-5.763884e-09	-5.110849e+00	-9.062162e+02
1.110000e-06	-8.550572e-10	-5.708928e-09	-5.049776e+00	-8.977170e+02
1.120000e-06	-8.446325e-10	-5.652625e-09	-4.988248e+00	-8.891091e+02
1.130000e-06	-8.341464e-10	-5.596401e-09	-4.926356e+00	-8.803951e+02
1.140000e-06	-8.236100e-10	-5.539999e-09	-4.864153e+00	-8.715783e+02
1.150000e-06	-8.130242e-10	-5.482991e-09	-4.801654e+00	-8.626624e+02
1.160000e-06	-8.023890e-10	-5.425130e-09	-4.738870e+00	-8.536512e+02
1.170000e-06	-7.917003e-10	-5.366218e-09	-4.675781e+00	-8.445485e+02
1.180000e-06	-7.809540e-10	-5.306874e-09	-4.612363e+00	-8.353580e+02
1.190000e-06	-7.701495e-10	-5.247298e-09	-4.548594e+00	-8.260832e+02
1.200000e-06	-7.592886e-10	-5.187382e-09	-4.484492e+00	-8.167270e+02
1.210000e-06	-7.483770e-10	-5.127309e-09	-4.420095e+00	-8.072922e+02
1.220000e-06	-7.374141e-10	-5.066751e-09	-4.355404e+00	-7.977807e+02
1.230000e-06	-7.263937e-10	-5.005288e-09	-4.290383e+00	-7.881943e+02
1.240000e-06	-7.153112e-10	-4.943691e-09	-4.224990e+00	-7.785339e+02
1.250000e-06	-7.041666e-10	-4.882006e-09	-4.159218e+00	-7.688004e+02
1.260000e-06	-6.929658e-10	-4.819328e-09	-4.093109e+00	-7.589942e+02
1.270000e-06	-6.817185e-10	-4.755723e-09	-4.026720e+00	-7.491155e+02
1.280000e-06	-6.704366e-10	-4.691917e-09	-3.960114e+00	-7.391643e+02
1.290000e-06	-6.591320e-10	-4.628068e-09	-3.893372e+00	-7.291407e+02
1.300000e-06	-6.478136e-10	-4.563773e-09	-3.826548e+00	-7.190448e+02
1.310000e-06	-6.364807e-10	-4.499361e-09	-3.759639e+00	-7.088769e+02
1.320000e-06	-6.251285e-10	-4.434368e-09	-3.692626e+00	-6.986374e+02
1.330000e-06	-6.137487e-10	-4.368245e-09	-3.625455e+00	-6.883268e+02
1.340000e-06	-6.023263e-10	-4.302236e-09	-3.558042e+00	-6.779460e+02
1.350000e-06	-5.908431e-10	-4.236564e-09	-3.490288e+00	-6.674957e+02
1.360000e-06	-5.792803e-10	-4.169737e-09	-3.422097e+00	-6.569769e+02
1.370000e-06	-5.676313e-10	-4.101893e-09	-3.353415e+00	-6.463903e+02
1.380000e-06	-5.559040e-10	-4.034130e-09	-3.284259e+00	-6.357368e+02
1.390000e-06	-5.441035e-10	-3.966060e-09	-3.214664e+00	-6.250165e+02
1.400000e-06	-5.322389e-10	-3.897242e-09	-3.144670e+00	-6.142298e+02
1.410000e-06	-5.203184e-10	-3.828391e-09	-3.074325e+00	-6.033759e+02
1.420000e-06	-5.083405e-10	-3.759203e-09	-3.003633e+00	-5.924542e+02
1.430000e-06	-4.963180e-10	-3.689093e-09	-2.932665e+00	-5.814630e+02
1.440000e-06	-4.842689e-10	-3.619033e-09	-2.861530e+00	-5.704002e+02
1.450000e-06	-4.721968e-10	-3.548844e-09	-2.790253e+00	-5.592632e+02
1.460000e-06	-4.601067e-10	-3.477649e-09	-2.718862e+00	-5.480489e+02
1.470000e-06	-4.480045e-10	-3.405701e-09	-2.647395e+00	-5.367538e+02
1.480000e-06	-4.358884e-10	-3.332734e-09	-2.575852e+00	-5.253739e+02
1.490000e-06	-4.237563e-10	-3.258478e-09	-2.504223e+00	-5.139053e+02
1.500000e-06	-4.116051e-10	-3.183636e-09	-2.432485e+00	-5.023442e+02
1.510000e-06	-3.994304e-10	-3.108376e-09	-2.360614e+00	-4.906868e+02
1.520000e-06	-3.872278e-10	-3.032529e-09	-2.288589e+00	-4.789297e+02
1.530000e-06	-3.750017e-10	-2.956341e-09	-2.216433e+00	-4.670701e+02
1.540000e-06	-3.627525e-10	-2.879949e-09	-2.144143e+00	-4.551057e+02
1.550000e-06	-3.504802e-10	-2.802784e-09	-2.071705e+00	-4.430352e+02
1.560000e-06	-3.381845e-10	-2.724606e-09	-1.999124e+00	-4.308579e+02
1.570000e-06	-3.258613e-10	-2.645548e-09	-1.926382e+00	-4.185742e+02
1.580000e-06	-3.135100e-10	-2.565591e-09	-1.853475e+00	-4.061850e+02
1.590000e-06	-3.011330e-10	-2.485082e-09	-1.780417e+00	-3.936923e+02
1.600000e-06	-2.887358e-10	-2.404126e-09	-1.707226e+00	-3.810987e+02
1.610000e-06	-2.763173e-10	-2.322461e-09	-1.633905e+00	-3.684074e+02
1.620000e-06	-2.638785e-10	-2.239927e-09	-1.560464e+00	-3.556219e+02
1.630000e-06	-2.514215e-10	-2.156735e-09	-1.486916e+00	-3.427462e+02
1.640000e-06	-2.389452e-10	-2.073164e-09	-1.413252e+00	-3.297843e+02
1.650000e-06	-2.264499e-10	-1.988908e-09	-1.339478e+00	-3.167402e+02
1.660000e-06	-2.139404e-10	-1.904173e-09	-1.265624e+00	-3.036179e+02
1.670000e-06	-2.014222e-10	-1.819335e-09	-1.191713e+00	-2.904210e+02
1.680000e-06	-1.888949e-10	-1.734343e-09	-1.117750e+00	-2.771527e+02
1.690000e-06	-1.763616e-10	-1.649183e-09	-1.043761e+00	-2.638161e+02
1.700000e-06	-1.638241e-10	-1.564032e-09	-9.697496e-01	-2.504138e+02
1.710000e-06	-1.512804e-10	-1.479092e-09	-8.957017e-01	-2.369482e+02
1.720000e-06	-1.387266e-10	-1.393544e-09	-8.215991e-01	-2.234213e+02
1.730000e-06	-1.261628e-10	-1.307251e-09	-7.474412e-01	-2.098350e+02
1.740000e-06	-1.135889e-10	-1.221010e-09	-6.732283e-01	-1.961912e+02
1.750000e-06	-1.010033e-10	-1.134636e-09	-5.989568e-01	-1.824917e+02
1.760000e-06	-8.840943e-11	-1.047674e-09	-5.246349e-01	-1.687385e+02
1.770000e-06	-7.580469e-11	-9.605161e-10	-4.502502e-01	-1.549336e+02
1.780000e-06	-6.318274e-11	-8.730475e-10	-3.757624e-01	-1.410795e+02
1.790000e-06	-5.054819e-11	-7.849560e-10	-3.012024e-01	-1.271786e+02
1.800000e-06	-3.791107e-11	-6.966261e-10	-2.266212e-01	-1.132336e+02
1.810000e-06	-2.527336e-11	-6.077262e-10	-1.520261e-01	-9.924741e+01
1.820000e-06	-1.263667e-11	-5.184463e-10	-7.744316e-02	-8.522305e+01
1.830000e-06	-4.885196e-15	-4.294677e-10	-2.891495e-03	-7.116353e+01
1.840000e-06	1.262269e-11	-3.404841e-10	7.164169e-02	-5.707185e+01
1.850000e-06	2.524943e-11	-2.512627e-10	1.461782e-01	-4.295093e+01
1.860000e-06	3.787114e-11	-1.618820e-10	2.206827e-01	-2.880352e+01
1.870000e-06	5.048814e-11	-7.225362e-11	2.951625e-01	-1.463224e+01
1.880000e-06	6.310128e-11	1.741952e-11	3.696277e-01	-4.395152e-01
1.890000e-06	7.571138e-11	1.072001e-10	4.440708e-01	1.377236e+01
1.900000e-06	8.832369e-11	1.974328e-10	5.185156e-01	2.800116e+01
1.910000e-06	1.009359e-10	2.879975e-10	5.929647e-01	4.224470e+01
1.920000e-06	1.135411e-10	3.784568e-10	6.673814e-01	5.650070e+01
1.930000e-06	1.261382e-10	4.685440e-10	7.417427e-01	7.076673e+01
1.940000e-06	1.387274e-10	5.585957e-10	8.160553e-01	8.504011e+01
1.950000e-06	1.513038e-10	6.490363e-10	8.902934e-01	9.931786e+01
1.960000e-06	1.638669e-10	7.402094e-10	9.644573e-01	1.135967e+02
1.970000e-06	1.764148e-10	8.316147e-10	1.038536e+00	1.278728e+02
1.980000e-06	1.889442e-10	9.223482e-10	1.112499e+00	1.421424e+02
1.990000e-06	2.014566e-10	1.012501e-09	1.186363e+00	1.564012e+02
2.000000e-06	2.139563e-10	1.102628e-09	1.260155e+00	1.706448e+02
2.010000e-06	2.264447e-10	1.193026e-09	1.333879e+00	1.848689e+02
2.020000e-06	2.389208e-10	1.283187e-09	1.407530e+00	1.990691e+02
2.030000e-06	2.513848e-10	1.373180e-09	1.481114e+00	2.132415e+02
2.040000e-06	2.638363e-10	1.463016e-09	1.554622e+00	2.273824e+02
2.050000e-06	2.762699e-10	1.552332e-09	1.628022e+00	2.414885e+02
2.060000e-06	2.886839e-10	1.641852e-09	1.701304e+00	2.555571e+02
2.070000e-06	3.010727e-10	1.731459e-09	1.774433e+00	2.695856e+02
2.080000e-06	3.134353e-10	1.820289e-09	1.847408e+00	2.835723e+02
2.090000e-06	3.257700e-10	1.908472e-09	1.920224e+00	2.975153e+02
2.100000e-06	3.380715e-10	1.996750e-09	1.992847e+00	3.114130e+02
2.110000e-06	3.503389e-10	2.085012e-09	2.065272e+00	3.252638e+02
2.120000e-06	3.625685e-10	2.172542e-09	2.137479e+00	3.390656e+02
2.130000e-06	3.747673e-10	2.259069e-09	2.209515e+00	3.528159e+02
2.140000e-06	3.869480e-10	2.345046e-09	2.281444e+00	3.665118e+02
2.150000e-06	3.991135e-10	2.430875e-09	2.353276e+00	3.801492e+02
2.160000e-06	4.112638e-10	2.516347e-09	2.425020e+00	3.937235e+02
2.170000e-06	4.234003e-10	2.601757e-09	2.496686e+00	4.072291e+02
2.180000e-06	4.355248e-10	2.687284e-09	2.568284e+00	4.206595e+02
2.190000e-06	4.476395e-10	2.772727e-09	2.639827e+00	4.340080e+02
2.200000e-06	4.597404e-10	2.857850e-09	2.711289e+00	4.472670e+02
2.210000e-06	4.718228e-10	2.941922e-09	2.782635e+00	4.604291e+02
2.220000e-06	4.838827e-10	3.024832e-09	2.853843e+00	4.734871e+02
2.230000e-06	4.959138e-10	3.106986e-09	2.924867e+00	4.864339e+02
2.240000e-06	5.079033e-10	3.188485e-09	2.995635e+00	4.992637e+02
2.250000e-06	5.198330e-10	3.269557e-09	3.066046e+00	5.119714e+02
2.260000e-06	5.316909e-10	3.350173e-09	3.136035e+00	5.245532e+02
2.270000e-06	5.434791e-10	3.430047e-09	3.205616e+00	5.370069e+02
2.280000e-06	5.552009e-10	3.509157e-09	3.274795e+00	5.493316e+02
2.290000e-06	5.668539e-10	3.587337e-09	3.343560e+00	5.615278e+02
2.300000e-06	5.784378e-10	3.664846e-09	3.411927e+00	5.735975e+02
2.310000e-06	5.899586e-10	3.741982e-09	3.479922e+00	5.855436e+02
2.320000e-06	6.014204e-10	3.817790e-09	3.547586e+00	5.973701e+02
2.330000e-06	6.128330e-10	3.892000e-09	3.614976e+00	6.090815e+02
2.340000e-06	6.242074e-10	3.965659e-09	3.682147e+00	6.206824e+02
2.350000e-06	6.355500e-10	4.039186e-09	3.749141e+00	6.321779e+02
2.360000e-06	6.468688e-10	4.112410e-09	3.815985e+00	6.435723e+02
2.370000e-06	6.581672e-10	4.185176e-09	3.882703e+00	6.548699e+02
2.380000e-06	6.694364e-10	4.257149e-09	3.949247e+00	6.660740e+02
2.390000e-06	6.806609e-10	4.327616e-09	4.015525e+00	6.771875e+02
2.400000e-06	6.918359e-10	4.396632e-09	4.081508e+00	6.882126e+02
2.410000e-06	7.029595e-10	4.465296e-09	4.147185e+00	6.991505e+02
2.420000e-06	7.140307e-10	4.533893e-09	4.212544e+00	7.100021e+02
2.430000e-06	7.250563e-10	4.602067e-09	4.277626e+00	7.207680e+02
2.440000e-06	7.360391e-10	4.669937e-09	4.342462e+00	7.314481e+02
2.450000e-06	7.469816e-10	4.737130e-09	4.407064e+00	7.420425e+02
2.460000e-06	7.578822e-10	4.803166e-09	4.471422e+00	7.525511e+02
2.470000e-06	7.687332e-10	4.868697e-09	4.535491e+00	7.629740e+02
2.480000e-06	7.795204e-10	4.934053e-09	4.599188e+00	7.733111e+02
2.490000e-06	7.902392e-10	4.998528e-09	4.662475e+00	7.835628e+02
2.500000e-06	8.008902e-10	5.062162e-09	4.725352e+00	7.937294e+02
2.510000e-06	8.114764e-10	5.125988e-09	4.787856e+00	8.038109e+02
2.520000e-06	8.220093e-10	5.190009e-09	4.850036e+00	8.138075e+02
2.530000e-06	8.324858e-10	5.253466e-09	4.911877e+00	8.237189e+02
2.540000e-06	8.428950e-10	5.316088e-09	4.973327e+00	8.335444e+02
2.550000e-06	8.532280e-10	5.378078e-09	5.034319e+00	8.432827e+02
2.560000e-06	8.634685e-10	5.439603e-09	5.094759e+00	8.529320e+02
2.570000e-06	8.736034e-10	5.500567e-09	5.154578e+00	8.624896e+02
2.580000e-06	8.836306e-10	5.561071e-09	5.213774e+00	8.719523e+02
2.590000e-06	8.935546e-10	5.621215e-09	5.272373e+00	8.813163e+02
2.600000e-06	9.033968e-10	5.680865e-09	5.330494e+00	8.905772e+02
2.610000e-06	9.131776e-10	5.739955e-09	5.388260e+00	8.997305e+02
2.620000e-06	9.229128e-10	5.798349e-09	5.445762e+00	9.087715e+02
2.630000e-06	9.326101e-10	5.855938e-09	5.503048e+00	9.176954e+02
2.640000e-06	9.422635e-10	5.912780e-09	5.560068e+00	9.264982e+02
2.650000e-06	9.518555e-10	5.968988e-09	5.616709e+00	9.351761e+02
2.660000e-06	9.613666e-10	6.024485e-09	5.672876e+00	9.437260e+02
2.670000e-06	9.707976e-10	6.078960e-09	5.728579e+00	9.521458e+02
2.680000e-06	9.801586e-10	6.132236e-09	5.783879e+00	9.604344e+02
2.690000e-06	9.894548e-10	6.184449e-09	5.838806e+00	9.685915e+02
2.700000e-06	9.986927e-10	6.236061e-09	5.893381e+00	9.766178e+02
2.710000e-06	1.007871e-09	6.287245e-09	5.947589e+00	9.845149e+02
2.720000e-06	1.016977e-09	6.337830e-09	6.001378e+00	9.922851e+02
2.730000e-06	1.026011e-09	6.387479e-09	6.054745e+00	9.999316e+02
2.740000e-06	1.034987e-09	6.435798e-09	6.107767e+00	1.007458e+03
2.750000e-06	1.043920e-09	6.483242e-09	6.160534e+00	1.014868e+03
2.760000e-06	1.052818e-09	6.530615e-09	6.213097e+00	1.022165e+03
2.770000e-06	1.061666e-09	6.577663e-09	6.265363e+00	1.029355e+03
2.780000e-06	1.070433e-09	6.623430e-09	6.317148e+00	1.036441e+03
2.790000e-06	1.079084e-09	6.667769e-09	6.368246e+00	1.043427e+03
2.800000e-06	1.087590e-09	6.711381e-09	6.418492e+00	1.050318e+03
2.810000e-06	1.095956e-09	6.755001e-09	6.467916e+00	1.057117e+03
2.820000e-06	1.104211e-09	6.798372e-09	6.516689e+00	1.063828e+03
2.830000e-06	1.112390e-09	6.840800e-09	6.565017e+00	1.070455e+03
2.840000e-06	1.120523e-09	6.882180e-09	6.613072e+00	1.077002e+03
2.850000e-06	1.128618e-09	6.922470e-09	6.660902e+00	1.083471e+03
2.860000e-06	1.136664e-09	6.962575e-09	6.708442e+00	1.089865e+03
2.870000e-06	1.144637e-09	7.003423e-09	6.755550e+00	1.096187e+03
2.880000e-06	1.152519e-09	7.043890e-09	6.802137e+00	1.102440e+03
2.890000e-06	1.160311e-09	7.083160e-09	6.848202e+00	1.108625e+03
2.900000e-06	1.168019e-09	7.121579e-09	6.893751e+00	1.114745e+03
2.910000e-06	1.175640e-09	7.159488e-09	6.938778e+00	1.120800e+03
2.920000e-06	1.183171e-09	7.197756e-09	6.983272e+00	1.126791e+03
2.930000e-06	1.190617e-09	7.235886e-09	7.027266e+00	1.132718e+03
2.940000e-06	1.197996e-09	7.272837e-09	7.070868e+00	1.138581e+03
2.950000e-06	1.205325e-09	7.309127e-09	7.114179e+00	1.144378e+03
2.960000e-06	1.212610e-09	7.345416e-09	7.157223e+00	1.150108e+03
2.970000e-06	1.219831e-09	7.381663e-09	7.199884e+00	1.155768e+03
2.980000e-06	1.226950e-09	7.417624e-09	7.241947e+00	1.161357e+03
2.990000e-06	1.233934e-09	7.452511e-09	7.283228e+00	1.166872e+03
3.000000e-06	1.240765e-09	7.486273e-09	7.323608e+00	1.172309e+03
3.010000e-06	1.247459e-09	7.519962e-09	7.363168e+00	1.177666e+03
3.020000e-06	1.254053e-09	7.553671e-09	7.402153e+00	1.182940e+03
3.030000e-06	1.260587e-09	7.586854e-09	7.440769e+00	1.188128e+03
3.040000e-06	1.267070e-09	7.619385e-09	7.479081e+00	1.193227e+03
3.050000e-06	1.273483e-09	7.651348e-09	7.516983e+00	1.198235e+03
3.060000e-06	1.279798e-09	7.682934e-09	7.554325e+00	1.203149e+03
3.070000e-06	1.286012e-09	7.714288e-09	7.591067e+00	1.207968e+03
3.080000e-06	1.292135e-09	7.745219e-09	7.627271e+00	1.212688e+03
3.090000e-06	1.298176e-09	7.775131e-09	7.662979e+00	1.217310e+03
3.100000e-06	1.304129e-09	7.804044e-09	7.698177e+00	1.221831e+03
3.110000e-06	1.309999e-09	7.832577e-09	7.732882e+00	1.226250e+03
3.120000e-06	1.315797e-09	7.860670e-09	7.767156e+00	1.230566e+03
3.130000e-06	1.321537e-09	7.888024e-09	7.801091e+00	1.234779e+03
3.140000e-06	1.327227e-09	7.914685e-09	7.834713e+00	1.238888e+03
3.150000e-06	1.332838e-09	7.940712e-09	7.867870e+00	1.242894e+03
3.160000e-06	1.338321e-09	7.965813e-09	7.900271e+00	1.246796e+03
3.170000e-06	1.343641e-09	7.990237e-09	7.931706e+00	1.250597e+03
3.180000e-06	1.348794e-09	8.014030e-09	7.962152e+00	1.254297e+03
3.190000e-06	1.353814e-09	8.037096e-09	7.991819e+00	1.257900e+03
3.200000e-06	1.358751e-09	8.059731e-09	8.021003e+00	1.261407e+03
3.210000e-06	1.363619e-09	8.081629e-09	8.049779e+00	1.264822e+03
3.220000e-06	1.368398e-09	8.102568e-09	8.078017e+00	1.268148e+03
3.230000e-06	1.373073e-09	8.122938e-09	8.105636e+00	1.271390e+03
3.240000e-06	1.377655e-09	8.142896e-09	8.132709e+00	1.274552e+03
3.250000e-06	1.382154e-09	8.162477e-09	8.159298e+00	1.277638e+03
3.260000e-06	1.386562e-09	8.181717e-09	8.185354e+00	1.280652e+03
3.270000e-06	1.390869e-09	8.200597e-09	8.210820e+00	1.283597e+03
3.280000e-06	1.395083e-09	8.218715e-09	8.235742e+00	1.286477e+03
3.290000e-06	1.399231e-09	8.235874e-09	8.260259e+00	1.289295e+03
3.300000e-06	1.403323e-09	8.252509e-09	8.284441e+00	1.292051e+03
3.310000e-06	1.407336e-09	8.268875e-09	8.308157e+00	1.294747e+03
3.320000e-06	1.411238e-09	8.285088e-09	8.331212e+00	1.297384e+03
3.330000e-06	1.415018e-09	8.300934e-09	8.353554e+00	1.299962e+03
3.340000e-06	1.418684e-09	8.316117e-09	8.375227e+00	1.302481e+03
3.350000e-06	1.422258e-09	8.330464e-09	8.396363e+00	1.304938e+03
3.360000e-06	1.425765e-09	8.344573e-09	8.417094e+00	1.307335e+03
3.370000e-06	1.429185e-09	8.358915e-09	8.437305e+00	1.309669e+03
3.380000e-06	1.432475e-09	8.372828e-09	8.456734e+00	1.311941e+03
3.390000e-06	1.435617e-09	8.386364e-09	8.475308e+00	1.314150e+03
3.400000e-06	1.438635e-09	8.399804e-09	8.493163e+00	1.316296e+03
3.410000e-06	1.441552e-09	8.412845e-09	8.510420e+00	1.318379e+03
3.420000e-06	1.444365e-09	8.425251e-09	8.527055e+00	1.320401e+03
3.430000e-06	1.447066e-09	8.436918e-09	8.543034e+00	1.322363e+03
3.440000e-06	1.449664e-09	8.448186e-09	8.558406e+00	1.324264e+03
3.450000e-06	1.452166e-09	8.459436e-09	8.573205e+00	1.326106e+03
3.460000e-06	1.454555e-09	8.470426e-09	8.587338e+00	1.327889e+03
3.470000e-06	1.456794e-09	8.480983e-09	8.600581e+00	1.329614e+03
3.480000e-06	1.458858e-09	8.491133e-09	8.612807e+00	1.331279e+03
3.490000e-06	1.460763e-09	8.500590e-09	8.624100e+00	1.332883e+03
3.500000e-06	1.462558e-09	8.509440e-09	8.634736e+00	1.334423e+03
3.510000e-06	1.464289e-09	8.517965e-09	8.644996e+00	1.335898e+03
3.520000e-06	1.465962e-09	8.526117e-09	8.654899e+00	1.337302e+03
3.530000e-06	1.467545e-09	8.534265e-09	8.664268e+00	1.338633e+03
3.540000e-06	1.469018e-09	8.542334e-09	8.672995e+00	1.339886e+03
3.550000e-06	1.470381e-09	8.549484e-09	8.681074e+00	1.341057e+03
3.560000e-06	1.471640e-09	8.555514e-09	8.688531e+00	1.342142e+03
3.570000e-06	1.472794e-09	8.560468e-09	8.695377e+00	1.343140e+03
3.580000e-06	1.473846e-09	8.566271e-09	8.701623e+00	1.344046e+03
3.590000e-06	1.474814e-09	8.574355e-09	8.707387e+00	1.344862e+03
3.600000e-06	1.475733e-09	8.581018e-09	8.712854e+00	1.345585e+03
3.610000e-06	1.476611e-09	8.586043e-09	8.718044e+00	1.346218e+03
3.620000e-06	1.477370e-09	8.584404e-09	8.722528e+00	1.346763e+03
3.630000e-06	1.477893e-09	8.579123e-09	8.725660e+00	1.347222e+03
3.640000e-06	1.478190e-09	8.588928e-09	8.727477e+00	1.347598e+03
3.650000e-06	1.478376e-09	8.599649e-09	8.728614e+00	1.347895e+03
3.660000e-06	1.478492e-09	8.591375e-09	8.729337e+00	1.348116e+03
3.670000e-06	1.478527e-09	8.591501e-09	8.729588e+00	1.348265e+03
3.680000e-06	1.478485e-09	8.608421e-09	8.729375e+00	1.348344e+03
3.690000e-06	1.478362e-09	8.606440e-09	8.728664e+00	1.348355e+03
3.700000e-06	1.478126e-09	8.594000e-09	8.727301e+00	1.348299e+03
3.710000e-06	1.477786e-09	8.597366e-09	8.725328e+00	1.348175e+03
3.720000e-06	1.477351e-09	8.598129e-09	8.722790e+00	1.347983e+03
3.730000e-06	1.476832e-09	8.590831e-09	8.719765e+00	1.347722e+03
3.740000e-06	1.476236e-09	8.592976e-09	8.716297e+00	1.347389e+03
3.750000e-06	1.475558e-09	8.596781e-09	8.712339e+00	1.346982e+03
3.760000e-06	1.474792e-09	8.590016e-09	8.707839e+00	1.346500e+03
3.770000e-06	1.473917e-09	8.585555e-09	8.702683e+00	1.345941e+03
3.780000e-06	1.472907e-09	8.585523e-09	8.696727e+00	1.345304e+03
3.790000e-06	1.471744e-09	8.578460e-09	8.689873e+00	1.344588e+03
3.800000e-06	1.470439e-09	8.569475e-09	8.682206e+00	1.343795e+03
3.810000e-06	1.469012e-09	8.567513e-09	8.673831e+00	1.342926e+03
3.820000e-06	1.467495e-09	8.566130e-09	8.664914e+00	1.341984e+03
3.830000e-06	1.465893e-09	8.559507e-09	8.655481e+00	1.340971e+03
3.840000e-06	1.464195e-09	8.552587e-09	8.645487e+00	1.339890e+03
3.850000e-06	1.462393e-09	8.546244e-09	8.634887e+00	1.338745e+03
3.860000e-06	1.460484e-09	8.537764e-09	8.623659e+00	1.337539e+03
3.870000e-06	1.458450e-09	8.528453e-09	8.611691e+00	1.336274e+03
3.880000e-06	1.456300e-09	8.519849e-09	8.599029e+00	1.334951e+03
3.890000e-06	1.454068e-09	8.511765e-09	8.585873e+00	1.333571e+03
3.900000e-06	1.451755e-09	8.505053e-09	8.572250e+00	1.332132e+03
3.910000e-06	1.449316e-09	8.497681e-09	8.557879e+00	1.330633e+03
3.920000e-06	1.446697e-09	8.487081e-09	8.542434e+00	1.329069e+03
3.930000e-06	1.443892e-09	8.474968e-09	8.525872e+00	1.327438e+03
3.940000e-06	1.440949e-09	8.464338e-09	8.508508e+00	1.325732e+03
3.950000e-06	1.437925e-09	8.453629e-09	8.490692e+00	1.323949e+03
3.960000e-06	1.434830e-09	8.441385e-09	8.472459e+00	1.322082e+03
3.970000e-06	1.431634e-09	8.429941e-09	8.453639e+00	1.320126e+03
3.980000e-06	1.428324e-09	8.419205e-09	8.434138e+00	1.318078e+03
3.990000e-06	1.424916e-09	8.406807e-09	8.414051e+00	1.315935e+03
4.000000e-06	1.421418e-09	8.393546e-09	8.393425e+00	1.313695e+03
4.010000e-06	1.417818e-09	8.379917e-09	8.372203e+00	1.311358e+03
4.020000e-06	1.414111e-09	8.365449e-09	8.350364e+00	1.308926e+03
4.030000e-06	1.410321e-09	8.350171e-09	8.328041e+00	1.306401e+03
4.040000e-06	1.406476e-09	8.334274e-09	8.305387e+00	1.303786e+03
4.050000e-06	1.402583e-09	8.317534e-09	8.282432e+00	1.301086e+03
4.060000e-06	1.398615e-09	8.299663e-09	8.259023e+00	1.298306e+03
4.070000e-06	1.394518e-09	8.281535e-09	8.234837e+00	1.295451e+03
4.080000e-06	1.390249e-09	8.263451e-09	8.209633e+00	1.292526e+03
4.090000e-06	1.385811e-09	8.244399e-09	8.183456e+00	1.289536e+03
4.100000e-06	1.381239e-09	8.224923e-09	8.156510e+00	1.286483e+03
4.110000e-06	1.376582e-09	8.205601e-09	8.129056e+00	1.283370e+03
4.120000e-06	1.371854e-09	8.185536e-09	8.101183e+00	1.280200e+03
4.130000e-06	1.367048e-09	8.165114e-09	8.072833e+00	1.276973e+03
4.140000e-06	1.362147e-09	8.144949e-09	8.043929e+00	1.273688e+03
4.150000e-06	1.357150e-09	8.124296e-09	8.014464e+00	1.270345e+03
4.160000e-06	1.352058e-09	8.102352e-09	7.984436e+00	1.266940e+03
4.170000e-06	1.346863e-09	8.080103e-09	7.953809e+00	1.263473e+03
4.180000e-06	1.341569e-09	8.058185e-09	7.922590e+00	1.259939e+03
4.190000e-06	1.336191e-09	8.036156e-09	7.890877e+00	1.256337e+03
4.200000e-06	1.330755e-09	8.013606e-09	7.858820e+00	1.252663e+03
4.210000e-06	1.325262e-09	7.990385e-09	7.826429e+00	1.248916e+03
4.220000e-06	1.319688e-09	7.966459e-09	7.793549e+00	1.245092e+03
4.230000e-06	1.313989e-09	7.941690e-09	7.759916e+00	1.241191e+03
4.240000e-06	1.308121e-09	7.915810e-09	7.725297e+00	1.237211e+03
4.250000e-06	1.302083e-09	7.889229e-09	7.689685e+00	1.233151e+03
4.260000e-06	1.295920e-09	7.862908e-09	7.653341e+00	1.229009e+03
4.270000e-06	1.289680e-09	7.837187e-09	7.616538e+00	1.224786e+03
4.280000e-06	1.283382e-09	7.811031e-09	7.579395e+00	1.220481e+03
4.290000e-06	1.277017e-09	7.783500e-09	7.541837e+00	1.216092e+03
4.300000e-06	1.270559e-09	7.755146e-09	7.503719e+00	1.211619e+03
4.310000e-06	1.264004e-09	7.726563e-09	7.465045e+00	1.207062e+03
4.320000e-06	1.257368e-09	7.697209e-09	7.425898e+00	1.202420e+03
4.330000e-06	1.250655e-09	7.666881e-09	7.386291e+00	1.197692e+03
4.340000e-06	1.243855e-09	7.636020e-09	7.346170e+00	1.192876e+03
4.350000e-06	1.236958e-09	7.605001e-09	7.305473e+00	1.187974e+03
4.360000e-06	1.229977e-09	7.573713e-09	7.264272e+00	1.182985e+03
4.370000e-06	1.222936e-09	7.541920e-09	7.222724e+00	1.177908e+03
4.380000e-06	1.215840e-09	7.509880e-09	7.180861e+00	1.172745e+03
4.390000e-06	1.208667e-09	7.477284e-09	7.138527e+00	1.167498e+03
4.400000e-06	1.201381e-09	7.443672e-09	7.095500e+00	1.162167e+03
4.410000e-06	1.193950e-09	7.409262e-09	7.051589e+00	1.156754e+03
4.420000e-06	1.186373e-09	7.374103e-09	7.006816e+00	1.151264e+03
4.430000e-06	1.178681e-09	7.338162e-09	6.961373e+00	1.145698e+03
4.440000e-06	1.170904e-09	7.301716e-09	6.915456e+00	1.140059e+03
4.450000e-06	1.163071e-09	7.264921e-09	6.869223e+00	1.134350e+03
4.460000e-06	1.155189e-09	7.228337e-09	6.822716e+00	1.128575e+03
4.470000e-06	1.147245e-09	7.192207e-09	6.775833e+00	1.122736e+03
4.480000e-06	1.139217e-09	7.155726e-09	6.728451e+00	1.116835e+03
4.490000e-06	1.131099e-09	7.117734e-09	6.680539e+00	1.110873e+03
4.500000e-06	1.122902e-09	7.078544e-09	6.632169e+00	1.104853e+03
4.510000e-06	1.114637e-09	7.038902e-09	6.583399e+00	1.098773e+03
4.520000e-06	1.106297e-09	6.998559e-09	6.534174e+00	1.092635e+03
4.530000e-06	1.097866e-09	6.958159e-09	6.484398e+00	1.086437e+03
4.540000e-06	1.089344e-09	6.918752e-09	6.434084e+00	1.080179e+03
4.550000e-06	1.080752e-09	6.879707e-09	6.383376e+00	1.073859e+03
4.560000e-06	1.072118e-09	6.839863e-09	6.332421e+00	1.067475e+03
4.570000e-06	1.063452e-09	6.799209e-09	6.281284e+00	1.061025e+03
4.580000e-06	1.054748e-09	6.758151e-09	6.229924e+00	1.054508e+03
4.590000e-06	1.045984e-09	6.716229e-09	6.178206e+00	1.047921e+03
4.600000e-06	1.037137e-09	6.673537e-09	6.125989e+00	1.041261e+03
4.610000e-06	1.028199e-09	6.630873e-09	6.073213e+00	1.034527e+03
4.620000e-06	1.019168e-09	6.587962e-09	6.019900e+00	1.027715e+03
4.630000e-06	1.010058e-09	6.544889e-09	5.966138e+00	1.020824e+03
4.640000e-06	1.000888e-09	6.501456e-09	5.912029e+00	1.013851e+03
4.650000e-06	9.916690e-10	6.457023e-09	5.857633e+00	1.006792e+03
4.660000e-06	9.823983e-10	6.411561e-09	5.802922e+00	9.996452e+02
4.670000e-06	9.730583e-10	6.365383e-09	5.747807e+00	9.924069e+02
4.680000e-06	9.636356e-10	6.318806e-09	5.692189e+00	9.850741e+02
4.690000e-06	9.541167e-10	6.271677e-09	5.635964e+00	9.776435e+02
4.700000e-06	9.445000e-10	6.223697e-09	5.579155e+00	9.701118e+02
4.710000e-06	9.348008e-10	6.175279e-09	5.521866e+00	9.624760e+02
4.720000e-06	9.250327e-10	6.126842e-09	5.464177e+00	9.547331e+02
4.730000e-06	9.152039e-10	6.077693e-09	5.406143e+00	9.468808e+02
4.740000e-06	9.053106e-10	6.027433e-09	5.347736e+00	9.389171e+02
4.750000e-06	8.953390e-10	5.976441e-09	5.288874e+00	9.308407e+02
4.760000e-06	8.852851e-10	5.924463e-09	5.229532e+00	9.226510e+02
4.770000e-06	8.751556e-10	5.870762e-09	5.169751e+00	9.143482e+02
4.780000e-06	8.649621e-10	5.816024e-09	5.109605e+00	9.059331e+02
4.790000e-06	8.547176e-10	5.761373e-09	5.049153e+00	8.974075e+02
4.800000e-06	8.444232e-10	5.706821e-09	4.988401e+00	8.887736e+02
4.810000e-06	8.340735e-10	5.651676e-09	4.927305e+00	8.800345e+02
4.820000e-06	8.236508e-10	5.595572e-09	4.865759e+00	8.711935e+02
4.830000e-06	8.131375e-10	5.538727e-09	4.803667e+00	8.622542e+02
4.840000e-06	8.025228e-10	5.480833e-09	4.740973e+00	8.532206e+02
4.850000e-06	7.918063e-10	5.421846e-09	4.677692e+00	8.440964e+02
4.860000e-06	7.809980e-10	5.362469e-09	4.613880e+00	8.348853e+02
4.870000e-06	7.701114e-10	5.303028e-09	4.549609e+00	8.255906e+02
4.880000e-06	7.591614e-10	5.243313e-09	4.484972e+00	8.162153e+02
4.890000e-06	7.481613e-10	5.182949e-09	4.420056e+00	8.067618e+02
4.900000e-06	7.371247e-10	5.122086e-09	4.354934e+00	7.972322e+02
4.910000e-06	7.260562e-10	5.061069e-09	4.289623e+00	7.876278e+02
4.920000e-06	7.149568e-10	4.999211e-09	4.224124e+00	7.779498e+02
4.930000e-06	7.038190e-10	4.935689e-09	4.158382e+00	7.681987e+02
4.940000e-06	6.926313e-10	4.870992e-09	4.092348e+00	7.583750e+02
4.950000e-06	6.813894e-10	4.806382e-09	4.026003e+00	7.484788e+02
4.960000e-06	6.700977e-10	4.742477e-09	3.959350e+00	7.385102e+02
4.970000e-06	6.587578e-10	4.678811e-09	3.892403e+00	7.284692e+02
4.980000e-06	6.473741e-10	4.614748e-09	3.825198e+00	7.183559e+02
4.990000e-06	6.359519e-10	4.549564e-09	3.757771e+00	7.081707e+02
5.000000e-06	6.244926e-10	4.483356e-09	3.690129e+00	6.979140e+02
5.010000e-06	6.129972e-10	4.416560e-09	3.622263e+00	6.875865e+02
5.020000e-06	6.014554e-10	4.348961e-09	3.554113e+00	6.771888e+02
5.030000e-06	5.898593e-10	4.281176e-09	3.485644e+00	6.667220e+02
5.040000e-06	5.782071e-10	4.213646e-09	3.416837e+00	6.561868e+02
5.050000e-06	5.664995e-10	4.145770e-09	3.347706e+00	6.455841e+02
5.060000e-06	5.547459e-10	4.077400e-09	3.278315e+00	6.349144e+02
5.070000e-06	5.429590e-10	4.008931e-09	3.208737e+00	6.241782e+02
5.080000e-06	5.311476e-10	3.940073e-09	3.139026e+00	6.133753e+02
5.090000e-06	5.193194e-10	3.870067e-09	3.069221e+00	6.025052e+02
5.100000e-06	5.074782e-10	3.798943e-09	2.999342e+00	5.915669e+02
5.110000e-06	4.956220e-10	3.727437e-09	2.929380e+00	5.805586e+02
5.120000e-06	4.837500e-10	3.655717e-09	2.859331e+00	5.694782e+02
5.130000e-06	4.718609e-10	3.584248e-09	2.789178e+00	5.583229e+02
5.140000e-06	4.599516e-10	3.513229e-09	2.718891e+00	5.470894e+02
5.150000e-06	4.480143e-10	3.441733e-09	2.648432e+00	5.357741e+02
5.160000e-06	4.360392e-10	3.369159e-09	2.577741e+00	5.243731e+02
5.170000e-06	4.240239e-10	3.295615e-09	2.506787e+00	5.128826e+02
5.180000e-06	4.119662e-10	3.221248e-09	2.435566e+00	5.012985e+02
5.190000e-06	3.998648e-10	3.146349e-09	2.364076e+00	4.896173e+02
5.200000e-06	3.877122e-10	3.071090e-09	2.292275e+00	4.778357e+02
5.210000e-06	3.755053e-10	2.995514e-09	2.220149e+00	4.659509e+02
5.220000e-06	3.632564e-10	2.919611e-09	2.147778e+00	4.539610e+02
5.230000e-06	3.509679e-10	2.843119e-09	2.075164e+00	4.418647e+02
5.240000e-06	3.386394e-10	2.766003e-09	2.002297e+00	4.296617e+02
5.250000e-06	3.262706e-10	2.687858e-09	1.929203e+00	4.173524e+02
5.260000e-06	3.138650e-10	2.608727e-09	1.855903e+00	4.049380e+02
5.270000e-06	3.014326e-10	2.529414e-09	1.782443e+00	3.924207e+02
5.280000e-06	2.889718e-10	2.450225e-09	1.708815e+00	3.798032e+02
5.290000e-06	2.764818e-10	2.370535e-09	1.635019e+00	3.670888e+02
5.300000e-06	2.639642e-10	2.289169e-09	1.561073e+00	3.542812e+02
5.310000e-06	2.514177e-10	2.206501e-09	1.486974e+00	3.413844e+02
5.320000e-06	2.388463e-10	2.123533e-09	1.412742e+00	3.284023e+02
5.330000e-06	2.262550e-10	2.040240e-09	1.338414e+00	3.153391e+02
5.340000e-06	2.136506e-10	1.956549e-09	1.264015e+00	3.021985e+02
5.350000e-06	2.010379e-10	1.872254e-09	1.189564e+00	2.889841e+02
5.360000e-06	1.884193e-10	1.786974e-09	1.115081e+00	2.756991e+02
5.370000e-06	1.757969e-10	1.700997e-09	1.040584e+00	2.623465e+02
5.380000e-06	1.631700e-10	1.614882e-09	9.660660e-01	2.489288e+02
5.390000e-06	1.505395e-10	1.528445e-09	8.915267e-01	2.354482e+02
5.400000e-06	1.379040e-10	1.441265e-09	8.169585e-01	2.219068e+02
5.410000e-06	1.252633e-10	1.353378e-09	7.423577e-01	2.083066e+02
5.420000e-06	1.126192e-10	1.265202e-09	6.677360e-01	1.946492e+02
5.430000e-06	9.996983e-11	1.177310e-09	5.930834e-01	1.809366e+02
5.440000e-06	8.731627e-11	1.089183e-09	5.184091e-01	1.671708e+02
5.450000e-06	7.465909e-11	9.999544e-10	4.437192e-01	1.533539e+02
5.460000e-06	6.199923e-11	9.099295e-10	3.690155e-01	1.394882e+02
5.470000e-06	4.933701e-11	8.194545e-10	2.942967e-01	1.255765e+02
5.480000e-06	3.667179e-11	7.284355e-10	2.195589e-01	1.116213e+02
5.490000e-06	2.400566e-11	6.373236e-10	1.448163e-01	9.762571e+01
5.500000e-06	1.133984e-11	5.464259e-10	7.007599e-02	8.359264e+01
5.510000e-06	-1.324615e-12	4.555988e-10	-4.656258e-03	6.952515e+01
5.520000e-06	-1.398563e-11	3.650075e-10	-7.937315e-02	5.542623e+01
5.530000e-06	-2.664354e-11	2.743533e-10	-1.540752e-01	4.129874e+01
5.540000e-06	-3.929966e-11	1.830861e-10	-2.287651e-01	2.714542e+01
5.550000e-06	-5.195472e-11	9.122938e-11	-3.034520e-01	1.296883e+01
5.560000e-06	-6.460931e-11	-9.592844e-13	-3.781423e-01	-1.228628e+00
5.570000e-06	-7.726259e-11	-9.311443e-11	-4.528265e-01	-1.544469e+01
5.580000e-06	-8.991504e-11	-1.848136e-10	-5.275001e-01	-2.967715e+01
5.590000e-06	-1.025656e-10	-2.763266e-10	-6.021567e-01	-4.392380e+01
5.600000e-06	-1.152127e-10	-3.680369e-10	-6.767937e-01	-5.818233e+01
5.610000e-06	-1.278584e-10	-4.599868e-10	-7.514247e-01	-7.245028e+01
5.620000e-06	-1.405002e-10	-5.523874e-10	-8.260356e-01	-8.672488e+01
5.630000e-06	-1.531346e-10	-6.451507e-10	-9.006051e-01	-1.010031e+02
5.640000e-06	-1.657625e-10	-7.377399e-10	-9.751389e-01	-1.152815e+02
5.650000e-06	-1.783822e-10	-8.300416e-10	-1.049621e+00	-1.295563e+02
5.660000e-06	-1.909909e-10	-9.220106e-10	-1.124046e+00	-1.438235e+02
5.670000e-06	-2.035882e-10	-1.013550e-09	-1.198415e+00	-1.580789e+02
5.680000e-06	-2.161718e-10	-1.104614e-09	-1.272718e+00	-1.723181e+02
5.690000e-06	-2.287431e-10	-1.195306e-09	-1.346964e+00	-1.865366e+02
5.700000e-06	-2.413043e-10	-1.286410e-09	-1.421153e+00	-2.007304e+02
5.710000e-06	-2.538520e-10	-1.377791e-09	-1.495263e+00	-2.148954e+02
5.720000e-06	-2.663820e-10	-1.469080e-09	-1.569274e+00	-2.290280e+02
5.730000e-06	-2.788865e-10	-1.560545e-09	-1.643145e+00	-2.431251e+02
5.740000e-06	-2.913592e-10	-1.651373e-09	-1.716844e+00	-2.571841e+02
5.750000e-06	-3.038041e-10	-1.741438e-09	-1.790381e+00	-2.712025e+02
5.760000e-06	-3.162186e-10	-1.831746e-09	-1.863734e+00	-2.851786e+02
5.770000e-06	-3.285898e-10	-1.922039e-09	-1.936838e+00	-2.991107e+02
5.780000e-06	-3.409130e-10	-2.011652e-09	-2.009675e+00	-3.129971e+02
5.790000e-06	-3.531837e-10	-2.100895e-09	-2.082210e+00	-3.268360e+02
5.800000e-06	-3.654010e-10	-2.190213e-09	-2.154422e+00	-3.406255e+02
5.810000e-06	-3.775660e-10	-2.279216e-09	-2.226323e+00	-3.543629e+02
5.820000e-06	-3.896808e-10	-2.367180e-09	-2.297926e+00	-3.680448e+02
5.830000e-06	-4.017511e-10	-2.454456e-09	-2.369255e+00	-3.816673e+02
5.840000e-06	-4.137814e-10	-2.541429e-09	-2.440335e+00	-3.952253e+02
5.850000e-06	-4.257756e-10	-2.628000e-09	-2.511180e+00	-4.087131e+02
5.860000e-06	-4.377355e-10	-2.714567e-09	-2.581801e+00	-4.221242e+02
5.870000e-06	-4.496639e-10	-2.800799e-09	-2.652230e+00	-4.354516e+02
5.880000e-06	-4.615681e-10	-2.885545e-09	-2.722490e+00	-4.486877e+02
5.890000e-06	-4.734528e-10	-2.969022e-09	-2.792620e+00	-4.618251e+02
5.900000e-06	-4.853199e-10	-3.052096e-09	-2.862652e+00	-4.748566e+02
5.910000e-06	-4.971721e-10	-3.134477e-09	-2.932601e+00	-4.877754e+02
5.920000e-06	-5.090080e-10	-3.215974e-09	-3.002458e+00	-5.005759e+02
5.930000e-06	-5.208228e-10	-3.296849e-09	-3.072204e+00	-5.132532e+02
5.940000e-06	-5.326107e-10	-3.376993e-09	-3.141802e+00	-5.258041e+02
5.950000e-06	-5.443641e-10	-3.456218e-09	-3.211211e+00	-5.382264e+02
5.960000e-06	-5.560767e-10	-3.534463e-09	-3.280388e+00	-5.505197e+02
5.970000e-06	-5.677459e-10	-3.611702e-09	-3.349302e+00	-5.626850e+02
5.980000e-06	-5.793671e-10	-3.687901e-09	-3.417939e+00	-5.747243e+02
5.990000e-06	-5.909448e-10	-3.763476e-09	-3.486320e+00	-5.866410e+02
6.000000e-06	-6.024838e-10	-3.838783e-09	-3.554463e+00	-5.984390e+02
6.010000e-06	-6.139822e-10	-3.913548e-09	-3.622356e+00	-6.101231e+02
6.020000e-06	-6.254416e-10	-3.987319e-09	-3.690016e+00	-6.216979e+02
6.030000e-06	-6.368597e-10	-4.059985e-09	-3.757449e+00	-6.331684e+02
6.040000e-06	-6.482329e-10	-4.132239e-09	-3.824624e+00	-6.445389e+02
6.050000e-06	-6.595502e-10	-4.204662e-09	-3.891471e+00	-6.558134e+02
6.060000e-06	-6.708067e-10	-4.276997e-09	-3.957964e+00	-6.669953e+02
6.070000e-06	-6.820035e-10	-4.348450e-09	-4.024093e+00	-6.780871e+02
6.080000e-06	-6.931481e-10	-4.418888e-09	-4.089894e+00	-6.890908e+02
6.090000e-06	-7.042534e-10	-4.489269e-09	-4.155443e+00	-7.000076e+02
6.100000e-06	-7.153286e-10	-4.559557e-09	-4.220803e+00	-7.108384e+02
6.110000e-06	-7.263796e-10	-4.629162e-09	-4.286019e+00	-7.215834e+02
6.120000e-06	-7.374074e-10	-4.698187e-09	-4.351109e+00	-7.322426e+02
6.130000e-06	-7.484082e-10	-4.766483e-09	-4.416063e+00	-7.428161e+02
6.140000e-06	-7.593642e-10	-4.834108e-09	-4.480769e+00	-7.533038e+02
6.150000e-06	-7.702557e-10	-4.901568e-09	-4.545108e+00	-7.637058e+02
6.160000e-06	-7.810635e-10	-4.968709e-09	-4.608984e+00	-7.740221e+02
6.170000e-06	-7.917646e-10	-5.034986e-09	-4.672257e+00	-7.842531e+02
6.180000e-06	-8.023557e-10	-5.099985e-09	-4.734880e+00	-7.943988e+02
6.190000e-06	-8.128466e-10	-5.164287e-09	-4.796889e+00	-8.044597e+02
6.200000e-06	-8.232499e-10	-5.228661e-09	-4.858353e+00	-8.144356e+02
6.210000e-06	-8.335837e-10	-5.292844e-09	-4.919388e+00	-8.243261e+02
6.220000e-06	-8.438609e-10	-5.356400e-09	-4.980089e+00	-8.341305e+02
6.230000e-06	-8.540884e-10	-5.419015e-09	-5.040502e+00	-8.438474e+02
6.240000e-06	-8.642648e-10	-5.481003e-09	-5.100625e+00	-8.534746e+02
6.250000e-06	-8.743820e-10	-5.542758e-09	-5.160400e+00	-8.630094e+02
6.260000e-06	-8.844314e-10	-5.603536e-09	-5.219771e+00	-8.724484e+02
6.270000e-06	-8.944089e-10	-5.662743e-09	-5.278721e+00	-8.817877e+02
6.280000e-06	-9.043194e-10	-5.721060e-09	-5.337274e+00	-8.910229e+02
6.290000e-06	-9.141631e-10	-5.779280e-09	-5.395425e+00	-9.001493e+02
6.300000e-06	-9.239288e-10	-5.837145e-09	-5.453133e+00	-9.091622e+02
6.310000e-06	-9.336026e-10	-5.893967e-09	-5.510330e+00	-9.180570e+02
6.320000e-06	-9.431639e-10	-5.949503e-09	-5.566864e+00	-9.268297e+02
6.330000e-06	-9.526008e-10	-6.004224e-09	-5.622650e+00	-9.354767e+02
6.340000e-06	-9.619297e-10	-6.058157e-09	-5.677781e+00	-9.439951e+02
6.350000e-06	-9.711848e-10	-6.111168e-09	-5.732448e+00	-9.523831e+02
6.360000e-06	-9.803865e-10	-6.163114e-09	-5.786783e+00	-9.606397e+02
6.370000e-06	-9.895412e-10	-6.214263e-09	-5.840830e+00	-9.687648e+02
6.380000e-06	-9.986547e-10	-6.265252e-09	-5.894629e+00	-9.767595e+02
6.390000e-06	-1.007725e-09	-6.315898e-09	-5.948186e+00	-9.846255e+02
6.400000e-06	-1.016738e-09	-6.365606e-09	-6.001434e+00	-9.923653e+02
6.410000e-06	-1.025682e-09	-6.413785e-09	-6.054277e+00	-9.999822e+02
6.420000e-06	-1.034546e-09	-6.460517e-09	-6.106646e+00	-1.007480e+03
6.430000e-06	-1.043327e-09	-6.506785e-09	-6.158524e+00	-1.014862e+03
6.440000e-06	-1.052042e-09	-6.553434e-09	-6.209980e+00	-1.022133e+03
6.450000e-06	-1.060712e-09	-6.599602e-09	-6.261152e+00	-1.029297e+03
6.460000e-06	-1.069346e-09	-6.644830e-09	-6.312110e+00	-1.036358e+03
6.470000e-06	-1.077932e-09	-6.689202e-09	-6.362807e+00	-1.043321e+03
6.480000e-06	-1.086446e-09	-6.732488e-09	-6.413103e+00	-1.050189e+03
6.490000e-06	-1.094875e-09	-6.775141e-09	-6.462900e+00	-1.056966e+03
6.500000e-06	-1.103223e-09	-6.817409e-09	-6.512219e+00	-1.063657e+03
6.510000e-06	-1.111504e-09	-6.859307e-09	-6.561118e+00	-1.070264e+03
6.520000e-06	-1.119721e-09	-6.901048e-09	-6.609640e+00	-1.076791e+03
6.530000e-06	-1.127864e-09	-6.942681e-09	-6.657742e+00	-1.083241e+03
6.540000e-06	-1.135917e-09	-6.983869e-09	-6.705332e+00	-1.089618e+03
6.550000e-06	-1.143884e-09	-7.024279e-09	-6.752397e+00	-1.095923e+03
6.560000e-06	-1.151785e-09	-7.063980e-09	-6.799045e+00	-1.102159e+03
6.570000e-06	-1.159641e-09	-7.103060e-09	-6.845405e+00	-1.108329e+03
6.580000e-06	-1.167448e-09	-7.141788e-09	-6.891489e+00	-1.114433e+03
6.590000e-06	-1.175186e-09	-7.180772e-09	-6.937200e+00	-1.120472e+03
6.600000e-06	-1.182820e-09	-7.219778e-09	-6.982344e+00	-1.126447e+03
6.610000e-06	-1.190318e-09	-7.258277e-09	-7.026712e+00	-1.132359e+03
6.620000e-06	-1.197668e-09	-7.296671e-09	-7.070214e+00	-1.138205e+03
6.630000e-06	-1.204885e-09	-7.334811e-09	-7.112908e+00	-1.143986e+03
6.640000e-06	-1.212007e-09	-7.371770e-09	-7.154989e+00	-1.149699e+03
6.650000e-06	-1.219072e-09	-7.407454e-09	-7.196703e+00	-1.155343e+03
6.660000e-06	-1.226093e-09	-7.442553e-09	-7.238155e+00	-1.160914e+03
6.670000e-06	-1.233055e-09	-7.477672e-09	-7.279282e+00	-1.166410e+03
6.680000e-06	-1.239933e-09	-7.513006e-09	-7.319923e+00	-1.171828e+03
6.690000e-06	-1.246713e-09	-7.548013e-09	-7.359986e+00	-1.177165e+03
6.700000e-06	-1.253401e-09	-7.582141e-09	-7.399506e+00	-1.182418e+03
6.710000e-06	-1.260000e-09	-7.615058e-09	-7.438504e+00	-1.187585e+03
6.720000e-06	-1.266505e-09	-7.646741e-09	-7.476941e+00	-1.192662e+03
6.730000e-06	-1.272916e-09	-7.677593e-09	-7.514804e+00	-1.197647e+03
6.740000e-06	-1.279246e-09	-7.708329e-09	-7.552184e+00	-1.202538e+03
6.750000e-06	-1.285513e-09	-7.739372e-09	-7.589182e+00	-1.207333e+03
6.760000e-06	-1.291720e-09	-7.770127e-09	-7.625821e+00	-1.212030e+03
6.770000e-06	-1.297838e-09	-7.799961e-09	-7.661962e+00	-1.216627e+03
6.780000e-06	-1.303825e-09	-7.828882e-09	-7.697376e+00	-1.221123e+03
6.790000e-06	-1.309656e-09	-7.857099e-09	-7.731894e+00	-1.225517e+03
6.800000e-06	-1.315335e-09	-7.884367e-09	-7.765510e+00	-1.229808e+03
6.810000e-06	-1.320900e-09	-7.910308e-09	-7.798396e+00	-1.233996e+03
6.820000e-06	-1.326391e-09	-7.935718e-09	-7.830810e+00	-1.238080e+03
6.830000e-06	-1.331831e-09	-7.961541e-09	-7.862910e+00	-1.242060e+03
6.840000e-06	-1.337207e-09	-7.986940e-09	-7.894642e+00	-1.245938e+03
6.850000e-06	-1.342487e-09	-8.011275e-09	-7.925838e+00	-1.249714e+03
6.860000e-06	-1.347658e-09	-8.034900e-09	-7.956393e+00	-1.253390e+03
6.870000e-06	-1.352730e-09	-8.057710e-09	-7.986360e+00	-1.256969e+03
6.880000e-06	-1.357707e-09	-8.079599e-09	-8.015767e+00	-1.260453e+03
6.890000e-06	-1.362578e-09	-8.101170e-09	-8.044548e+00	-1.263846e+03
6.900000e-06	-1.367349e-09	-8.122684e-09	-8.072729e+00	-1.267152e+03
6.910000e-06	-1.372048e-09	-8.143746e-09	-8.100464e+00	-1.270374e+03
6.920000e-06	-1.376697e-09	-8.164325e-09	-8.127892e+00	-1.273517e+03
6.930000e-06	-1.381283e-09	-8.184899e-09	-8.154963e+00	-1.276585e+03
6.940000e-06	-1.385765e-09	-8.205227e-09	-8.181471e+00	-1.279582e+03
6.950000e-06	-1.390103e-09	-8.224818e-09	-8.207147e+00	-1.282511e+03
6.960000e-06	-1.394276e-09	-8.243812e-09	-8.231850e+00	-1.285376e+03
6.970000e-06	-1.398300e-09	-8.262359e-09	-8.255671e+00	-1.288178e+03
6.980000e-06	-1.402223e-09	-8.280875e-09	-8.278855e+00	-1.290919e+03
6.990000e-06	-1.406084e-09	-8.299227e-09	-8.301641e+00	-1.293601e+03
7.000000e-06	-1.409883e-09	-8.317258e-09	-8.324067e+00	-1.296224e+03
7.010000e-06	-1.413592e-09	-8.335536e-09	-8.345984e+00	-1.298787e+03
7.020000e-06	-1.417188e-09	-8.353393e-09	-8.367243e+00	-1.301291e+03
7.030000e-06	-1.420689e-09	-8.370081e-09	-8.387919e+00	-1.303734e+03
7.040000e-06	-1.424106e-09	-8.385874e-09	-8.408099e+00	-1.306115e+03
7.050000e-06	-1.427424e-09	-8.400936e-09	-8.427698e+00	-1.308434e+03
7.060000e-06	-1.430636e-09	-8.415649e-09	-8.446678e+00	-1.310691e+03
7.070000e-06	-1.433762e-09	-8.430309e-09	-8.465140e+00	-1.312884e+03
7.080000e-06	-1.436828e-09	-8.444435e-09	-8.483234e+00	-1.315015e+03
7.090000e-06	-1.439828e-09	-8.457939e-09	-8.500947e+00	-1.317084e+03
7.100000e-06	-1.442712e-09	-8.471299e-09	-8.518007e+00	-1.319091e+03
7.110000e-06	-1.445420e-09	-8.484784e-09	-8.534059e+00	-1.321037e+03
7.120000e-06	-1.447940e-09	-8.498370e-09	-8.548997e+00	-1.322924e+03
7.130000e-06	-1.450317e-09	-8.511139e-09	-8.563069e+00	-1.324752e+03
7.140000e-06	-1.452597e-09	-8.522525e-09	-8.576543e+00	-1.326521e+03
7.150000e-06	-1.454782e-09	-8.533070e-09	-8.589467e+00	-1.328231e+03
7.160000e-06	-1.456857e-09	-8.543630e-09	-8.601750e+00	-1.329881e+03
7.170000e-06	-1.458817e-09	-8.554561e-09	-8.613350e+00	-1.331470e+03
7.180000e-06	-1.460682e-09	-8.565319e-09	-8.624376e+00	-1.332994e+03
7.190000e-06	-1.462457e-09	-8.575322e-09	-8.634884e+00	-1.334452e+03
7.200000e-06	-1.464128e-09	-8.584653e-09	-8.644774e+00	-1.335839e+03
7.210000e-06	-1.465695e-09	-8.593486e-09	-8.654036e+00	-1.337151e+03
7.220000e-06	-1.467188e-09	-8.601753e-09	-8.662842e+00	-1.338384e+03
7.230000e-06	-1.468623e-09	-8.609301e-09	-8.671292e+00	-1.339535e+03
7.240000e-06	-1.469966e-09	-8.616492e-09	-8.679225e+00	-1.340599e+03
7.250000e-06	-1.471150e-09	-8.623367e-09	-8.686273e+00	-1.341574e+03
7.260000e-06	-1.472110e-09	-8.626852e-09	-8.692031e+00	-1.342459e+03
7.270000e-06	-1.472875e-09	-8.626057e-09	-8.696618e+00	-1.343252e+03
7.280000e-06	-1.473573e-09	-8.627605e-09	-8.700753e+00	-1.343953e+03
7.290000e-06	-1.474292e-09	-8.635447e-09	-8.704971e+00	-1.344565e+03
7.300000e-06	-1.475028e-09	-8.649658e-09	-8.709286e+00	-1.345088e+03
7.310000e-06	-1.475682e-09	-8.653152e-09	-8.713157e+00	-1.345526e+03
7.320000e-06	-1.476133e-09	-8.641711e-09	-8.715872e+00	-1.345883e+03
7.330000e-06	-1.476385e-09	-8.645427e-09	-8.717418e+00	-1.346161e+03
7.340000e-06	-1.476458e-09	-8.655961e-09	-8.717901e+00	-1.346364e+03
7.350000e-06	-1.476405e-09	-8.642351e-09	-8.717605e+00	-1.346496e+03
