# Concentracion g/m^3_=_53300.0
# C_Vs_to_Am_M_A/Vsm_=_128687336408.14134
# pendiente_HvsI_1/m_=_3716.3
# ordenada_HvsI_A/m_=_1297.0
# frecuencia_Hz_=_135949.65176636816
# Promedio de 30 ciclos

Tiempo_(s)	Campo_(V.s)	Magnetizacion_(V.s)	Campo_(kA/m)	Magnetizacion_(A/m)
0.000000e+00	-2.174822e-09	-8.449274e-09	-1.243321e+01	-1.477593e+03
1.000000e-08	-2.174790e-09	-8.446760e-09	-1.243304e+01	-1.477579e+03
2.000000e-08	-2.174772e-09	-8.451253e-09	-1.243295e+01	-1.477484e+03
3.000000e-08	-2.174735e-09	-8.459989e-09	-1.243272e+01	-1.477310e+03
4.000000e-08	-2.174480e-09	-8.452459e-09	-1.243107e+01	-1.477058e+03
5.000000e-08	-2.173872e-09	-8.443637e-09	-1.242737e+01	-1.476732e+03
6.000000e-08	-2.172979e-09	-8.450843e-09	-1.242212e+01	-1.476331e+03
7.000000e-08	-2.171869e-09	-8.448015e-09	-1.241564e+01	-1.475859e+03
8.000000e-08	-2.170535e-09	-8.426442e-09	-1.240787e+01	-1.475316e+03
9.000000e-08	-2.169075e-09	-8.427225e-09	-1.239948e+01	-1.474703e+03
1.000000e-07	-2.167638e-09	-8.437182e-09	-1.239127e+01	-1.474021e+03
1.100000e-07	-2.166164e-09	-8.425224e-09	-1.238280e+01	-1.473270e+03
1.200000e-07	-2.164545e-09	-8.419095e-09	-1.237344e+01	-1.472449e+03
1.300000e-07	-2.162608e-09	-8.420117e-09	-1.236215e+01	-1.471559e+03
1.400000e-07	-2.160355e-09	-8.408573e-09	-1.234912e+01	-1.470598e+03
1.500000e-07	-2.157952e-09	-8.400017e-09	-1.233532e+01	-1.469566e+03
1.600000e-07	-2.155476e-09	-8.397756e-09	-1.232112e+01	-1.468461e+03
1.700000e-07	-2.152898e-09	-8.386312e-09	-1.230632e+01	-1.467284e+03
1.800000e-07	-2.150172e-09	-8.378665e-09	-1.229064e+01	-1.466034e+03
1.900000e-07	-2.147214e-09	-8.377556e-09	-1.227357e+01	-1.464709e+03
2.000000e-07	-2.144023e-09	-8.369639e-09	-1.225518e+01	-1.463310e+03
2.100000e-07	-2.140633e-09	-8.356293e-09	-1.223567e+01	-1.461836e+03
2.200000e-07	-2.137067e-09	-8.344778e-09	-1.221519e+01	-1.460287e+03
2.300000e-07	-2.133352e-09	-8.333232e-09	-1.219386e+01	-1.458663e+03
2.400000e-07	-2.129486e-09	-8.324034e-09	-1.217168e+01	-1.456966e+03
2.500000e-07	-2.125514e-09	-8.317192e-09	-1.214893e+01	-1.455194e+03
2.600000e-07	-2.121454e-09	-8.307280e-09	-1.212567e+01	-1.453348e+03
2.700000e-07	-2.117278e-09	-8.294508e-09	-1.210173e+01	-1.451429e+03
2.800000e-07	-2.112934e-09	-8.282222e-09	-1.207679e+01	-1.449436e+03
2.900000e-07	-2.108397e-09	-8.269647e-09	-1.205073e+01	-1.447370e+03
3.000000e-07	-2.103703e-09	-8.255718e-09	-1.202382e+01	-1.445230e+03
3.100000e-07	-2.098914e-09	-8.241132e-09	-1.199638e+01	-1.443017e+03
3.200000e-07	-2.094036e-09	-8.227617e-09	-1.196845e+01	-1.440729e+03
3.300000e-07	-2.089016e-09	-8.216024e-09	-1.193963e+01	-1.438367e+03
3.400000e-07	-2.083780e-09	-8.203625e-09	-1.190955e+01	-1.435930e+03
3.500000e-07	-2.078337e-09	-8.188499e-09	-1.187829e+01	-1.433418e+03
3.600000e-07	-2.072724e-09	-8.171127e-09	-1.184609e+01	-1.430830e+03
3.700000e-07	-2.066951e-09	-8.153546e-09	-1.181299e+01	-1.428166e+03
3.800000e-07	-2.061023e-09	-8.137290e-09	-1.177901e+01	-1.425426e+03
3.900000e-07	-2.054961e-09	-8.122132e-09	-1.174428e+01	-1.422610e+03
4.000000e-07	-2.048767e-09	-8.105409e-09	-1.170879e+01	-1.419719e+03
4.100000e-07	-2.042452e-09	-8.087393e-09	-1.167261e+01	-1.416752e+03
4.200000e-07	-2.036036e-09	-8.069867e-09	-1.163585e+01	-1.413711e+03
4.300000e-07	-2.029515e-09	-8.051454e-09	-1.159848e+01	-1.410595e+03
4.400000e-07	-2.022837e-09	-8.030468e-09	-1.156018e+01	-1.407406e+03
4.500000e-07	-2.015950e-09	-8.009427e-09	-1.152067e+01	-1.404144e+03
4.600000e-07	-2.008852e-09	-7.989948e-09	-1.148000e+01	-1.400808e+03
4.700000e-07	-2.001609e-09	-7.970892e-09	-1.143855e+01	-1.397401e+03
4.800000e-07	-1.994272e-09	-7.950473e-09	-1.139654e+01	-1.393921e+03
4.900000e-07	-1.986808e-09	-7.929422e-09	-1.135376e+01	-1.390369e+03
5.000000e-07	-1.979171e-09	-7.908658e-09	-1.130997e+01	-1.386744e+03
5.100000e-07	-1.971351e-09	-7.887178e-09	-1.126514e+01	-1.383046e+03
5.200000e-07	-1.963386e-09	-7.864024e-09	-1.121953e+01	-1.379274e+03
5.300000e-07	-1.955327e-09	-7.840463e-09	-1.117340e+01	-1.375427e+03
5.400000e-07	-1.947186e-09	-7.817853e-09	-1.112677e+01	-1.371504e+03
5.500000e-07	-1.938920e-09	-7.796038e-09	-1.107939e+01	-1.367506e+03
5.600000e-07	-1.930462e-09	-7.773438e-09	-1.103089e+01	-1.363429e+03
5.700000e-07	-1.921792e-09	-7.748481e-09	-1.098120e+01	-1.359275e+03
5.800000e-07	-1.912971e-09	-7.722232e-09	-1.093070e+01	-1.355042e+03
5.900000e-07	-1.904042e-09	-7.696689e-09	-1.087959e+01	-1.350729e+03
6.000000e-07	-1.894989e-09	-7.671420e-09	-1.082775e+01	-1.346336e+03
6.100000e-07	-1.885803e-09	-7.645587e-09	-1.077515e+01	-1.341863e+03
6.200000e-07	-1.876491e-09	-7.619977e-09	-1.072181e+01	-1.337310e+03
6.300000e-07	-1.867041e-09	-7.594327e-09	-1.066769e+01	-1.332677e+03
6.400000e-07	-1.857461e-09	-7.566921e-09	-1.061285e+01	-1.327964e+03
6.500000e-07	-1.847771e-09	-7.537888e-09	-1.055738e+01	-1.323170e+03
6.600000e-07	-1.837931e-09	-7.508727e-09	-1.050101e+01	-1.318297e+03
6.700000e-07	-1.827872e-09	-7.479385e-09	-1.044335e+01	-1.313344e+03
6.800000e-07	-1.817605e-09	-7.450020e-09	-1.038453e+01	-1.308311e+03
6.900000e-07	-1.807198e-09	-7.420876e-09	-1.032496e+01	-1.303198e+03
7.000000e-07	-1.796685e-09	-7.391021e-09	-1.026481e+01	-1.298006e+03
7.100000e-07	-1.786052e-09	-7.359585e-09	-1.020397e+01	-1.292733e+03
7.200000e-07	-1.775290e-09	-7.327541e-09	-1.014237e+01	-1.287379e+03
7.300000e-07	-1.764403e-09	-7.295696e-09	-1.008005e+01	-1.281944e+03
7.400000e-07	-1.753379e-09	-7.263903e-09	-1.001692e+01	-1.276426e+03
7.500000e-07	-1.742223e-09	-7.232254e-09	-9.953073e+00	-1.270826e+03
7.600000e-07	-1.730974e-09	-7.200750e-09	-9.888748e+00	-1.265142e+03
7.700000e-07	-1.719641e-09	-7.168496e-09	-9.823920e+00	-1.259375e+03
7.800000e-07	-1.708181e-09	-7.134519e-09	-9.758330e+00	-1.253522e+03
7.900000e-07	-1.696536e-09	-7.098838e-09	-9.691668e+00	-1.247585e+03
8.000000e-07	-1.684694e-09	-7.062825e-09	-9.623865e+00	-1.241562e+03
8.100000e-07	-1.672707e-09	-7.027576e-09	-9.555280e+00	-1.235455e+03
8.200000e-07	-1.660635e-09	-6.992943e-09	-9.486241e+00	-1.229262e+03
8.300000e-07	-1.648478e-09	-6.958221e-09	-9.416730e+00	-1.222986e+03
8.400000e-07	-1.636213e-09	-6.922747e-09	-9.346593e+00	-1.216625e+03
8.500000e-07	-1.623843e-09	-6.886052e-09	-9.275853e+00	-1.210182e+03
8.600000e-07	-1.611377e-09	-6.848078e-09	-9.204553e+00	-1.203655e+03
8.700000e-07	-1.598799e-09	-6.809348e-09	-9.132572e+00	-1.197047e+03
8.800000e-07	-1.586088e-09	-6.770560e-09	-9.059818e+00	-1.190357e+03
8.900000e-07	-1.573268e-09	-6.732032e-09	-8.986488e+00	-1.183584e+03
9.000000e-07	-1.560366e-09	-6.693414e-09	-8.912689e+00	-1.176730e+03
9.100000e-07	-1.547357e-09	-6.654208e-09	-8.838272e+00	-1.169791e+03
9.200000e-07	-1.534210e-09	-6.614721e-09	-8.763082e+00	-1.162767e+03
9.300000e-07	-1.520912e-09	-6.574893e-09	-8.687004e+00	-1.155655e+03
9.400000e-07	-1.507455e-09	-6.533594e-09	-8.610002e+00	-1.148453e+03
9.500000e-07	-1.493873e-09	-6.490723e-09	-8.532316e+00	-1.141156e+03
9.600000e-07	-1.480221e-09	-6.447111e-09	-8.454249e+00	-1.133761e+03
9.700000e-07	-1.466508e-09	-6.403025e-09	-8.375853e+00	-1.126264e+03
9.800000e-07	-1.452711e-09	-6.358256e-09	-8.296971e+00	-1.118659e+03
9.900000e-07	-1.438815e-09	-6.313488e-09	-8.217499e+00	-1.110943e+03
1.000000e-06	-1.424819e-09	-6.269252e-09	-8.137438e+00	-1.103111e+03
1.010000e-06	-1.410717e-09	-6.224431e-09	-8.056760e+00	-1.095160e+03
1.020000e-06	-1.396496e-09	-6.177687e-09	-7.975376e+00	-1.087086e+03
1.030000e-06	-1.382156e-09	-6.129886e-09	-7.893328e+00	-1.078888e+03
1.040000e-06	-1.367733e-09	-6.081776e-09	-7.810846e+00	-1.070562e+03
1.050000e-06	-1.353248e-09	-6.033103e-09	-7.728021e+00	-1.062110e+03
1.060000e-06	-1.338687e-09	-5.983758e-09	-7.644755e+00	-1.053531e+03
1.070000e-06	-1.324009e-09	-5.933592e-09	-7.560806e+00	-1.044827e+03
1.080000e-06	-1.309181e-09	-5.882699e-09	-7.475978e+00	-1.036000e+03
1.090000e-06	-1.294206e-09	-5.831364e-09	-7.390291e+00	-1.027054e+03
1.100000e-06	-1.279104e-09	-5.779913e-09	-7.303886e+00	-1.017992e+03
1.110000e-06	-1.263903e-09	-5.727825e-09	-7.216955e+00	-1.008819e+03
1.120000e-06	-1.248628e-09	-5.674639e-09	-7.129619e+00	-9.995379e+02
1.130000e-06	-1.233276e-09	-5.620979e-09	-7.041846e+00	-9.901533e+02
1.140000e-06	-1.217834e-09	-5.566921e-09	-6.953552e+00	-9.806690e+02
1.150000e-06	-1.202297e-09	-5.512165e-09	-6.864705e+00	-9.710884e+02
1.160000e-06	-1.186666e-09	-5.457066e-09	-6.775310e+00	-9.614143e+02
1.170000e-06	-1.170935e-09	-5.401129e-09	-6.685314e+00	-9.516490e+02
1.180000e-06	-1.155081e-09	-5.344308e-09	-6.594606e+00	-9.417941e+02
1.190000e-06	-1.139081e-09	-5.287771e-09	-6.503101e+00	-9.318507e+02
1.200000e-06	-1.122954e-09	-5.232140e-09	-6.410902e+00	-9.218195e+02
1.210000e-06	-1.106735e-09	-5.176248e-09	-6.318158e+00	-9.117007e+02
1.220000e-06	-1.090446e-09	-5.118338e-09	-6.225020e+00	-9.014944e+02
1.230000e-06	-1.074103e-09	-5.058855e-09	-6.131590e+00	-8.912004e+02
1.240000e-06	-1.057715e-09	-4.999187e-09	-6.037898e+00	-8.808185e+02
1.250000e-06	-1.041283e-09	-4.939673e-09	-5.943952e+00	-8.703487e+02
1.260000e-06	-1.024796e-09	-4.880490e-09	-5.849675e+00	-8.597909e+02
1.270000e-06	-1.008235e-09	-4.821137e-09	-5.754977e+00	-8.491450e+02
1.280000e-06	-9.915872e-10	-4.761159e-09	-5.659787e+00	-8.384109e+02
1.290000e-06	-9.748584e-10	-4.700782e-09	-5.564134e+00	-8.275882e+02
1.300000e-06	-9.580633e-10	-4.639518e-09	-5.468107e+00	-8.166764e+02
1.310000e-06	-9.412220e-10	-4.576733e-09	-5.371824e+00	-8.056745e+02
1.320000e-06	-9.243472e-10	-4.512759e-09	-5.275354e+00	-7.945806e+02
1.330000e-06	-9.074336e-10	-4.448202e-09	-5.178664e+00	-7.833925e+02
1.340000e-06	-8.904724e-10	-4.383789e-09	-5.081700e+00	-7.721069e+02
1.350000e-06	-8.734549e-10	-4.320113e-09	-4.984404e+00	-7.607198e+02
1.360000e-06	-8.563737e-10	-4.256439e-09	-4.886740e+00	-7.492262e+02
1.370000e-06	-8.392256e-10	-4.191389e-09	-4.788693e+00	-7.376208e+02
1.380000e-06	-8.220189e-10	-4.124423e-09	-4.690324e+00	-7.258976e+02
1.390000e-06	-8.047661e-10	-4.056076e-09	-4.591691e+00	-7.140503e+02
1.400000e-06	-7.874666e-10	-3.987336e-09	-4.492781e+00	-7.020729e+02
1.410000e-06	-7.701141e-10	-3.918766e-09	-4.393556e+00	-6.899597e+02
1.420000e-06	-7.527037e-10	-3.849456e-09	-4.293994e+00	-6.777058e+02
1.430000e-06	-7.352239e-10	-3.778338e-09	-4.194053e+00	-6.653071e+02
1.440000e-06	-7.176754e-10	-3.706282e-09	-4.093716e+00	-6.527612e+02
1.450000e-06	-7.000788e-10	-3.633874e-09	-3.993100e+00	-6.400667e+02
1.460000e-06	-6.824474e-10	-3.560400e-09	-3.892299e+00	-6.272241e+02
1.470000e-06	-6.647929e-10	-3.485532e-09	-3.791370e+00	-6.142353e+02
1.480000e-06	-6.471214e-10	-3.409844e-09	-3.690351e+00	-6.011037e+02
1.490000e-06	-6.294305e-10	-3.334283e-09	-3.589227e+00	-5.878338e+02
1.500000e-06	-6.117193e-10	-3.258935e-09	-3.487988e+00	-5.744312e+02
1.510000e-06	-5.939770e-10	-3.182788e-09	-3.386582e+00	-5.609022e+02
1.520000e-06	-5.761938e-10	-3.104968e-09	-3.284935e+00	-5.472531e+02
1.530000e-06	-5.583650e-10	-3.026596e-09	-3.183002e+00	-5.334904e+02
1.540000e-06	-5.404799e-10	-2.948664e-09	-3.080743e+00	-5.196199e+02
1.550000e-06	-5.225316e-10	-2.871082e-09	-2.978123e+00	-5.056465e+02
1.560000e-06	-5.045094e-10	-2.792868e-09	-2.875078e+00	-4.915745e+02
1.570000e-06	-4.864056e-10	-2.712624e-09	-2.771558e+00	-4.774066e+02
1.580000e-06	-4.682249e-10	-2.631475e-09	-2.667592e+00	-4.631442e+02
1.590000e-06	-4.499748e-10	-2.550516e-09	-2.563246e+00	-4.487878e+02
1.600000e-06	-4.316665e-10	-2.468425e-09	-2.458581e+00	-4.343364e+02
1.610000e-06	-4.133161e-10	-2.384957e-09	-2.353692e+00	-4.197881e+02
1.620000e-06	-3.949393e-10	-2.301385e-09	-2.248655e+00	-4.051402e+02
1.630000e-06	-3.765426e-10	-2.217893e-09	-2.143501e+00	-3.903894e+02
1.640000e-06	-3.581319e-10	-2.133627e-09	-2.038269e+00	-3.755322e+02
1.650000e-06	-3.397094e-10	-2.048516e-09	-1.932968e+00	-3.605649e+02
1.660000e-06	-3.212745e-10	-1.962599e-09	-1.827590e+00	-3.454841e+02
1.670000e-06	-3.028301e-10	-1.875238e-09	-1.722154e+00	-3.302867e+02
1.680000e-06	-2.843770e-10	-1.786894e-09	-1.616673e+00	-3.149698e+02
1.690000e-06	-2.659133e-10	-1.698655e-09	-1.511133e+00	-2.995313e+02
1.700000e-06	-2.474410e-10	-1.610424e-09	-1.405536e+00	-2.839693e+02
1.710000e-06	-2.289615e-10	-1.521061e-09	-1.299901e+00	-2.682828e+02
1.720000e-06	-2.104686e-10	-1.430340e-09	-1.194197e+00	-2.524708e+02
1.730000e-06	-1.919632e-10	-1.338643e-09	-1.088421e+00	-2.365331e+02
1.740000e-06	-1.734497e-10	-1.246277e-09	-9.825880e-01	-2.204698e+02
1.750000e-06	-1.549255e-10	-1.152976e-09	-8.766991e-01	-2.042813e+02
1.760000e-06	-1.363905e-10	-1.058475e-09	-7.707637e-01	-1.879686e+02
1.770000e-06	-1.178506e-10	-9.632271e-10	-6.647896e-01	-1.715329e+02
1.780000e-06	-9.931412e-11	-8.676376e-10	-5.588141e-01	-1.549762e+02
1.790000e-06	-8.077973e-11	-7.722041e-10	-4.528482e-01	-1.383010e+02
1.800000e-06	-6.224145e-11	-6.765414e-10	-3.468729e-01	-1.215105e+02
1.810000e-06	-4.369870e-11	-5.797607e-10	-2.408689e-01	-1.046091e+02
1.820000e-06	-2.515123e-11	-4.820439e-10	-1.348382e-01	-8.760171e+01
1.830000e-06	-6.600323e-12	-3.843307e-10	-2.878950e-02	-7.049461e+01
1.840000e-06	1.195326e-11	-2.862610e-10	7.726356e-02	-5.329497e+01
1.850000e-06	3.050538e-11	-1.869915e-10	1.832928e-01	-3.601103e+01
1.860000e-06	4.905474e-11	-8.699011e-11	2.893117e-01	-1.865196e+01
1.870000e-06	6.760223e-11	1.276136e-11	3.953188e-01	-1.227744e+00
1.880000e-06	8.614664e-11	1.123164e-10	5.013041e-01	1.625100e+01
1.890000e-06	1.046889e-10	2.126001e-10	6.072742e-01	3.377322e+01
1.900000e-06	1.232213e-10	3.133038e-10	7.131855e-01	5.132764e+01
1.910000e-06	1.417387e-10	4.137796e-10	8.190092e-01	6.890295e+01
1.920000e-06	1.602431e-10	5.140074e-10	9.247630e-01	8.648799e+01
1.930000e-06	1.787371e-10	6.136394e-10	1.030460e+00	1.040719e+02
1.940000e-06	1.972227e-10	7.127080e-10	1.136108e+00	1.216442e+02
1.950000e-06	2.157018e-10	8.119334e-10	1.241718e+00	1.391947e+02
1.960000e-06	2.341756e-10	9.116433e-10	1.347303e+00	1.567137e+02
1.970000e-06	2.526437e-10	1.010998e-09	1.452860e+00	1.741917e+02
1.980000e-06	2.711052e-10	1.109729e-09	1.558377e+00	1.916195e+02
1.990000e-06	2.895595e-10	1.208474e-09	1.663860e+00	2.089878e+02
2.000000e-06	3.080072e-10	1.307505e-09	1.769306e+00	2.262872e+02
2.010000e-06	3.264447e-10	1.406323e-09	1.874690e+00	2.435084e+02
2.020000e-06	3.448697e-10	1.504305e-09	1.980002e+00	2.606417e+02
2.030000e-06	3.632765e-10	1.601647e-09	2.085203e+00	2.776773e+02
2.040000e-06	3.816572e-10	1.698501e-09	2.190260e+00	2.946054e+02
2.050000e-06	4.000095e-10	1.795156e-09	2.295157e+00	3.114165e+02
2.060000e-06	4.183252e-10	1.891490e-09	2.399841e+00	3.281012e+02
2.070000e-06	4.365971e-10	1.986463e-09	2.504273e+00	3.446511e+02
2.080000e-06	4.548198e-10	2.079693e-09	2.608427e+00	3.610586e+02
2.090000e-06	4.729889e-10	2.172229e-09	2.712272e+00	3.773176e+02
2.100000e-06	4.911053e-10	2.264517e-09	2.815813e+00	3.934236e+02
2.110000e-06	5.091642e-10	2.354991e-09	2.919030e+00	4.093740e+02
2.120000e-06	5.271587e-10	2.443200e-09	3.021873e+00	4.251680e+02
2.130000e-06	5.450850e-10	2.530787e-09	3.124344e+00	4.408069e+02
2.140000e-06	5.629465e-10	2.618909e-09	3.226442e+00	4.562940e+02
2.150000e-06	5.807483e-10	2.706884e-09	3.328168e+00	4.716339e+02
2.160000e-06	5.984968e-10	2.794055e-09	3.429592e+00	4.868326e+02
2.170000e-06	6.162070e-10	2.880132e-09	3.530798e+00	5.018968e+02
2.180000e-06	6.338867e-10	2.964822e-09	3.631834e+00	5.168332e+02
2.190000e-06	6.515397e-10	3.048218e-09	3.732727e+00	5.316485e+02
2.200000e-06	6.691679e-10	3.130649e-09	3.833479e+00	5.463481e+02
2.210000e-06	6.867638e-10	3.212607e-09	3.934047e+00	5.609361e+02
2.220000e-06	7.043161e-10	3.293900e-09	4.034373e+00	5.754148e+02
2.230000e-06	7.218169e-10	3.374373e-09	4.134403e+00	5.897843e+02
2.240000e-06	7.392647e-10	3.454453e-09	4.234119e+00	6.040426e+02
2.250000e-06	7.566609e-10	3.534091e-09	4.333536e+00	6.181855e+02
2.260000e-06	7.740116e-10	3.612829e-09	4.432688e+00	6.322068e+02
2.270000e-06	7.913176e-10	3.690161e-09	4.531572e+00	6.460989e+02
2.280000e-06	8.085768e-10	3.766179e-09	4.630196e+00	6.598530e+02
2.290000e-06	8.257835e-10	3.842083e-09	4.728529e+00	6.734600e+02
2.300000e-06	8.429249e-10	3.918427e-09	4.826471e+00	6.869108e+02
2.310000e-06	8.599912e-10	3.994993e-09	4.923962e+00	7.001972e+02
2.320000e-06	8.769843e-10	4.070963e-09	5.021036e+00	7.133122e+02
2.330000e-06	8.939178e-10	4.145626e-09	5.117777e+00	7.262507e+02
2.340000e-06	9.108085e-10	4.218907e-09	5.214277e+00	7.390096e+02
2.350000e-06	9.276660e-10	4.291240e-09	5.310603e+00	7.515881e+02
2.360000e-06	9.444910e-10	4.362325e-09	5.406755e+00	7.639878e+02
2.370000e-06	9.612779e-10	4.431210e-09	5.502675e+00	7.762125e+02
2.380000e-06	9.780053e-10	4.498999e-09	5.598253e+00	7.882676e+02
2.390000e-06	9.946555e-10	4.566837e-09	5.693392e+00	8.001604e+02
2.400000e-06	1.011224e-09	4.634228e-09	5.788053e+00	8.118990e+02
2.410000e-06	1.027703e-09	4.700360e-09	5.882225e+00	8.234919e+02
2.420000e-06	1.044104e-09	4.764741e-09	5.975942e+00	8.349479e+02
2.430000e-06	1.060441e-09	4.828052e-09	6.069282e+00	8.462752e+02
2.440000e-06	1.076716e-09	4.891015e-09	6.162297e+00	8.574810e+02
2.450000e-06	1.092929e-09	4.953606e-09	6.254935e+00	8.685717e+02
2.460000e-06	1.109059e-09	5.015725e-09	6.347084e+00	8.795523e+02
2.470000e-06	1.125085e-09	5.077228e-09	6.438614e+00	8.904262e+02
2.480000e-06	1.140995e-09	5.138258e-09	6.529481e+00	9.011957e+02
2.490000e-06	1.156797e-09	5.198992e-09	6.619743e+00	9.118620e+02
2.500000e-06	1.172515e-09	5.258806e-09	6.709525e+00	9.224250e+02
2.510000e-06	1.188162e-09	5.317309e-09	6.798910e+00	9.328840e+02
2.520000e-06	1.203729e-09	5.374589e-09	6.887817e+00	9.432379e+02
2.530000e-06	1.219198e-09	5.431253e-09	6.976153e+00	9.534851e+02
2.540000e-06	1.234570e-09	5.488617e-09	7.063945e+00	9.636239e+02
2.550000e-06	1.249866e-09	5.546748e-09	7.151320e+00	9.736527e+02
2.560000e-06	1.265095e-09	5.603938e-09	7.238319e+00	9.835700e+02
2.570000e-06	1.280228e-09	5.659004e-09	7.324767e+00	9.933742e+02
2.580000e-06	1.295220e-09	5.712877e-09	7.410386e+00	1.003064e+03
2.590000e-06	1.310042e-09	5.766572e-09	7.495004e+00	1.012638e+03
2.600000e-06	1.324703e-09	5.819634e-09	7.578707e+00	1.022094e+03
2.610000e-06	1.339249e-09	5.872095e-09	7.661784e+00	1.031431e+03
2.620000e-06	1.353728e-09	5.924280e-09	7.744510e+00	1.040646e+03
2.630000e-06	1.368151e-09	5.976379e-09	7.826921e+00	1.049738e+03
2.640000e-06	1.382495e-09	6.028325e-09	7.908872e+00	1.058702e+03
2.650000e-06	1.396735e-09	6.079141e-09	7.990213e+00	1.067538e+03
2.660000e-06	1.410872e-09	6.128545e-09	8.070956e+00	1.076241e+03
2.670000e-06	1.424918e-09	6.176465e-09	8.151194e+00	1.084809e+03
2.680000e-06	1.438869e-09	6.223398e-09	8.230880e+00	1.093240e+03
2.690000e-06	1.452708e-09	6.270373e-09	8.309915e+00	1.101531e+03
2.700000e-06	1.466450e-09	6.317049e-09	8.388386e+00	1.109683e+03
2.710000e-06	1.480120e-09	6.363272e-09	8.466476e+00	1.117695e+03
2.720000e-06	1.493723e-09	6.409495e-09	8.544189e+00	1.125569e+03
2.730000e-06	1.507216e-09	6.454774e-09	8.621258e+00	1.133307e+03
2.740000e-06	1.520547e-09	6.497976e-09	8.697369e+00	1.140913e+03
2.750000e-06	1.533697e-09	6.539730e-09	8.772444e+00	1.148392e+03
2.760000e-06	1.546700e-09	6.580750e-09	8.846683e+00	1.155750e+03
2.770000e-06	1.559607e-09	6.621104e-09	8.920404e+00	1.162994e+03
2.780000e-06	1.572448e-09	6.661252e-09	8.993761e+00	1.170129e+03
2.790000e-06	1.585205e-09	6.701490e-09	9.066619e+00	1.177163e+03
2.800000e-06	1.597849e-09	6.741310e-09	9.138808e+00	1.184103e+03
2.810000e-06	1.610384e-09	6.780525e-09	9.210378e+00	1.190954e+03
2.820000e-06	1.622828e-09	6.819314e-09	9.281446e+00	1.197721e+03
2.830000e-06	1.635171e-09	6.857419e-09	9.351921e+00	1.204409e+03
2.840000e-06	1.647393e-09	6.894955e-09	9.421695e+00	1.211021e+03
2.850000e-06	1.659513e-09	6.932084e-09	9.490902e+00	1.217558e+03
2.860000e-06	1.671553e-09	6.968281e-09	9.559683e+00	1.224023e+03
2.870000e-06	1.683490e-09	7.003694e-09	9.627832e+00	1.230414e+03
2.880000e-06	1.695257e-09	7.039612e-09	9.694967e+00	1.236732e+03
2.890000e-06	1.706818e-09	7.075877e-09	9.760906e+00	1.242977e+03
2.900000e-06	1.718205e-09	7.111486e-09	9.825883e+00	1.249146e+03
2.910000e-06	1.729494e-09	7.145980e-09	9.890336e+00	1.255239e+03
2.920000e-06	1.740706e-09	7.179418e-09	9.954372e+00	1.261254e+03
2.930000e-06	1.751808e-09	7.212603e-09	1.001775e+01	1.267191e+03
2.940000e-06	1.762781e-09	7.245585e-09	1.008039e+01	1.273050e+03
2.950000e-06	1.773645e-09	7.278257e-09	1.014243e+01	1.278830e+03
2.960000e-06	1.784399e-09	7.310620e-09	1.020383e+01	1.284530e+03
2.970000e-06	1.795018e-09	7.342882e-09	1.026445e+01	1.290151e+03
2.980000e-06	1.805494e-09	7.375349e-09	1.032424e+01	1.295692e+03
2.990000e-06	1.815814e-09	7.407021e-09	1.038315e+01	1.301152e+03
3.000000e-06	1.825933e-09	7.437353e-09	1.044091e+01	1.306530e+03
3.010000e-06	1.835834e-09	7.467007e-09	1.049743e+01	1.311825e+03
3.020000e-06	1.845574e-09	7.496391e-09	1.055306e+01	1.317034e+03
3.030000e-06	1.855217e-09	7.525707e-09	1.060814e+01	1.322155e+03
3.040000e-06	1.864757e-09	7.554936e-09	1.066264e+01	1.327184e+03
3.050000e-06	1.874166e-09	7.583433e-09	1.071640e+01	1.332118e+03
3.060000e-06	1.883445e-09	7.610939e-09	1.076942e+01	1.336954e+03
3.070000e-06	1.892593e-09	7.637816e-09	1.082168e+01	1.341686e+03
3.080000e-06	1.901603e-09	7.664571e-09	1.087316e+01	1.346313e+03
3.090000e-06	1.910510e-09	7.691598e-09	1.092406e+01	1.350831e+03
3.100000e-06	1.919345e-09	7.717876e-09	1.097453e+01	1.355239e+03
3.110000e-06	1.928060e-09	7.742403e-09	1.102431e+01	1.359535e+03
3.120000e-06	1.936576e-09	7.765882e-09	1.107292e+01	1.363719e+03
3.130000e-06	1.944865e-09	7.789360e-09	1.112024e+01	1.367793e+03
3.140000e-06	1.952993e-09	7.813039e-09	1.116666e+01	1.371759e+03
3.150000e-06	1.961017e-09	7.835733e-09	1.121251e+01	1.375620e+03
3.160000e-06	1.968927e-09	7.857009e-09	1.125769e+01	1.379379e+03
3.170000e-06	1.976702e-09	7.877974e-09	1.130210e+01	1.383042e+03
3.180000e-06	1.984340e-09	7.898825e-09	1.134573e+01	1.386613e+03
3.190000e-06	1.991832e-09	7.918719e-09	1.138852e+01	1.390096e+03
3.200000e-06	1.999190e-09	7.937619e-09	1.143055e+01	1.393497e+03
3.210000e-06	2.006460e-09	7.956040e-09	1.147207e+01	1.396820e+03
3.220000e-06	2.013636e-09	7.974145e-09	1.151305e+01	1.400069e+03
3.230000e-06	2.020644e-09	7.992057e-09	1.155304e+01	1.403246e+03
3.240000e-06	2.027421e-09	8.009407e-09	1.159171e+01	1.406354e+03
3.250000e-06	2.034002e-09	8.025571e-09	1.162927e+01	1.409394e+03
3.260000e-06	2.040461e-09	8.040954e-09	1.166616e+01	1.412368e+03
3.270000e-06	2.046807e-09	8.056532e-09	1.170241e+01	1.415276e+03
3.280000e-06	2.053012e-09	8.072394e-09	1.173785e+01	1.418118e+03
3.290000e-06	2.059076e-09	8.087490e-09	1.177250e+01	1.420894e+03
3.300000e-06	2.064992e-09	8.101432e-09	1.180629e+01	1.423604e+03
3.310000e-06	2.070769e-09	8.114478e-09	1.183929e+01	1.426247e+03
3.320000e-06	2.076454e-09	8.127077e-09	1.187177e+01	1.428825e+03
3.330000e-06	2.082043e-09	8.140157e-09	1.190369e+01	1.431336e+03
3.340000e-06	2.087457e-09	8.153181e-09	1.193458e+01	1.433783e+03
3.350000e-06	2.092634e-09	8.165444e-09	1.196412e+01	1.436166e+03
3.360000e-06	2.097611e-09	8.177329e-09	1.199253e+01	1.438486e+03
3.370000e-06	2.102452e-09	8.189431e-09	1.202014e+01	1.440745e+03
3.380000e-06	2.107155e-09	8.201959e-09	1.204695e+01	1.442944e+03
3.390000e-06	2.111707e-09	8.213367e-09	1.207291e+01	1.445086e+03
3.400000e-06	2.116115e-09	8.222701e-09	1.209804e+01	1.447171e+03
3.410000e-06	2.120372e-09	8.232087e-09	1.212230e+01	1.449201e+03
3.420000e-06	2.124500e-09	8.243048e-09	1.214584e+01	1.451177e+03
3.430000e-06	2.128536e-09	8.254493e-09	1.216887e+01	1.453098e+03
3.440000e-06	2.132448e-09	8.265088e-09	1.219117e+01	1.454965e+03
3.450000e-06	2.136195e-09	8.274540e-09	1.221252e+01	1.456776e+03
3.460000e-06	2.139781e-09	8.283251e-09	1.223296e+01	1.458532e+03
3.470000e-06	2.143238e-09	8.292110e-09	1.225267e+01	1.460230e+03
3.480000e-06	2.146548e-09	8.301191e-09	1.227151e+01	1.461869e+03
3.490000e-06	2.149656e-09	8.309441e-09	1.228919e+01	1.463447e+03
3.500000e-06	2.152582e-09	8.317282e-09	1.230584e+01	1.464961e+03
3.510000e-06	2.155346e-09	8.325630e-09	1.232157e+01	1.466409e+03
3.520000e-06	2.157951e-09	8.333898e-09	1.233637e+01	1.467788e+03
3.530000e-06	2.160409e-09	8.341781e-09	1.235034e+01	1.469096e+03
3.540000e-06	2.162691e-09	8.348744e-09	1.236329e+01	1.470331e+03
3.550000e-06	2.164739e-09	8.354730e-09	1.237488e+01	1.471489e+03
3.560000e-06	2.166566e-09	8.360521e-09	1.238523e+01	1.472570e+03
3.570000e-06	2.168252e-09	8.366533e-09	1.239483e+01	1.473570e+03
3.580000e-06	2.169822e-09	8.372473e-09	1.240375e+01	1.474487e+03
3.590000e-06	2.171246e-09	8.377383e-09	1.241181e+01	1.475321e+03
3.600000e-06	2.172519e-09	8.381686e-09	1.241901e+01	1.476070e+03
3.610000e-06	2.173640e-09	8.386183e-09	1.242534e+01	1.476732e+03
3.620000e-06	2.174619e-09	8.390356e-09	1.243090e+01	1.477307e+03
3.630000e-06	2.175492e-09	8.393482e-09	1.243586e+01	1.477794e+03
3.640000e-06	2.176243e-09	8.395445e-09	1.244009e+01	1.478194e+03
3.650000e-06	2.176789e-09	8.395825e-09	1.244312e+01	1.478506e+03
3.660000e-06	2.177099e-09	8.398059e-09	1.244480e+01	1.478731e+03
3.670000e-06	2.177234e-09	8.402169e-09	1.244553e+01	1.478871e+03
3.680000e-06	2.177302e-09	8.404739e-09	1.244590e+01	1.478926e+03
3.690000e-06	2.177268e-09	8.410511e-09	1.244564e+01	1.478898e+03
3.700000e-06	2.176972e-09	8.399657e-09	1.244379e+01	1.478790e+03
3.710000e-06	2.176400e-09	8.386992e-09	1.244041e+01	1.478603e+03
3.720000e-06	2.175741e-09	8.402416e-09	1.243665e+01	1.478339e+03
3.730000e-06	2.175050e-09	8.404171e-09	1.243270e+01	1.478000e+03
3.740000e-06	2.174234e-09	8.385683e-09	1.242797e+01	1.477588e+03
3.750000e-06	2.173149e-09	8.389843e-09	1.242165e+01	1.477104e+03
3.760000e-06	2.171798e-09	8.401161e-09	1.241384e+01	1.476549e+03
3.770000e-06	2.170344e-09	8.388532e-09	1.240552e+01	1.475925e+03
3.780000e-06	2.168834e-09	8.380392e-09	1.239688e+01	1.475231e+03
3.790000e-06	2.167214e-09	8.382633e-09	1.238756e+01	1.474468e+03
3.800000e-06	2.165409e-09	8.376233e-09	1.237716e+01	1.473636e+03
3.810000e-06	2.163390e-09	8.368614e-09	1.236553e+01	1.472734e+03
3.820000e-06	2.161196e-09	8.365989e-09	1.235293e+01	1.471761e+03
3.830000e-06	2.158917e-09	8.362401e-09	1.233988e+01	1.470717e+03
3.840000e-06	2.156528e-09	8.355729e-09	1.232617e+01	1.469601e+03
3.850000e-06	2.153900e-09	8.349133e-09	1.231103e+01	1.468412e+03
3.860000e-06	2.150978e-09	8.341676e-09	1.229417e+01	1.467149e+03
3.870000e-06	2.147866e-09	8.331977e-09	1.227631e+01	1.465812e+03
3.880000e-06	2.144673e-09	8.322812e-09	1.225804e+01	1.464400e+03
3.890000e-06	2.141389e-09	8.318518e-09	1.223925e+01	1.462914e+03
3.900000e-06	2.137928e-09	8.313731e-09	1.221938e+01	1.461352e+03
3.910000e-06	2.134248e-09	8.302944e-09	1.219825e+01	1.459717e+03
3.920000e-06	2.130411e-09	8.290566e-09	1.217627e+01	1.458006e+03
3.930000e-06	2.126493e-09	8.281770e-09	1.215386e+01	1.456222e+03
3.940000e-06	2.122480e-09	8.272663e-09	1.213086e+01	1.454364e+03
3.950000e-06	2.118258e-09	8.261795e-09	1.210662e+01	1.452433e+03
3.960000e-06	2.113771e-09	8.251232e-09	1.208087e+01	1.450428e+03
3.970000e-06	2.109110e-09	8.241609e-09	1.205418e+01	1.448349e+03
3.980000e-06	2.104370e-09	8.230969e-09	1.202706e+01	1.446198e+03
3.990000e-06	2.099517e-09	8.217710e-09	1.199925e+01	1.443972e+03
4.000000e-06	2.094479e-09	8.202970e-09	1.197035e+01	1.441672e+03
4.010000e-06	2.089257e-09	8.188888e-09	1.194044e+01	1.439298e+03
4.020000e-06	2.083906e-09	8.175620e-09	1.190982e+01	1.436848e+03
4.030000e-06	2.078452e-09	8.161506e-09	1.187860e+01	1.434323e+03
4.040000e-06	2.072878e-09	8.146685e-09	1.184668e+01	1.431723e+03
4.050000e-06	2.067123e-09	8.133360e-09	1.181369e+01	1.429046e+03
4.060000e-06	2.061144e-09	8.121103e-09	1.177942e+01	1.426294e+03
4.070000e-06	2.054969e-09	8.106146e-09	1.174405e+01	1.423466e+03
4.080000e-06	2.048661e-09	8.087489e-09	1.170793e+01	1.420562e+03
4.090000e-06	2.042227e-09	8.067995e-09	1.167110e+01	1.417583e+03
4.100000e-06	2.035646e-09	8.051309e-09	1.163345e+01	1.414529e+03
4.110000e-06	2.028938e-09	8.037092e-09	1.159506e+01	1.411401e+03
4.120000e-06	2.022106e-09	8.021134e-09	1.155596e+01	1.408199e+03
4.130000e-06	2.015137e-09	8.001692e-09	1.151606e+01	1.404925e+03
4.140000e-06	2.008055e-09	7.981985e-09	1.147553e+01	1.401578e+03
4.150000e-06	2.000877e-09	7.964086e-09	1.143445e+01	1.398158e+03
4.160000e-06	1.993527e-09	7.945788e-09	1.139234e+01	1.394666e+03
4.170000e-06	1.985920e-09	7.924251e-09	1.134872e+01	1.391102e+03
4.180000e-06	1.978109e-09	7.902319e-09	1.130398e+01	1.387465e+03
4.190000e-06	1.970196e-09	7.883031e-09	1.125871e+01	1.383754e+03
4.200000e-06	1.962183e-09	7.864111e-09	1.121284e+01	1.379970e+03
4.210000e-06	1.954019e-09	7.842076e-09	1.116607e+01	1.376111e+03
4.220000e-06	1.945719e-09	7.818344e-09	1.111856e+01	1.372176e+03
4.230000e-06	1.937305e-09	7.796000e-09	1.107044e+01	1.368164e+03
4.240000e-06	1.928765e-09	7.774263e-09	1.102157e+01	1.364075e+03
4.250000e-06	1.920104e-09	7.751319e-09	1.097200e+01	1.359908e+03
4.260000e-06	1.911336e-09	7.728075e-09	1.092182e+01	1.355661e+03
4.270000e-06	1.902450e-09	7.704676e-09	1.087093e+01	1.351335e+03
4.280000e-06	1.893421e-09	7.680272e-09	1.081923e+01	1.346929e+03
4.290000e-06	1.884251e-09	7.654381e-09	1.076672e+01	1.342443e+03
4.300000e-06	1.874950e-09	7.627815e-09	1.071348e+01	1.337877e+03
4.310000e-06	1.865509e-09	7.602046e-09	1.065946e+01	1.333230e+03
4.320000e-06	1.855902e-09	7.575922e-09	1.060444e+01	1.328503e+03
4.330000e-06	1.846130e-09	7.548370e-09	1.054843e+01	1.323697e+03
4.340000e-06	1.836215e-09	7.521147e-09	1.049164e+01	1.318810e+03
4.350000e-06	1.826165e-09	7.495100e-09	1.043410e+01	1.313844e+03
4.360000e-06	1.815978e-09	7.467951e-09	1.037579e+01	1.308798e+03
4.370000e-06	1.805665e-09	7.439080e-09	1.031676e+01	1.303672e+03
4.380000e-06	1.795212e-09	7.410237e-09	1.025690e+01	1.298466e+03
4.390000e-06	1.784575e-09	7.381671e-09	1.019597e+01	1.293179e+03
4.400000e-06	1.773722e-09	7.351905e-09	1.013381e+01	1.287812e+03
4.410000e-06	1.762699e-09	7.321065e-09	1.007072e+01	1.282363e+03
4.420000e-06	1.751588e-09	7.290542e-09	1.000716e+01	1.276832e+03
4.430000e-06	1.740399e-09	7.259999e-09	9.943150e+00	1.271218e+03
4.440000e-06	1.729083e-09	7.227274e-09	9.878382e+00	1.265520e+03
4.450000e-06	1.717622e-09	7.193703e-09	9.812778e+00	1.259739e+03
4.460000e-06	1.706035e-09	7.161032e-09	9.746463e+00	1.253872e+03
4.470000e-06	1.694322e-09	7.128120e-09	9.679444e+00	1.247921e+03
4.480000e-06	1.682498e-09	7.094004e-09	9.611795e+00	1.241884e+03
4.490000e-06	1.670591e-09	7.058779e-09	9.543680e+00	1.235762e+03
4.500000e-06	1.658600e-09	7.023224e-09	9.475075e+00	1.229556e+03
4.510000e-06	1.646483e-09	6.987473e-09	9.405716e+00	1.223265e+03
4.520000e-06	1.634195e-09	6.951269e-09	9.335338e+00	1.216891e+03
4.530000e-06	1.621723e-09	6.914588e-09	9.263926e+00	1.210434e+03
4.540000e-06	1.609113e-09	6.877124e-09	9.191769e+00	1.203894e+03
4.550000e-06	1.596411e-09	6.839262e-09	9.119113e+00	1.197272e+03
4.560000e-06	1.583623e-09	6.801417e-09	9.045945e+00	1.190568e+03
4.570000e-06	1.570726e-09	6.763071e-09	8.972138e+00	1.183782e+03
4.580000e-06	1.557717e-09	6.723893e-09	8.897713e+00	1.176913e+03
4.590000e-06	1.544612e-09	6.683702e-09	8.822743e+00	1.169961e+03
4.600000e-06	1.531406e-09	6.643252e-09	8.747176e+00	1.162922e+03
4.610000e-06	1.518077e-09	6.603300e-09	8.670918e+00	1.155796e+03
4.620000e-06	1.504643e-09	6.562919e-09	8.594087e+00	1.148578e+03
4.630000e-06	1.491145e-09	6.521262e-09	8.516905e+00	1.141265e+03
4.640000e-06	1.477589e-09	6.478957e-09	8.439389e+00	1.133853e+03
4.650000e-06	1.463936e-09	6.436335e-09	8.361318e+00	1.126338e+03
4.660000e-06	1.450142e-09	6.393304e-09	8.282411e+00	1.118716e+03
4.670000e-06	1.436174e-09	6.349991e-09	8.202502e+00	1.110981e+03
4.680000e-06	1.422044e-09	6.305893e-09	8.121685e+00	1.103130e+03
4.690000e-06	1.407803e-09	6.260609e-09	8.040243e+00	1.095158e+03
4.700000e-06	1.393496e-09	6.214253e-09	7.958425e+00	1.087064e+03
4.710000e-06	1.379123e-09	6.167452e-09	7.876250e+00	1.078844e+03
4.720000e-06	1.364664e-09	6.121049e-09	7.793590e+00	1.070497e+03
4.730000e-06	1.350105e-09	6.073561e-09	7.710349e+00	1.062024e+03
4.740000e-06	1.335452e-09	6.024059e-09	7.626550e+00	1.053424e+03
4.750000e-06	1.320707e-09	5.973836e-09	7.542222e+00	1.044699e+03
4.760000e-06	1.305864e-09	5.923653e-09	7.457349e+00	1.035853e+03
4.770000e-06	1.290923e-09	5.872956e-09	7.371919e+00	1.026887e+03
4.780000e-06	1.275897e-09	5.821113e-09	7.285990e+00	1.017807e+03
4.790000e-06	1.260794e-09	5.768594e-09	7.199627e+00	1.008615e+03
4.800000e-06	1.245606e-09	5.715459e-09	7.112786e+00	9.993163e+02
4.810000e-06	1.230306e-09	5.661643e-09	7.025313e+00	9.899149e+02
4.820000e-06	1.214859e-09	5.607560e-09	6.937001e+00	9.804144e+02
4.830000e-06	1.199250e-09	5.552581e-09	6.847732e+00	9.708181e+02
4.840000e-06	1.183500e-09	5.496012e-09	6.757645e+00	9.611287e+02
4.850000e-06	1.167658e-09	5.439148e-09	6.667049e+00	9.513484e+02
4.860000e-06	1.151764e-09	5.383014e-09	6.576176e+00	9.414787e+02
4.870000e-06	1.135828e-09	5.326593e-09	6.485060e+00	9.315207e+02
4.880000e-06	1.119838e-09	5.269229e-09	6.393626e+00	9.214749e+02
4.890000e-06	1.103772e-09	5.210728e-09	6.301775e+00	9.113416e+02
4.900000e-06	1.087612e-09	5.151823e-09	6.209397e+00	9.011207e+02
4.910000e-06	1.071366e-09	5.093164e-09	6.116528e+00	8.908121e+02
4.920000e-06	1.055049e-09	5.034360e-09	6.023247e+00	8.804157e+02
4.930000e-06	1.038666e-09	4.975000e-09	5.929593e+00	8.699313e+02
4.940000e-06	1.022220e-09	4.914252e-09	5.835560e+00	8.593589e+02
4.950000e-06	1.005703e-09	4.852384e-09	5.741112e+00	8.486983e+02
4.960000e-06	9.891137e-10	4.790583e-09	5.646266e+00	8.379495e+02
4.970000e-06	9.724678e-10	4.728612e-09	5.551102e+00	8.271121e+02
4.980000e-06	9.557832e-10	4.665485e-09	5.455725e+00	8.161854e+02
4.990000e-06	9.390650e-10	4.601412e-09	5.360156e+00	8.051683e+02
5.000000e-06	9.223058e-10	4.537553e-09	5.264349e+00	7.940590e+02
5.010000e-06	9.054875e-10	4.474256e-09	5.168202e+00	7.828549e+02
5.020000e-06	8.885893e-10	4.410137e-09	5.071602e+00	7.715527e+02
5.030000e-06	8.715938e-10	4.344501e-09	4.974426e+00	7.601483e+02
5.040000e-06	8.544779e-10	4.277943e-09	4.876555e+00	7.486365e+02
5.050000e-06	8.372415e-10	4.211591e-09	4.778005e+00	7.370120e+02
5.060000e-06	8.199084e-10	4.145479e-09	4.678915e+00	7.252685e+02
5.070000e-06	8.025098e-10	4.078596e-09	4.579464e+00	7.134000e+02
5.080000e-06	7.850692e-10	4.010700e-09	4.479768e+00	7.014004e+02
5.090000e-06	7.675967e-10	3.942131e-09	4.379881e+00	6.892641e+02
5.100000e-06	7.500945e-10	3.873060e-09	4.279827e+00	6.769864e+02
5.110000e-06	7.325605e-10	3.803239e-09	4.179604e+00	6.645634e+02
5.120000e-06	7.149899e-10	3.732160e-09	4.079168e+00	6.519928e+02
5.130000e-06	6.973697e-10	3.659821e-09	3.978441e+00	6.392736e+02
5.140000e-06	6.796925e-10	3.586874e-09	3.877401e+00	6.264065e+02
5.150000e-06	6.619650e-10	3.513109e-09	3.776075e+00	6.133937e+02
5.160000e-06	6.441879e-10	3.438053e-09	3.674444e+00	6.002387e+02
5.170000e-06	6.263647e-10	3.361911e-09	3.572543e+00	5.869464e+02
5.180000e-06	6.085011e-10	3.284641e-09	3.470428e+00	5.735223e+02
5.190000e-06	5.906025e-10	3.206413e-09	3.368109e+00	5.599729e+02
5.200000e-06	5.726733e-10	3.127649e-09	3.265603e+00	5.463045e+02
5.210000e-06	5.547087e-10	3.048640e-09	3.162915e+00	5.325235e+02
5.220000e-06	5.367129e-10	2.969367e-09	3.060065e+00	5.186355e+02
5.230000e-06	5.186806e-10	2.889124e-09	2.956996e+00	5.046455e+02
5.240000e-06	5.006043e-10	2.807616e-09	2.853671e+00	4.905574e+02
5.250000e-06	4.824835e-10	2.725690e-09	2.750094e+00	4.763737e+02
5.260000e-06	4.643205e-10	2.643773e-09	2.646259e+00	4.620958e+02
5.270000e-06	4.461223e-10	2.561289e-09	2.542212e+00	4.477237e+02
5.280000e-06	4.278942e-10	2.478391e-09	2.438000e+00	4.332563e+02
5.290000e-06	4.096452e-10	2.395408e-09	2.333674e+00	4.186917e+02
5.300000e-06	3.913830e-10	2.311854e-09	2.229273e+00	4.040269e+02
5.310000e-06	3.731101e-10	2.227306e-09	2.124809e+00	3.892586e+02
5.320000e-06	3.548256e-10	2.142052e-09	2.020296e+00	3.743834e+02
5.330000e-06	3.365304e-10	2.056272e-09	1.915728e+00	3.593975e+02
5.340000e-06	3.182268e-10	1.969970e-09	1.811108e+00	3.442975e+02
5.350000e-06	2.999135e-10	1.883418e-09	1.706425e+00	3.290804e+02
5.360000e-06	2.815888e-10	1.796497e-09	1.601675e+00	3.137434e+02
5.370000e-06	2.632545e-10	1.708820e-09	1.496875e+00	2.982845e+02
5.380000e-06	2.449074e-10	1.620367e-09	1.392002e+00	2.827019e+02
5.390000e-06	2.265469e-10	1.531333e-09	1.287059e+00	2.669945e+02
5.400000e-06	2.081701e-10	1.441527e-09	1.182039e+00	2.511617e+02
5.410000e-06	1.897765e-10	1.350885e-09	1.076932e+00	2.352031e+02
5.420000e-06	1.713686e-10	1.259194e-09	9.717427e-01	2.191189e+02
5.430000e-06	1.529463e-10	1.166451e-09	8.664427e-01	2.029097e+02
5.440000e-06	1.345112e-10	1.073551e-09	7.610601e-01	1.865764e+02
5.450000e-06	1.160676e-10	9.808345e-10	6.556452e-01	1.701205e+02
5.460000e-06	9.761404e-11	8.881590e-10	5.501815e-01	1.535438e+02
5.470000e-06	7.915131e-11	7.949308e-10	4.446614e-01	1.368492e+02
5.480000e-06	6.067639e-11	7.001919e-10	3.390583e-01	1.200400e+02
5.490000e-06	4.219176e-11	6.037850e-10	2.333864e-01	1.031206e+02
5.500000e-06	2.370619e-11	5.067672e-10	1.277053e-01	8.609619e+01
5.510000e-06	5.217713e-12	4.094172e-10	2.202304e-02	6.897318e+01
5.520000e-06	-1.327357e-11	3.114181e-10	-8.367449e-02	5.175894e+01
5.530000e-06	-3.176447e-11	2.130832e-10	-1.893841e-01	3.446187e+01
5.540000e-06	-5.025452e-11	1.144809e-10	-2.950840e-01	1.709128e+01
5.550000e-06	-6.874198e-11	1.561546e-11	-4.007524e-01	-3.427211e-01
5.560000e-06	-8.721883e-11	-8.344556e-11	-5.063587e-01	-1.782944e+01
5.570000e-06	-1.056818e-10	-1.830050e-10	-6.118996e-01	-3.535776e+01
5.580000e-06	-1.241285e-10	-2.833042e-10	-7.173521e-01	-5.291639e+01
5.590000e-06	-1.425565e-10	-3.836771e-10	-8.226868e-01	-7.049404e+01
5.600000e-06	-1.609715e-10	-4.835595e-10	-9.279461e-01	-8.807959e+01
5.610000e-06	-1.793713e-10	-5.828999e-10	-1.033131e+00	-1.056622e+02
5.620000e-06	-1.977534e-10	-6.821234e-10	-1.138222e+00	-1.232315e+02
5.630000e-06	-2.161257e-10	-7.819119e-10	-1.243254e+00	-1.407774e+02
5.640000e-06	-2.344870e-10	-8.820817e-10	-1.348213e+00	-1.582902e+02
5.650000e-06	-2.528326e-10	-9.819888e-10	-1.453075e+00	-1.757604e+02
5.660000e-06	-2.711633e-10	-1.081195e-09	-1.557852e+00	-1.931789e+02
5.670000e-06	-2.894850e-10	-1.179577e-09	-1.662578e+00	-2.105363e+02
5.680000e-06	-3.077976e-10	-1.277289e-09	-1.767251e+00	-2.278233e+02
5.690000e-06	-3.260984e-10	-1.374744e-09	-1.871857e+00	-2.450304e+02
5.700000e-06	-3.443890e-10	-1.471942e-09	-1.976405e+00	-2.621481e+02
5.710000e-06	-3.626684e-10	-1.568845e-09	-2.080897e+00	-2.791664e+02
5.720000e-06	-3.809341e-10	-1.665083e-09	-2.185320e+00	-2.960757e+02
5.730000e-06	-3.991815e-10	-1.760358e-09	-2.289646e+00	-3.128663e+02
5.740000e-06	-4.174041e-10	-1.854914e-09	-2.393826e+00	-3.295290e+02
5.750000e-06	-4.355960e-10	-1.947955e-09	-2.497813e+00	-3.460556e+02
5.760000e-06	-4.537557e-10	-2.039680e-09	-2.601601e+00	-3.624387e+02
5.770000e-06	-4.718823e-10	-2.131231e-09	-2.705209e+00	-3.786724e+02
5.780000e-06	-4.899698e-10	-2.222896e-09	-2.808603e+00	-3.947526e+02
5.790000e-06	-5.080149e-10	-2.313820e-09	-2.911746e+00	-4.106768e+02
5.800000e-06	-5.260168e-10	-2.403554e-09	-3.014643e+00	-4.264448e+02
5.810000e-06	-5.439746e-10	-2.492555e-09	-3.117285e+00	-4.420581e+02
5.820000e-06	-5.618939e-10	-2.581216e-09	-3.219694e+00	-4.575202e+02
5.830000e-06	-5.797776e-10	-2.669903e-09	-3.321904e+00	-4.728361e+02
5.840000e-06	-5.976241e-10	-2.758011e-09	-3.423900e+00	-4.880118e+02
5.850000e-06	-6.154274e-10	-2.844529e-09	-3.525629e+00	-5.030542e+02
5.860000e-06	-6.331815e-10	-2.929800e-09	-3.627068e+00	-5.179700e+02
5.870000e-06	-6.508814e-10	-3.014879e-09	-3.728208e+00	-5.327656e+02
5.880000e-06	-6.685284e-10	-3.099711e-09	-3.829040e+00	-5.474463e+02
5.890000e-06	-6.861347e-10	-3.183886e-09	-3.929632e+00	-5.620159e+02
5.900000e-06	-7.037044e-10	-3.267469e-09	-4.030033e+00	-5.764764e+02
5.910000e-06	-7.212390e-10	-3.350763e-09	-4.130247e+00	-5.908276e+02
5.920000e-06	-7.387472e-10	-3.433506e-09	-4.230312e+00	-6.050669e+02
5.930000e-06	-7.562308e-10	-3.515258e-09	-4.330236e+00	-6.191899e+02
5.940000e-06	-7.736811e-10	-3.596147e-09	-4.429962e+00	-6.331902e+02
5.950000e-06	-7.910831e-10	-3.675916e-09	-4.529402e+00	-6.470599e+02
5.960000e-06	-8.084214e-10	-3.754743e-09	-4.628467e+00	-6.607901e+02
5.970000e-06	-8.256734e-10	-3.833036e-09	-4.727035e+00	-6.743716e+02
5.980000e-06	-8.428235e-10	-3.910497e-09	-4.825026e+00	-6.877955e+02
5.990000e-06	-8.598704e-10	-3.987160e-09	-4.922423e+00	-7.010538e+02
6.000000e-06	-8.768102e-10	-4.062308e-09	-5.019200e+00	-7.141396e+02
6.010000e-06	-8.936538e-10	-4.135150e-09	-5.115435e+00	-7.270482e+02
6.020000e-06	-9.104273e-10	-4.207032e-09	-5.211282e+00	-7.397770e+02
6.030000e-06	-9.271569e-10	-4.278895e-09	-5.306888e+00	-7.523255e+02
6.040000e-06	-9.438569e-10	-4.349801e-09	-5.402337e+00	-7.646957e+02
6.050000e-06	-9.605242e-10	-4.419251e-09	-5.497597e+00	-7.768916e+02
6.060000e-06	-9.771454e-10	-4.487551e-09	-5.592580e+00	-7.889191e+02
6.070000e-06	-9.936975e-10	-4.555228e-09	-5.687157e+00	-8.007856e+02
6.080000e-06	-1.010168e-09	-4.622138e-09	-5.781255e+00	-8.124992e+02
6.090000e-06	-1.026559e-09	-4.687610e-09	-5.874904e+00	-8.240687e+02
6.100000e-06	-1.042884e-09	-4.751958e-09	-5.968168e+00	-8.355026e+02
6.110000e-06	-1.059147e-09	-4.816520e-09	-6.061087e+00	-8.468091e+02
6.120000e-06	-1.075337e-09	-4.882279e-09	-6.153593e+00	-8.579953e+02
6.130000e-06	-1.091440e-09	-4.947580e-09	-6.245594e+00	-8.690673e+02
6.140000e-06	-1.107463e-09	-5.010632e-09	-6.337140e+00	-8.800298e+02
6.150000e-06	-1.123429e-09	-5.072449e-09	-6.428361e+00	-8.908861e+02
6.160000e-06	-1.139349e-09	-5.134970e-09	-6.519331e+00	-9.016384e+02
6.170000e-06	-1.155222e-09	-5.198019e-09	-6.610031e+00	-9.122874e+02
6.180000e-06	-1.171019e-09	-5.259620e-09	-6.700276e+00	-9.228331e+02
6.190000e-06	-1.186690e-09	-5.319259e-09	-6.789760e+00	-9.332747e+02
6.200000e-06	-1.202210e-09	-5.378129e-09	-6.878341e+00	-9.436108e+02
6.210000e-06	-1.217581e-09	-5.437424e-09	-6.966094e+00	-9.538400e+02
6.220000e-06	-1.232828e-09	-5.496713e-09	-7.053171e+00	-9.639606e+02
6.230000e-06	-1.247987e-09	-5.554649e-09	-7.139762e+00	-9.739708e+02
6.240000e-06	-1.263067e-09	-5.610898e-09	-7.225921e+00	-9.838693e+02
6.250000e-06	-1.278061e-09	-5.666566e-09	-7.311572e+00	-9.936544e+02
6.260000e-06	-1.292949e-09	-5.722537e-09	-7.396621e+00	-1.003325e+03
6.270000e-06	-1.307735e-09	-5.777988e-09	-7.481096e+00	-1.012879e+03
6.280000e-06	-1.322440e-09	-5.831668e-09	-7.565119e+00	-1.022316e+03
6.290000e-06	-1.337065e-09	-5.883704e-09	-7.648674e+00	-1.031632e+03
6.300000e-06	-1.351588e-09	-5.935350e-09	-7.731635e+00	-1.040827e+03
6.310000e-06	-1.366007e-09	-5.987700e-09	-7.814012e+00	-1.049898e+03
6.320000e-06	-1.380350e-09	-6.040153e-09	-7.895984e+00	-1.058841e+03
6.330000e-06	-1.394644e-09	-6.090956e-09	-7.977673e+00	-1.067655e+03
6.340000e-06	-1.408872e-09	-6.139609e-09	-8.058989e+00	-1.076335e+03
6.350000e-06	-1.422995e-09	-6.187631e-09	-8.139690e+00	-1.084880e+03
6.360000e-06	-1.436975e-09	-6.235857e-09	-8.219559e+00	-1.093288e+03
6.370000e-06	-1.450786e-09	-6.283327e-09	-8.298459e+00	-1.101556e+03
6.380000e-06	-1.464438e-09	-6.329351e-09	-8.376468e+00	-1.109685e+03
6.390000e-06	-1.477987e-09	-6.374432e-09	-8.453906e+00	-1.117673e+03
6.400000e-06	-1.491471e-09	-6.419625e-09	-8.530979e+00	-1.125524e+03
6.410000e-06	-1.504876e-09	-6.464519e-09	-8.607599e+00	-1.133240e+03
6.420000e-06	-1.518178e-09	-6.508195e-09	-8.683624e+00	-1.140825e+03
6.430000e-06	-1.531375e-09	-6.550418e-09	-8.759045e+00	-1.148283e+03
6.440000e-06	-1.544475e-09	-6.591362e-09	-8.833913e+00	-1.155622e+03
6.450000e-06	-1.557474e-09	-6.632238e-09	-8.908203e+00	-1.162847e+03
6.460000e-06	-1.570355e-09	-6.673511e-09	-8.981814e+00	-1.169965e+03
6.470000e-06	-1.583128e-09	-6.713997e-09	-9.054809e+00	-1.176983e+03
6.480000e-06	-1.595823e-09	-6.753461e-09	-9.127370e+00	-1.183907e+03
6.490000e-06	-1.608436e-09	-6.792884e-09	-9.199460e+00	-1.190744e+03
6.500000e-06	-1.620929e-09	-6.832127e-09	-9.270854e+00	-1.197497e+03
6.510000e-06	-1.633266e-09	-6.870592e-09	-9.341362e+00	-1.204172e+03
6.520000e-06	-1.645426e-09	-6.908728e-09	-9.410847e+00	-1.210772e+03
6.530000e-06	-1.657431e-09	-6.946290e-09	-9.479458e+00	-1.217297e+03
6.540000e-06	-1.669344e-09	-6.982739e-09	-9.547547e+00	-1.223749e+03
6.550000e-06	-1.681175e-09	-7.018827e-09	-9.615155e+00	-1.230128e+03
6.560000e-06	-1.692893e-09	-7.055143e-09	-9.682108e+00	-1.236434e+03
6.570000e-06	-1.704491e-09	-7.091366e-09	-9.748373e+00	-1.242666e+03
6.580000e-06	-1.715972e-09	-7.127457e-09	-9.813971e+00	-1.248822e+03
6.590000e-06	-1.727324e-09	-7.162808e-09	-9.878827e+00	-1.254902e+03
6.600000e-06	-1.738549e-09	-7.196986e-09	-9.942965e+00	-1.260905e+03
6.610000e-06	-1.749680e-09	-7.231166e-09	-1.000658e+01	-1.266829e+03
6.620000e-06	-1.760723e-09	-7.265719e-09	-1.006968e+01	-1.272674e+03
6.630000e-06	-1.771629e-09	-7.299298e-09	-1.013197e+01	-1.278441e+03
6.640000e-06	-1.782341e-09	-7.331461e-09	-1.019314e+01	-1.284128e+03
6.650000e-06	-1.792856e-09	-7.363184e-09	-1.025317e+01	-1.289735e+03
6.660000e-06	-1.803215e-09	-7.394635e-09	-1.031237e+01	-1.295263e+03
6.670000e-06	-1.813450e-09	-7.425340e-09	-1.037086e+01	-1.300709e+03
6.680000e-06	-1.823547e-09	-7.455726e-09	-1.042856e+01	-1.306074e+03
6.690000e-06	-1.833506e-09	-7.486297e-09	-1.048547e+01	-1.311354e+03
6.700000e-06	-1.843316e-09	-7.516762e-09	-1.054152e+01	-1.316549e+03
6.710000e-06	-1.852928e-09	-7.546939e-09	-1.059643e+01	-1.321655e+03
6.720000e-06	-1.862331e-09	-7.576006e-09	-1.065014e+01	-1.326668e+03
6.730000e-06	-1.871585e-09	-7.603284e-09	-1.070301e+01	-1.331586e+03
6.740000e-06	-1.880744e-09	-7.629359e-09	-1.075534e+01	-1.336404e+03
6.750000e-06	-1.889813e-09	-7.655182e-09	-1.080716e+01	-1.341120e+03
6.760000e-06	-1.898761e-09	-7.681494e-09	-1.085827e+01	-1.345728e+03
6.770000e-06	-1.907576e-09	-7.707697e-09	-1.090864e+01	-1.350228e+03
6.780000e-06	-1.916298e-09	-7.732683e-09	-1.095847e+01	-1.354617e+03
6.790000e-06	-1.924928e-09	-7.756691e-09	-1.100779e+01	-1.358895e+03
6.800000e-06	-1.933427e-09	-7.780500e-09	-1.105634e+01	-1.363061e+03
6.810000e-06	-1.941794e-09	-7.803741e-09	-1.110413e+01	-1.367116e+03
6.820000e-06	-1.950037e-09	-7.825904e-09	-1.115122e+01	-1.371064e+03
6.830000e-06	-1.958135e-09	-7.847122e-09	-1.119746e+01	-1.374908e+03
6.840000e-06	-1.966107e-09	-7.867750e-09	-1.124300e+01	-1.378651e+03
6.850000e-06	-1.973993e-09	-7.888298e-09	-1.128805e+01	-1.382298e+03
6.860000e-06	-1.981754e-09	-7.909364e-09	-1.133239e+01	-1.385853e+03
6.870000e-06	-1.989327e-09	-7.930659e-09	-1.137563e+01	-1.389323e+03
6.880000e-06	-1.996690e-09	-7.950696e-09	-1.141766e+01	-1.392711e+03
6.890000e-06	-2.003887e-09	-7.969421e-09	-1.145878e+01	-1.396021e+03
6.900000e-06	-2.010977e-09	-7.988099e-09	-1.149931e+01	-1.399257e+03
6.910000e-06	-2.017948e-09	-8.006708e-09	-1.153914e+01	-1.402423e+03
6.920000e-06	-2.024775e-09	-8.024518e-09	-1.157813e+01	-1.405519e+03
6.930000e-06	-2.031460e-09	-8.041927e-09	-1.161629e+01	-1.408548e+03
6.940000e-06	-2.037996e-09	-8.059702e-09	-1.165361e+01	-1.411511e+03
6.950000e-06	-2.044397e-09	-8.077835e-09	-1.169015e+01	-1.414408e+03
6.960000e-06	-2.050694e-09	-8.095709e-09	-1.172610e+01	-1.417239e+03
6.970000e-06	-2.056857e-09	-8.112713e-09	-1.176128e+01	-1.420004e+03
6.980000e-06	-2.062818e-09	-8.129021e-09	-1.179527e+01	-1.422703e+03
6.990000e-06	-2.068555e-09	-8.145227e-09	-1.182798e+01	-1.425335e+03
7.000000e-06	-2.074131e-09	-8.161371e-09	-1.185980e+01	-1.427901e+03
7.010000e-06	-2.079600e-09	-8.176940e-09	-1.189104e+01	-1.430402e+03
7.020000e-06	-2.084945e-09	-8.191522e-09	-1.192155e+01	-1.432838e+03
7.030000e-06	-2.090138e-09	-8.204981e-09	-1.195118e+01	-1.435210e+03
7.040000e-06	-2.095179e-09	-8.218050e-09	-1.197994e+01	-1.437520e+03
7.050000e-06	-2.100066e-09	-8.231829e-09	-1.200782e+01	-1.439769e+03
7.060000e-06	-2.104828e-09	-8.245836e-09	-1.203500e+01	-1.441959e+03
7.070000e-06	-2.109494e-09	-8.259086e-09	-1.206162e+01	-1.444091e+03
7.080000e-06	-2.114011e-09	-8.271300e-09	-1.208737e+01	-1.446167e+03
7.090000e-06	-2.118301e-09	-8.283057e-09	-1.211179e+01	-1.448188e+03
7.100000e-06	-2.122372e-09	-8.295297e-09	-1.213500e+01	-1.450154e+03
7.110000e-06	-2.126309e-09	-8.307309e-09	-1.215748e+01	-1.452066e+03
7.120000e-06	-2.130141e-09	-8.318344e-09	-1.217932e+01	-1.453923e+03
7.130000e-06	-2.133832e-09	-8.328662e-09	-1.220035e+01	-1.455726e+03
7.140000e-06	-2.137381e-09	-8.338757e-09	-1.222059e+01	-1.457472e+03
7.150000e-06	-2.140790e-09	-8.349446e-09	-1.224002e+01	-1.459161e+03
7.160000e-06	-2.144045e-09	-8.360138e-09	-1.225858e+01	-1.460790e+03
7.170000e-06	-2.147183e-09	-8.369535e-09	-1.227648e+01	-1.462357e+03
7.180000e-06	-2.150205e-09	-8.377865e-09	-1.229369e+01	-1.463860e+03
7.190000e-06	-2.153025e-09	-8.386043e-09	-1.230969e+01	-1.465296e+03
7.200000e-06	-2.155590e-09	-8.394210e-09	-1.232422e+01	-1.466664e+03
7.210000e-06	-2.157957e-09	-8.402404e-09	-1.233768e+01	-1.467960e+03
7.220000e-06	-2.160175e-09	-8.409794e-09	-1.235030e+01	-1.469182e+03
7.230000e-06	-2.162236e-09	-8.415833e-09	-1.236203e+01	-1.470327e+03
7.240000e-06	-2.164151e-09	-8.421580e-09	-1.237292e+01	-1.471394e+03
7.250000e-06	-2.165918e-09	-8.427864e-09	-1.238296e+01	-1.472381e+03
7.260000e-06	-2.167535e-09	-8.433721e-09	-1.239215e+01	-1.473285e+03
7.270000e-06	-2.169039e-09	-8.437631e-09	-1.240070e+01	-1.474104e+03
7.280000e-06	-2.170421e-09	-8.440488e-09	-1.240854e+01	-1.474838e+03
7.290000e-06	-2.171609e-09	-8.443381e-09	-1.241525e+01	-1.475486e+03
7.300000e-06	-2.172565e-09	-8.446612e-09	-1.242066e+01	-1.476046e+03
7.310000e-06	-2.173349e-09	-8.450332e-09	-1.242510e+01	-1.476519e+03
7.320000e-06	-2.174015e-09	-8.453471e-09	-1.242886e+01	-1.476904e+03
7.330000e-06	-2.174530e-09	-8.456033e-09	-1.243173e+01	-1.477201e+03
7.340000e-06	-2.174824e-09	-8.457124e-09	-1.243330e+01	-1.477412e+03
7.350000e-06	-2.174878e-09	-8.453377e-09	-1.243353e+01	-1.477537e+03
