# Concentracion g/m^3_=_53300.0
# C_Vs_to_Am_M_A/Vsm_=_128687336408.14134
# pendiente_HvsI_1/m_=_3716.3
# ordenada_HvsI_A/m_=_1297.0
# frecuencia_Hz_=_136220.46314019774
# Promedio de 29 ciclos

Tiempo_(s)	Campo_(V.s)	Magnetizacion_(V.s)	Campo_(kA/m)	Magnetizacion_(A/m)
0.000000e+00	-6.426611e-09	-1.673077e-08	-3.466503e+01	-2.692242e+03
1.000000e-08	-6.426804e-09	-1.672954e-08	-3.466600e+01	-2.692129e+03
2.000000e-08	-6.426687e-09	-1.672755e-08	-3.466525e+01	-2.691909e+03
3.000000e-08	-6.426141e-09	-1.672493e-08	-3.466211e+01	-2.691587e+03
4.000000e-08	-6.425000e-09	-1.672201e-08	-3.465569e+01	-2.691166e+03
5.000000e-08	-6.423166e-09	-1.671926e-08	-3.464556e+01	-2.690650e+03
6.000000e-08	-6.420655e-09	-1.671705e-08	-3.463186e+01	-2.690043e+03
7.000000e-08	-6.417549e-09	-1.671494e-08	-3.461502e+01	-2.689348e+03
8.000000e-08	-6.413936e-09	-1.670817e-08	-3.459545e+01	-2.688568e+03
9.000000e-08	-6.409810e-09	-1.669649e-08	-3.457305e+01	-2.687704e+03
1.000000e-07	-6.405130e-09	-1.669325e-08	-3.454759e+01	-2.686757e+03
1.100000e-07	-6.400018e-09	-1.669657e-08	-3.451986e+01	-2.685728e+03
1.200000e-07	-6.394671e-09	-1.668310e-08	-3.449099e+01	-2.684617e+03
1.300000e-07	-6.389075e-09	-1.666320e-08	-3.446071e+01	-2.683422e+03
1.400000e-07	-6.382993e-09	-1.666460e-08	-3.442772e+01	-2.682143e+03
1.500000e-07	-6.376338e-09	-1.667087e-08	-3.439173e+01	-2.680778e+03
1.600000e-07	-6.369289e-09	-1.664968e-08	-3.435374e+01	-2.679326e+03
1.700000e-07	-6.361983e-09	-1.662326e-08	-3.431430e+01	-2.677784e+03
1.800000e-07	-6.354352e-09	-1.662479e-08	-3.427301e+01	-2.676150e+03
1.900000e-07	-6.346329e-09	-1.662876e-08	-3.422962e+01	-2.674424e+03
2.000000e-07	-6.337922e-09	-1.660423e-08	-3.418415e+01	-2.672602e+03
2.100000e-07	-6.328956e-09	-1.657937e-08	-3.413553e+01	-2.670684e+03
2.200000e-07	-6.319168e-09	-1.658119e-08	-3.408239e+01	-2.668668e+03
2.300000e-07	-6.308563e-09	-1.657727e-08	-3.402493e+01	-2.666552e+03
2.400000e-07	-6.297363e-09	-1.654756e-08	-3.396434e+01	-2.664336e+03
2.500000e-07	-6.285690e-09	-1.652584e-08	-3.390126e+01	-2.662019e+03
2.600000e-07	-6.273533e-09	-1.652467e-08	-3.383560e+01	-2.659600e+03
2.700000e-07	-6.260891e-09	-1.650926e-08	-3.376735e+01	-2.657080e+03
2.800000e-07	-6.247775e-09	-1.647999e-08	-3.369657e+01	-2.654458e+03
2.900000e-07	-6.234150e-09	-1.646836e-08	-3.362306e+01	-2.651735e+03
3.000000e-07	-6.219983e-09	-1.645998e-08	-3.354667e+01	-2.648911e+03
3.100000e-07	-6.205222e-09	-1.642985e-08	-3.346712e+01	-2.645987e+03
3.200000e-07	-6.189767e-09	-1.640611e-08	-3.338371e+01	-2.642965e+03
3.300000e-07	-6.173618e-09	-1.640168e-08	-3.329649e+01	-2.639845e+03
3.400000e-07	-6.156947e-09	-1.638069e-08	-3.320657e+01	-2.636628e+03
3.500000e-07	-6.139919e-09	-1.634394e-08	-3.311473e+01	-2.633315e+03
3.600000e-07	-6.122582e-09	-1.632905e-08	-3.302120e+01	-2.629905e+03
3.700000e-07	-6.104912e-09	-1.632031e-08	-3.292588e+01	-2.626400e+03
3.800000e-07	-6.086840e-09	-1.628690e-08	-3.282838e+01	-2.622799e+03
3.900000e-07	-6.068313e-09	-1.625515e-08	-3.272839e+01	-2.619101e+03
4.000000e-07	-6.049321e-09	-1.624316e-08	-3.262581e+01	-2.615306e+03
4.100000e-07	-6.029916e-09	-1.622050e-08	-3.252101e+01	-2.611410e+03
4.200000e-07	-6.010212e-09	-1.618531e-08	-3.241468e+01	-2.607414e+03
4.300000e-07	-5.990268e-09	-1.616372e-08	-3.230704e+01	-2.603315e+03
4.400000e-07	-5.970050e-09	-1.614227e-08	-3.219787e+01	-2.599111e+03
4.500000e-07	-5.949462e-09	-1.610668e-08	-3.208671e+01	-2.594799e+03
4.600000e-07	-5.928424e-09	-1.607824e-08	-3.197316e+01	-2.590379e+03
4.700000e-07	-5.906937e-09	-1.605738e-08	-3.185718e+01	-2.585849e+03
4.800000e-07	-5.885033e-09	-1.602400e-08	-3.173895e+01	-2.581208e+03
4.900000e-07	-5.862717e-09	-1.598975e-08	-3.161849e+01	-2.576454e+03
5.000000e-07	-5.839938e-09	-1.596500e-08	-3.149559e+01	-2.571588e+03
5.100000e-07	-5.816724e-09	-1.593365e-08	-3.137038e+01	-2.566609e+03
5.200000e-07	-5.793183e-09	-1.589681e-08	-3.124333e+01	-2.561518e+03
5.300000e-07	-5.769367e-09	-1.586692e-08	-3.111473e+01	-2.556315e+03
5.400000e-07	-5.745227e-09	-1.583423e-08	-3.098441e+01	-2.551001e+03
5.500000e-07	-5.720634e-09	-1.579609e-08	-3.085161e+01	-2.545576e+03
5.600000e-07	-5.695430e-09	-1.576345e-08	-3.071543e+01	-2.540040e+03
5.700000e-07	-5.669554e-09	-1.573034e-08	-3.057565e+01	-2.534395e+03
5.800000e-07	-5.643065e-09	-1.569132e-08	-3.043269e+01	-2.528638e+03
5.900000e-07	-5.616055e-09	-1.565607e-08	-3.028695e+01	-2.522770e+03
6.000000e-07	-5.588634e-09	-1.562084e-08	-3.013900e+01	-2.516790e+03
6.100000e-07	-5.560923e-09	-1.557872e-08	-2.998953e+01	-2.510696e+03
6.200000e-07	-5.532971e-09	-1.553930e-08	-2.983867e+01	-2.504486e+03
6.300000e-07	-5.504711e-09	-1.550251e-08	-2.968607e+01	-2.498159e+03
6.400000e-07	-5.476064e-09	-1.545934e-08	-2.953140e+01	-2.491711e+03
6.500000e-07	-5.446993e-09	-1.541715e-08	-2.937447e+01	-2.485140e+03
6.600000e-07	-5.417519e-09	-1.537944e-08	-2.921538e+01	-2.478444e+03
6.700000e-07	-5.387681e-09	-1.533633e-08	-2.905437e+01	-2.471619e+03
6.800000e-07	-5.357469e-09	-1.529036e-08	-2.889129e+01	-2.464663e+03
6.900000e-07	-5.326829e-09	-1.524776e-08	-2.872584e+01	-2.457573e+03
7.000000e-07	-5.295769e-09	-1.520226e-08	-2.855821e+01	-2.450347e+03
7.100000e-07	-5.264398e-09	-1.515365e-08	-2.838895e+01	-2.442982e+03
7.200000e-07	-5.232784e-09	-1.510827e-08	-2.821840e+01	-2.435476e+03
7.300000e-07	-5.200958e-09	-1.506193e-08	-2.804667e+01	-2.427826e+03
7.400000e-07	-5.168888e-09	-1.501179e-08	-2.787355e+01	-2.420031e+03
7.500000e-07	-5.136438e-09	-1.496279e-08	-2.769838e+01	-2.412089e+03
7.600000e-07	-5.103466e-09	-1.491346e-08	-2.752040e+01	-2.403997e+03
7.700000e-07	-5.069906e-09	-1.486047e-08	-2.733919e+01	-2.395756e+03
7.800000e-07	-5.035747e-09	-1.480768e-08	-2.715468e+01	-2.387364e+03
7.900000e-07	-5.001028e-09	-1.475563e-08	-2.696725e+01	-2.378820e+03
8.000000e-07	-4.965862e-09	-1.470096e-08	-2.677748e+01	-2.370125e+03
8.100000e-07	-4.930368e-09	-1.464465e-08	-2.658596e+01	-2.361279e+03
8.200000e-07	-4.894631e-09	-1.458838e-08	-2.639313e+01	-2.352282e+03
8.300000e-07	-4.858675e-09	-1.453122e-08	-2.619911e+01	-2.343135e+03
8.400000e-07	-4.822464e-09	-1.447370e-08	-2.600369e+01	-2.333840e+03
8.500000e-07	-4.785933e-09	-1.441592e-08	-2.580651e+01	-2.324398e+03
8.600000e-07	-4.749048e-09	-1.435633e-08	-2.560740e+01	-2.314810e+03
8.700000e-07	-4.711810e-09	-1.429516e-08	-2.540646e+01	-2.305076e+03
8.800000e-07	-4.674238e-09	-1.423387e-08	-2.520372e+01	-2.295197e+03
8.900000e-07	-4.636346e-09	-1.417217e-08	-2.499922e+01	-2.285172e+03
9.000000e-07	-4.598126e-09	-1.410886e-08	-2.479284e+01	-2.275000e+03
9.100000e-07	-4.559543e-09	-1.404369e-08	-2.458443e+01	-2.264679e+03
9.200000e-07	-4.520594e-09	-1.397795e-08	-2.437412e+01	-2.254205e+03
9.300000e-07	-4.481316e-09	-1.391275e-08	-2.416214e+01	-2.243574e+03
9.400000e-07	-4.441786e-09	-1.384699e-08	-2.394886e+01	-2.232780e+03
9.500000e-07	-4.402070e-09	-1.377912e-08	-2.373453e+01	-2.221818e+03
9.600000e-07	-4.362166e-09	-1.370941e-08	-2.351912e+01	-2.210682e+03
9.700000e-07	-4.322022e-09	-1.363877e-08	-2.330241e+01	-2.199365e+03
9.800000e-07	-4.281564e-09	-1.356720e-08	-2.308405e+01	-2.187862e+03
9.900000e-07	-4.240746e-09	-1.349439e-08	-2.286376e+01	-2.176168e+03
1.000000e-06	-4.199515e-09	-1.342021e-08	-2.264121e+01	-2.164279e+03
1.010000e-06	-4.157815e-09	-1.334483e-08	-2.241614e+01	-2.152192e+03
1.020000e-06	-4.115633e-09	-1.326848e-08	-2.218850e+01	-2.139905e+03
1.030000e-06	-4.072987e-09	-1.319099e-08	-2.195840e+01	-2.127419e+03
1.040000e-06	-4.029925e-09	-1.311198e-08	-2.172607e+01	-2.114734e+03
1.050000e-06	-3.986549e-09	-1.303110e-08	-2.149203e+01	-2.101853e+03
1.060000e-06	-3.942948e-09	-1.294877e-08	-2.125680e+01	-2.088779e+03
1.070000e-06	-3.899160e-09	-1.286595e-08	-2.102053e+01	-2.075513e+03
1.080000e-06	-3.855189e-09	-1.278262e-08	-2.078327e+01	-2.062060e+03
1.090000e-06	-3.811003e-09	-1.269807e-08	-2.054484e+01	-2.048420e+03
1.100000e-06	-3.766583e-09	-1.261160e-08	-2.030512e+01	-2.034594e+03
1.110000e-06	-3.721900e-09	-1.252357e-08	-2.006402e+01	-2.020582e+03
1.120000e-06	-3.676944e-09	-1.243496e-08	-1.982143e+01	-2.006380e+03
1.130000e-06	-3.631747e-09	-1.234619e-08	-1.957749e+01	-1.991984e+03
1.140000e-06	-3.586325e-09	-1.225664e-08	-1.933234e+01	-1.977388e+03
1.150000e-06	-3.540664e-09	-1.216537e-08	-1.908595e+01	-1.962582e+03
1.160000e-06	-3.494761e-09	-1.207211e-08	-1.883828e+01	-1.947557e+03
1.170000e-06	-3.448605e-09	-1.197746e-08	-1.858931e+01	-1.932303e+03
1.180000e-06	-3.402177e-09	-1.188156e-08	-1.833892e+01	-1.916809e+03
1.190000e-06	-3.355501e-09	-1.178362e-08	-1.808715e+01	-1.901063e+03
1.200000e-06	-3.308566e-09	-1.168290e-08	-1.783397e+01	-1.885056e+03
1.210000e-06	-3.261378e-09	-1.158000e-08	-1.757941e+01	-1.868780e+03
1.220000e-06	-3.213991e-09	-1.147631e-08	-1.732376e+01	-1.852226e+03
1.230000e-06	-3.166435e-09	-1.137112e-08	-1.706718e+01	-1.835390e+03
1.240000e-06	-3.118720e-09	-1.126333e-08	-1.680976e+01	-1.818268e+03
1.250000e-06	-3.070860e-09	-1.115381e-08	-1.655165e+01	-1.800857e+03
1.260000e-06	-3.022852e-09	-1.104325e-08	-1.629273e+01	-1.783159e+03
1.270000e-06	-2.974655e-09	-1.093178e-08	-1.603283e+01	-1.765172e+03
1.280000e-06	-2.926224e-09	-1.081960e-08	-1.577171e+01	-1.746899e+03
1.290000e-06	-2.877533e-09	-1.070615e-08	-1.550917e+01	-1.728340e+03
1.300000e-06	-2.828550e-09	-1.059056e-08	-1.524505e+01	-1.709495e+03
1.310000e-06	-2.779235e-09	-1.047259e-08	-1.497910e+01	-1.690364e+03
1.320000e-06	-2.729551e-09	-1.035260e-08	-1.471118e+01	-1.670945e+03
1.330000e-06	-2.679491e-09	-1.023082e-08	-1.444122e+01	-1.651233e+03
1.340000e-06	-2.629082e-09	-1.010726e-08	-1.416931e+01	-1.631221e+03
1.350000e-06	-2.578358e-09	-9.981505e-09	-1.389576e+01	-1.610903e+03
1.360000e-06	-2.527354e-09	-9.853370e-09	-1.362076e+01	-1.590267e+03
1.370000e-06	-2.476119e-09	-9.723097e-09	-1.334450e+01	-1.569304e+03
1.380000e-06	-2.424708e-09	-9.591125e-09	-1.306724e+01	-1.547999e+03
1.390000e-06	-2.373145e-09	-9.456989e-09	-1.278914e+01	-1.526342e+03
1.400000e-06	-2.321436e-09	-9.320256e-09	-1.251027e+01	-1.504318e+03
1.410000e-06	-2.269591e-09	-9.181309e-09	-1.223068e+01	-1.481915e+03
1.420000e-06	-2.217607e-09	-9.040737e-09	-1.195035e+01	-1.459121e+03
1.430000e-06	-2.165475e-09	-8.898619e-09	-1.166924e+01	-1.435926e+03
1.440000e-06	-2.113190e-09	-8.753473e-09	-1.138731e+01	-1.412319e+03
1.450000e-06	-2.060743e-09	-8.604396e-09	-1.110454e+01	-1.388290e+03
1.460000e-06	-2.008125e-09	-8.452269e-09	-1.082089e+01	-1.363831e+03
1.470000e-06	-1.955329e-09	-8.297622e-09	-1.053624e+01	-1.338935e+03
1.480000e-06	-1.902360e-09	-8.139964e-09	-1.025061e+01	-1.313594e+03
1.490000e-06	-1.849234e-09	-7.978945e-09	-9.964134e+00	-1.287798e+03
1.500000e-06	-1.795966e-09	-7.814666e-09	-9.676912e+00	-1.261541e+03
1.510000e-06	-1.742578e-09	-7.647635e-09	-9.389059e+00	-1.234811e+03
1.520000e-06	-1.689092e-09	-7.478320e-09	-9.100659e+00	-1.207598e+03
1.530000e-06	-1.635512e-09	-7.306272e-09	-8.811775e+00	-1.179892e+03
1.540000e-06	-1.581832e-09	-7.130978e-09	-8.522367e+00	-1.151678e+03
1.550000e-06	-1.528059e-09	-6.952462e-09	-8.232429e+00	-1.122943e+03
1.560000e-06	-1.474211e-09	-6.770538e-09	-7.942079e+00	-1.093672e+03
1.570000e-06	-1.420264e-09	-6.585198e-09	-7.651226e+00	-1.063851e+03
1.580000e-06	-1.366201e-09	-6.396587e-09	-7.359769e+00	-1.033463e+03
1.590000e-06	-1.312031e-09	-6.204230e-09	-7.067721e+00	-1.002495e+03
1.600000e-06	-1.257782e-09	-6.007449e-09	-6.775205e+00	-9.709311e+02
1.610000e-06	-1.203455e-09	-5.806228e-09	-6.482237e+00	-9.387570e+02
1.620000e-06	-1.149021e-09	-5.601293e-09	-6.188720e+00	-9.059588e+02
1.630000e-06	-1.094472e-09	-5.393123e-09	-5.894645e+00	-8.725231e+02
1.640000e-06	-1.039813e-09	-5.181355e-09	-5.599957e+00	-8.384364e+02
1.650000e-06	-9.850711e-10	-4.965517e-09	-5.304707e+00	-8.036853e+02
1.660000e-06	-9.302821e-10	-4.744977e-09	-5.009114e+00	-7.682560e+02
1.670000e-06	-8.754301e-10	-4.519493e-09	-4.713221e+00	-7.321341e+02
1.680000e-06	-8.204991e-10	-4.289254e-09	-4.417036e+00	-6.953043e+02
1.690000e-06	-7.655186e-10	-4.054540e-09	-4.120639e+00	-6.577509e+02
1.700000e-06	-7.105063e-10	-3.815913e-09	-3.824019e+00	-6.194576e+02
1.710000e-06	-6.554462e-10	-3.573475e-09	-3.527131e+00	-5.804081e+02
1.720000e-06	-6.003351e-10	-3.326598e-09	-3.229938e+00	-5.405869e+02
1.730000e-06	-5.451739e-10	-3.073911e-09	-2.932436e+00	-4.999806e+02
1.740000e-06	-4.899592e-10	-2.814613e-09	-2.634663e+00	-4.585786e+02
1.750000e-06	-4.347056e-10	-2.549822e-09	-2.336673e+00	-4.163753e+02
1.760000e-06	-3.794231e-10	-2.280901e-09	-2.038474e+00	-3.733710e+02
1.770000e-06	-3.241108e-10	-2.008184e-09	-1.740135e+00	-3.295739e+02
1.780000e-06	-2.687824e-10	-1.731289e-09	-1.441719e+00	-2.850019e+02
1.790000e-06	-2.134528e-10	-1.449957e-09	-1.143254e+00	-2.396832e+02
1.800000e-06	-1.581225e-10	-1.164620e-09	-8.448224e-01	-1.936582e+02
1.810000e-06	-1.027886e-10	-8.752348e-10	-5.464327e-01	-1.469795e+02
1.820000e-06	-4.746218e-11	-5.815916e-10	-2.480943e-01	-9.971252e+01
1.830000e-06	7.846831e-12	-2.841059e-10	5.011371e-02	-5.193527e+01
1.840000e-06	6.315082e-11	1.632094e-11	3.483323e-01	-3.737267e+00
1.850000e-06	1.184645e-10	3.184139e-10	6.467018e-01	4.478153e+01
1.860000e-06	1.737973e-10	6.213908e-10	9.451339e-01	9.351256e+01
1.870000e-06	2.291287e-10	9.250673e-10	1.243585e+00	1.423408e+02
1.880000e-06	2.844494e-10	1.229053e-09	1.542019e+00	1.911470e+02
1.890000e-06	3.397598e-10	1.531995e-09	1.840398e+00	2.398109e+02
1.900000e-06	3.950473e-10	1.832447e-09	2.138676e+00	2.882130e+02
1.910000e-06	4.503087e-10	2.129950e-09	2.436781e+00	3.362380e+02
1.920000e-06	5.055294e-10	2.424404e-09	2.734643e+00	3.837768e+02
1.930000e-06	5.607040e-10	2.715336e-09	3.032268e+00	4.307286e+02
1.940000e-06	6.158311e-10	3.001411e-09	3.329585e+00	4.770032e+02
1.950000e-06	6.708928e-10	3.281692e-09	3.626455e+00	5.225218e+02
1.960000e-06	7.258813e-10	3.556319e-09	3.922915e+00	5.672181e+02
1.970000e-06	7.808186e-10	3.825751e-09	4.219131e+00	6.110388e+02
1.980000e-06	8.357206e-10	4.090421e-09	4.515185e+00	6.539438e+02
1.990000e-06	8.905678e-10	4.350007e-09	4.810969e+00	6.959050e+02
2.000000e-06	9.453461e-10	4.603177e-09	5.106402e+00	7.369067e+02
2.010000e-06	1.000063e-09	4.849487e-09	5.401489e+00	7.769433e+02
2.020000e-06	1.054710e-09	5.090118e-09	5.696173e+00	8.160190e+02
2.030000e-06	1.109280e-09	5.325807e-09	5.990397e+00	8.541456e+02
2.040000e-06	1.163768e-09	5.555941e-09	6.284174e+00	8.913416e+02
2.050000e-06	1.218144e-09	5.779848e-09	6.577355e+00	9.276303e+02
2.060000e-06	1.272408e-09	5.998278e-09	6.869948e+00	9.630385e+02
2.070000e-06	1.326588e-09	6.211948e-09	7.162064e+00	9.975953e+02
2.080000e-06	1.380679e-09	6.420554e-09	7.453667e+00	1.031331e+03
2.090000e-06	1.434662e-09	6.623688e-09	7.744743e+00	1.064276e+03
2.100000e-06	1.488534e-09	6.821312e-09	8.035246e+00	1.096459e+03
2.110000e-06	1.542311e-09	7.014056e-09	8.325261e+00	1.127909e+03
2.120000e-06	1.596003e-09	7.203001e-09	8.614851e+00	1.158652e+03
2.130000e-06	1.649605e-09	7.389109e-09	8.903949e+00	1.188713e+03
2.140000e-06	1.703111e-09	7.571863e-09	9.192445e+00	1.218115e+03
2.150000e-06	1.756500e-09	7.749599e-09	9.480284e+00	1.246880e+03
2.160000e-06	1.809743e-09	7.922532e-09	9.767380e+00	1.275025e+03
2.170000e-06	1.862837e-09	8.092087e-09	1.005361e+01	1.302569e+03
2.180000e-06	1.915779e-09	8.258815e-09	1.033899e+01	1.329529e+03
2.190000e-06	1.968562e-09	8.422538e-09	1.062351e+01	1.355922e+03
2.200000e-06	2.021181e-09	8.582939e-09	1.090713e+01	1.381763e+03
2.210000e-06	2.073632e-09	8.739554e-09	1.118979e+01	1.407067e+03
2.220000e-06	2.125912e-09	8.892198e-09	1.147150e+01	1.431851e+03
2.230000e-06	2.178020e-09	9.041625e-09	1.175240e+01	1.456132e+03
2.240000e-06	2.229987e-09	9.188192e-09	1.203265e+01	1.479925e+03
2.250000e-06	2.281831e-09	9.331707e-09	1.231215e+01	1.503248e+03
2.260000e-06	2.333520e-09	9.472579e-09	1.259079e+01	1.526119e+03
2.270000e-06	2.385042e-09	9.611571e-09	1.286864e+01	1.548555e+03
2.280000e-06	2.436403e-09	9.748505e-09	1.314565e+01	1.570572e+03
2.290000e-06	2.487571e-09	9.882906e-09	1.342157e+01	1.592188e+03
2.300000e-06	2.538498e-09	1.001490e-08	1.369615e+01	1.613418e+03
2.310000e-06	2.589156e-09	1.014437e-08	1.396928e+01	1.634277e+03
2.320000e-06	2.639518e-09	1.027106e-08	1.424072e+01	1.654776e+03
2.330000e-06	2.689527e-09	1.039550e-08	1.451023e+01	1.674926e+03
2.340000e-06	2.739143e-09	1.051744e-08	1.477771e+01	1.694737e+03
2.350000e-06	2.788414e-09	1.063660e-08	1.504329e+01	1.714215e+03
2.360000e-06	2.837371e-09	1.075380e-08	1.530719e+01	1.733365e+03
2.370000e-06	2.886019e-09	1.086918e-08	1.556942e+01	1.752191e+03
2.380000e-06	2.934402e-09	1.098250e-08	1.583018e+01	1.770694e+03
2.390000e-06	2.982580e-09	1.109450e-08	1.608988e+01	1.788876e+03
2.400000e-06	3.030595e-09	1.120600e-08	1.634878e+01	1.806738e+03
2.410000e-06	3.078467e-09	1.131661e-08	1.660694e+01	1.824283e+03
2.420000e-06	3.126200e-09	1.142554e-08	1.686440e+01	1.841513e+03
2.430000e-06	3.173782e-09	1.153236e-08	1.712112e+01	1.858432e+03
2.440000e-06	3.221200e-09	1.163661e-08	1.737693e+01	1.875046e+03
2.450000e-06	3.268401e-09	1.173770e-08	1.763150e+01	1.891361e+03
2.460000e-06	3.315333e-09	1.183587e-08	1.788460e+01	1.907387e+03
2.470000e-06	3.361962e-09	1.193240e-08	1.813608e+01	1.923135e+03
2.480000e-06	3.408315e-09	1.202823e-08	1.838608e+01	1.938616e+03
2.490000e-06	3.454435e-09	1.212296e-08	1.863484e+01	1.953843e+03
2.500000e-06	3.500339e-09	1.221597e-08	1.888242e+01	1.968829e+03
2.510000e-06	3.546032e-09	1.230729e-08	1.912886e+01	1.983585e+03
2.520000e-06	3.591502e-09	1.239658e-08	1.937416e+01	1.998122e+03
2.530000e-06	3.636755e-09	1.248366e-08	1.961827e+01	2.012450e+03
2.540000e-06	3.681760e-09	1.256921e-08	1.986103e+01	2.026575e+03
2.550000e-06	3.726480e-09	1.265412e-08	2.010224e+01	2.040503e+03
2.560000e-06	3.770929e-09	1.273885e-08	2.034198e+01	2.054235e+03
2.570000e-06	3.815138e-09	1.282323e-08	2.058044e+01	2.067771e+03
2.580000e-06	3.859150e-09	1.290649e-08	2.081783e+01	2.081110e+03
2.590000e-06	3.902999e-09	1.298779e-08	2.105439e+01	2.094248e+03
2.600000e-06	3.946699e-09	1.306721e-08	2.129019e+01	2.107181e+03
2.610000e-06	3.990231e-09	1.314572e-08	2.152510e+01	2.119905e+03
2.620000e-06	4.033525e-09	1.322321e-08	2.175869e+01	2.132417e+03
2.630000e-06	4.076484e-09	1.329898e-08	2.199042e+01	2.144715e+03
2.640000e-06	4.118994e-09	1.337338e-08	2.221974e+01	2.156799e+03
2.650000e-06	4.160970e-09	1.344719e-08	2.244618e+01	2.168672e+03
2.660000e-06	4.202408e-09	1.352029e-08	2.266968e+01	2.180338e+03
2.670000e-06	4.243344e-09	1.359161e-08	2.289045e+01	2.191807e+03
2.680000e-06	4.283859e-09	1.366053e-08	2.310898e+01	2.203087e+03
2.690000e-06	4.324070e-09	1.372756e-08	2.332593e+01	2.214190e+03
2.700000e-06	4.364056e-09	1.379343e-08	2.354164e+01	2.225129e+03
2.710000e-06	4.403860e-09	1.385863e-08	2.375639e+01	2.235916e+03
2.720000e-06	4.443481e-09	1.392388e-08	2.397016e+01	2.246565e+03
2.730000e-06	4.482873e-09	1.398912e-08	2.418273e+01	2.257086e+03
2.740000e-06	4.521972e-09	1.405332e-08	2.439372e+01	2.267487e+03
2.750000e-06	4.560722e-09	1.411613e-08	2.460282e+01	2.277775e+03
2.760000e-06	4.599101e-09	1.417809e-08	2.480995e+01	2.287953e+03
2.770000e-06	4.637125e-09	1.423943e-08	2.501517e+01	2.298019e+03
2.780000e-06	4.674841e-09	1.429965e-08	2.521867e+01	2.307971e+03
2.790000e-06	4.712255e-09	1.435895e-08	2.542054e+01	2.317802e+03
2.800000e-06	4.749339e-09	1.441817e-08	2.562058e+01	2.327504e+03
2.810000e-06	4.786077e-09	1.447725e-08	2.581871e+01	2.337066e+03
2.820000e-06	4.822488e-09	1.453583e-08	2.601505e+01	2.346478e+03
2.830000e-06	4.858612e-09	1.459342e-08	2.620983e+01	2.355729e+03
2.840000e-06	4.894508e-09	1.464917e-08	2.640347e+01	2.364810e+03
2.850000e-06	4.930225e-09	1.470326e-08	2.659619e+01	2.373712e+03
2.860000e-06	4.965722e-09	1.475667e-08	2.678775e+01	2.382430e+03
2.870000e-06	5.000902e-09	1.480957e-08	2.697754e+01	2.390960e+03
2.880000e-06	5.035632e-09	1.486151e-08	2.716485e+01	2.399303e+03
2.890000e-06	5.069761e-09	1.491243e-08	2.734886e+01	2.407460e+03
2.900000e-06	5.103213e-09	1.496238e-08	2.752917e+01	2.415436e+03
2.910000e-06	5.136069e-09	1.501124e-08	2.770619e+01	2.423239e+03
2.920000e-06	5.168472e-09	1.505907e-08	2.788080e+01	2.430877e+03
2.930000e-06	5.200542e-09	1.510581e-08	2.805374e+01	2.438359e+03
2.940000e-06	5.232365e-09	1.515129e-08	2.822540e+01	2.445695e+03
2.950000e-06	5.263970e-09	1.519587e-08	2.839593e+01	2.452894e+03
2.960000e-06	5.295322e-09	1.523983e-08	2.856508e+01	2.459966e+03
2.970000e-06	5.326333e-09	1.528305e-08	2.873236e+01	2.466917e+03
2.980000e-06	5.356930e-09	1.532548e-08	2.889735e+01	2.473756e+03
2.990000e-06	5.387105e-09	1.536748e-08	2.906009e+01	2.480486e+03
3.000000e-06	5.416908e-09	1.540930e-08	2.922087e+01	2.487112e+03
3.010000e-06	5.446364e-09	1.545062e-08	2.937972e+01	2.493636e+03
3.020000e-06	5.475438e-09	1.549091e-08	2.953656e+01	2.500060e+03
3.030000e-06	5.504116e-09	1.552989e-08	2.969126e+01	2.506384e+03
3.040000e-06	5.532438e-09	1.556793e-08	2.984396e+01	2.512608e+03
3.050000e-06	5.560473e-09	1.560558e-08	2.999519e+01	2.518732e+03
3.060000e-06	5.588281e-09	1.564295e-08	3.014520e+01	2.524756e+03
3.070000e-06	5.615848e-09	1.567980e-08	3.029393e+01	2.530680e+03
3.080000e-06	5.643098e-09	1.571611e-08	3.044096e+01	2.536502e+03
3.090000e-06	5.669864e-09	1.575211e-08	3.058534e+01	2.542222e+03
3.100000e-06	5.695964e-09	1.578767e-08	3.072603e+01	2.547840e+03
3.110000e-06	5.721341e-09	1.582215e-08	3.086276e+01	2.553353e+03
3.120000e-06	5.746077e-09	1.585525e-08	3.099611e+01	2.558762e+03
3.130000e-06	5.770321e-09	1.588702e-08	3.112689e+01	2.564063e+03
3.140000e-06	5.794204e-09	1.591805e-08	3.125571e+01	2.569254e+03
3.150000e-06	5.817763e-09	1.594953e-08	3.138274e+01	2.574332e+03
3.160000e-06	5.840960e-09	1.598116e-08	3.150774e+01	2.579293e+03
3.170000e-06	5.863737e-09	1.601156e-08	3.163045e+01	2.584133e+03
3.180000e-06	5.886071e-09	1.604059e-08	3.175079e+01	2.588848e+03
3.190000e-06	5.908012e-09	1.606883e-08	3.186902e+01	2.593435e+03
3.200000e-06	5.929581e-09	1.609676e-08	3.198533e+01	2.597890e+03
3.210000e-06	5.950745e-09	1.612407e-08	3.209943e+01	2.602211e+03
3.220000e-06	5.971482e-09	1.615034e-08	3.221123e+01	2.606396e+03
3.230000e-06	5.991826e-09	1.617581e-08	3.232092e+01	2.610446e+03
3.240000e-06	6.011853e-09	1.620059e-08	3.242889e+01	2.614363e+03
3.250000e-06	6.031627e-09	1.622468e-08	3.253553e+01	2.618149e+03
3.260000e-06	6.051124e-09	1.624793e-08	3.264068e+01	2.621809e+03
3.270000e-06	6.070247e-09	1.626970e-08	3.274376e+01	2.625348e+03
3.280000e-06	6.088910e-09	1.629016e-08	3.284432e+01	2.628773e+03
3.290000e-06	6.107079e-09	1.631040e-08	3.294219e+01	2.632091e+03
3.300000e-06	6.124789e-09	1.633054e-08	3.303757e+01	2.635310e+03
3.310000e-06	6.142111e-09	1.634998e-08	3.313086e+01	2.638436e+03
3.320000e-06	6.159093e-09	1.636816e-08	3.322238e+01	2.641475e+03
3.330000e-06	6.175702e-09	1.638509e-08	3.331189e+01	2.644434e+03
3.340000e-06	6.191829e-09	1.640139e-08	3.339873e+01	2.647316e+03
3.350000e-06	6.207386e-09	1.641753e-08	3.348243e+01	2.650125e+03
3.360000e-06	6.222311e-09	1.643367e-08	3.356271e+01	2.652863e+03
3.370000e-06	6.236663e-09	1.644936e-08	3.363991e+01	2.655530e+03
3.380000e-06	6.250530e-09	1.646428e-08	3.371457e+01	2.658126e+03
3.390000e-06	6.263911e-09	1.647874e-08	3.378665e+01	2.660651e+03
3.400000e-06	6.276808e-09	1.649294e-08	3.385613e+01	2.663104e+03
3.410000e-06	6.289233e-09	1.650678e-08	3.392308e+01	2.665482e+03
3.420000e-06	6.301215e-09	1.652001e-08	3.398767e+01	2.667786e+03
3.430000e-06	6.312778e-09	1.653230e-08	3.405003e+01	2.670012e+03
3.440000e-06	6.323844e-09	1.654356e-08	3.410975e+01	2.672162e+03
3.450000e-06	6.334261e-09	1.655455e-08	3.416591e+01	2.674234e+03
3.460000e-06	6.343936e-09	1.656620e-08	3.421800e+01	2.676230e+03
3.470000e-06	6.352892e-09	1.657823e-08	3.426626e+01	2.678149e+03
3.480000e-06	6.361276e-09	1.658967e-08	3.431150e+01	2.679992e+03
3.490000e-06	6.369289e-09	1.660064e-08	3.435475e+01	2.681760e+03
3.500000e-06	6.377008e-09	1.661164e-08	3.439640e+01	2.683454e+03
3.510000e-06	6.384392e-09	1.662216e-08	3.443625e+01	2.685072e+03
3.520000e-06	6.391368e-09	1.663131e-08	3.447384e+01	2.686615e+03
3.530000e-06	6.397886e-09	1.663876e-08	3.450892e+01	2.688080e+03
3.540000e-06	6.403928e-09	1.664549e-08	3.454143e+01	2.689464e+03
3.550000e-06	6.409502e-09	1.665318e-08	3.457143e+01	2.690765e+03
3.560000e-06	6.414626e-09	1.666143e-08	3.459897e+01	2.691978e+03
3.570000e-06	6.419281e-09	1.666894e-08	3.462399e+01	2.693099e+03
3.580000e-06	6.423516e-09	1.667536e-08	3.464680e+01	2.694122e+03
3.590000e-06	6.427446e-09	1.668077e-08	3.466801e+01	2.695042e+03
3.600000e-06	6.431114e-09	1.668579e-08	3.468780e+01	2.695856e+03
3.610000e-06	6.434431e-09	1.669082e-08	3.470561e+01	2.696558e+03
3.620000e-06	6.437214e-09	1.669532e-08	3.472049e+01	2.697146e+03
3.630000e-06	6.439301e-09	1.669870e-08	3.473164e+01	2.697618e+03
3.640000e-06	6.440655e-09	1.670141e-08	3.473884e+01	2.697972e+03
3.650000e-06	6.441349e-09	1.670373e-08	3.474255e+01	2.698209e+03
3.660000e-06	6.441550e-09	1.670514e-08	3.474368e+01	2.698330e+03
3.670000e-06	6.441425e-09	1.670571e-08	3.474301e+01	2.698337e+03
3.680000e-06	6.440998e-09	1.670556e-08	3.474067e+01	2.698233e+03
3.690000e-06	6.440203e-09	1.670462e-08	3.473633e+01	2.698023e+03
3.700000e-06	6.438964e-09	1.670337e-08	3.472960e+01	2.697709e+03
3.710000e-06	6.437267e-09	1.670224e-08	3.472042e+01	2.697296e+03
3.720000e-06	6.435168e-09	1.670014e-08	3.470906e+01	2.696788e+03
3.730000e-06	6.432681e-09	1.669486e-08	3.469564e+01	2.696189e+03
3.740000e-06	6.429762e-09	1.669006e-08	3.467985e+01	2.695501e+03
3.750000e-06	6.426363e-09	1.669313e-08	3.466141e+01	2.694728e+03
3.760000e-06	6.422434e-09	1.668968e-08	3.464013e+01	2.693871e+03
3.770000e-06	6.417967e-09	1.666842e-08	3.461599e+01	2.692932e+03
3.780000e-06	6.413110e-09	1.666127e-08	3.458982e+01	2.691910e+03
3.790000e-06	6.408078e-09	1.667275e-08	3.456273e+01	2.690805e+03
3.800000e-06	6.402753e-09	1.666599e-08	3.453398e+01	2.689618e+03
3.810000e-06	6.396697e-09	1.663983e-08	3.450113e+01	2.688346e+03
3.820000e-06	6.389707e-09	1.663311e-08	3.446328e+01	2.686988e+03
3.830000e-06	6.382066e-09	1.664710e-08	3.442205e+01	2.685543e+03
3.840000e-06	6.374085e-09	1.663763e-08	3.437899e+01	2.684009e+03
3.850000e-06	6.365759e-09	1.660511e-08	3.433404e+01	2.682383e+03
3.860000e-06	6.357013e-09	1.659559e-08	3.428687e+01	2.680665e+03
3.870000e-06	6.347922e-09	1.661031e-08	3.423790e+01	2.678851e+03
3.880000e-06	6.338526e-09	1.659714e-08	3.418727e+01	2.676941e+03
3.890000e-06	6.328714e-09	1.655915e-08	3.413433e+01	2.674933e+03
3.900000e-06	6.318408e-09	1.655187e-08	3.407872e+01	2.672826e+03
3.910000e-06	6.307645e-09	1.656471e-08	3.402066e+01	2.670619e+03
3.920000e-06	6.296410e-09	1.654069e-08	3.396002e+01	2.668310e+03
3.930000e-06	6.284625e-09	1.650229e-08	3.389633e+01	2.665900e+03
3.940000e-06	6.272328e-09	1.650222e-08	3.382994e+01	2.663389e+03
3.950000e-06	6.259598e-09	1.650440e-08	3.376128e+01	2.660775e+03
3.960000e-06	6.246314e-09	1.646718e-08	3.368956e+01	2.658061e+03
3.970000e-06	6.232235e-09	1.644006e-08	3.361354e+01	2.655245e+03
3.980000e-06	6.217357e-09	1.644779e-08	3.353336e+01	2.652330e+03
3.990000e-06	6.201940e-09	1.642980e-08	3.345020e+01	2.649317e+03
4.000000e-06	6.186147e-09	1.638432e-08	3.336493e+01	2.646205e+03
4.010000e-06	6.170000e-09	1.637440e-08	3.327787e+01	2.642996e+03
4.020000e-06	6.153521e-09	1.637879e-08	3.318899e+01	2.639691e+03
4.030000e-06	6.136676e-09	1.633994e-08	3.309807e+01	2.636290e+03
4.040000e-06	6.119377e-09	1.630098e-08	3.300467e+01	2.632793e+03
4.050000e-06	6.101606e-09	1.630184e-08	3.290875e+01	2.629200e+03
4.060000e-06	6.083391e-09	1.628568e-08	3.281049e+01	2.625510e+03
4.070000e-06	6.064711e-09	1.623852e-08	3.270977e+01	2.621723e+03
4.080000e-06	6.045564e-09	1.621888e-08	3.260653e+01	2.617836e+03
4.090000e-06	6.026010e-09	1.621250e-08	3.250106e+01	2.613848e+03
4.100000e-06	6.006140e-09	1.617363e-08	3.239387e+01	2.609758e+03
4.110000e-06	5.986027e-09	1.613901e-08	3.228535e+01	2.605563e+03
4.120000e-06	5.965658e-09	1.613055e-08	3.217549e+01	2.601261e+03
4.130000e-06	5.944935e-09	1.610209e-08	3.206372e+01	2.596850e+03
4.140000e-06	5.923712e-09	1.605914e-08	3.194918e+01	2.592329e+03
4.150000e-06	5.901818e-09	1.604003e-08	3.183097e+01	2.587697e+03
4.160000e-06	5.879149e-09	1.601912e-08	3.170863e+01	2.582953e+03
4.170000e-06	5.855825e-09	1.597899e-08	3.158278e+01	2.578097e+03
4.180000e-06	5.832058e-09	1.595022e-08	3.145458e+01	2.573128e+03
4.190000e-06	5.807970e-09	1.592631e-08	3.132467e+01	2.568046e+03
4.200000e-06	5.783591e-09	1.588728e-08	3.119321e+01	2.562853e+03
4.210000e-06	5.758880e-09	1.585432e-08	3.105995e+01	2.557548e+03
4.220000e-06	5.733752e-09	1.582780e-08	3.092442e+01	2.552132e+03
4.230000e-06	5.708204e-09	1.578793e-08	3.078662e+01	2.546606e+03
4.240000e-06	5.682280e-09	1.575080e-08	3.064678e+01	2.540970e+03
4.250000e-06	5.655977e-09	1.572294e-08	3.050488e+01	2.535222e+03
4.260000e-06	5.629259e-09	1.568457e-08	3.036078e+01	2.529364e+03
4.270000e-06	5.602115e-09	1.564545e-08	3.021445e+01	2.523394e+03
4.280000e-06	5.574598e-09	1.561382e-08	3.006608e+01	2.517309e+03
4.290000e-06	5.546766e-09	1.557208e-08	2.991598e+01	2.511110e+03
4.300000e-06	5.518679e-09	1.552867e-08	2.976447e+01	2.504792e+03
4.310000e-06	5.490337e-09	1.549637e-08	2.961156e+01	2.498355e+03
4.320000e-06	5.461640e-09	1.545630e-08	2.945677e+01	2.491794e+03
4.330000e-06	5.432466e-09	1.540940e-08	2.929938e+01	2.485109e+03
4.340000e-06	5.402696e-09	1.537259e-08	2.913870e+01	2.478295e+03
4.350000e-06	5.372259e-09	1.533301e-08	2.897445e+01	2.471351e+03
4.360000e-06	5.341191e-09	1.528507e-08	2.880688e+01	2.464272e+03
4.370000e-06	5.309632e-09	1.524331e-08	2.863670e+01	2.457058e+03
4.380000e-06	5.277733e-09	1.520028e-08	2.846470e+01	2.449705e+03
4.390000e-06	5.245578e-09	1.514922e-08	2.829128e+01	2.442211e+03
4.400000e-06	5.213168e-09	1.510372e-08	2.811644e+01	2.434573e+03
4.410000e-06	5.180435e-09	1.506076e-08	2.793979e+01	2.426791e+03
4.420000e-06	5.147313e-09	1.500961e-08	2.776105e+01	2.418861e+03
4.430000e-06	5.113803e-09	1.495828e-08	2.758028e+01	2.410782e+03
4.440000e-06	5.079948e-09	1.491006e-08	2.739767e+01	2.402554e+03
4.450000e-06	5.045762e-09	1.485815e-08	2.721328e+01	2.394175e+03
4.460000e-06	5.011211e-09	1.480514e-08	2.702690e+01	2.385644e+03
4.470000e-06	4.976267e-09	1.475327e-08	2.683832e+01	2.376962e+03
4.480000e-06	4.940933e-09	1.469900e-08	2.664758e+01	2.368128e+03
4.490000e-06	4.905255e-09	1.464381e-08	2.645499e+01	2.359144e+03
4.500000e-06	4.869321e-09	1.458932e-08	2.626110e+01	2.350010e+03
4.510000e-06	4.833186e-09	1.453279e-08	2.606615e+01	2.340728e+03
4.520000e-06	4.796844e-09	1.447368e-08	2.587007e+01	2.331298e+03
4.530000e-06	4.760243e-09	1.441314e-08	2.567262e+01	2.321722e+03
4.540000e-06	4.723290e-09	1.435258e-08	2.547324e+01	2.312001e+03
4.550000e-06	4.685849e-09	1.429257e-08	2.527123e+01	2.302134e+03
4.560000e-06	4.647808e-09	1.423106e-08	2.506602e+01	2.292122e+03
4.570000e-06	4.609179e-09	1.416714e-08	2.485762e+01	2.281963e+03
4.580000e-06	4.570042e-09	1.410259e-08	2.464640e+01	2.271655e+03
4.590000e-06	4.530480e-09	1.403769e-08	2.443291e+01	2.261194e+03
4.600000e-06	4.490614e-09	1.397169e-08	2.421781e+01	2.250576e+03
4.610000e-06	4.450527e-09	1.390475e-08	2.400153e+01	2.239796e+03
4.620000e-06	4.410240e-09	1.383646e-08	2.378422e+01	2.228849e+03
4.630000e-06	4.369731e-09	1.376651e-08	2.356565e+01	2.217728e+03
4.640000e-06	4.328932e-09	1.369607e-08	2.334553e+01	2.206427e+03
4.650000e-06	4.287825e-09	1.362566e-08	2.312372e+01	2.194940e+03
4.660000e-06	4.246420e-09	1.355428e-08	2.290030e+01	2.183262e+03
4.670000e-06	4.204723e-09	1.348138e-08	2.267535e+01	2.171390e+03
4.680000e-06	4.162771e-09	1.340712e-08	2.244898e+01	2.159320e+03
4.690000e-06	4.120582e-09	1.333158e-08	2.222134e+01	2.147050e+03
4.700000e-06	4.078117e-09	1.325459e-08	2.199226e+01	2.134581e+03
4.710000e-06	4.035332e-09	1.317592e-08	2.176144e+01	2.121914e+03
4.720000e-06	3.992200e-09	1.309536e-08	2.152873e+01	2.109049e+03
4.730000e-06	3.948756e-09	1.301373e-08	2.129433e+01	2.095991e+03
4.740000e-06	3.905066e-09	1.293163e-08	2.105863e+01	2.082742e+03
4.750000e-06	3.861167e-09	1.284863e-08	2.082182e+01	2.069304e+03
4.760000e-06	3.817094e-09	1.276440e-08	2.058406e+01	2.055680e+03
4.770000e-06	3.772876e-09	1.267845e-08	2.034553e+01	2.041871e+03
4.780000e-06	3.728511e-09	1.259081e-08	2.010622e+01	2.027875e+03
4.790000e-06	3.683952e-09	1.250206e-08	1.986584e+01	2.013689e+03
4.800000e-06	3.639148e-09	1.241249e-08	1.962408e+01	1.999310e+03
4.810000e-06	3.594081e-09	1.232195e-08	1.938089e+01	1.984731e+03
4.820000e-06	3.548741e-09	1.223015e-08	1.913624e+01	1.969944e+03
4.830000e-06	3.503123e-09	1.213729e-08	1.889008e+01	1.954938e+03
4.840000e-06	3.457232e-09	1.204331e-08	1.864246e+01	1.939704e+03
4.850000e-06	3.411095e-09	1.194767e-08	1.839348e+01	1.924230e+03
4.860000e-06	3.364737e-09	1.185017e-08	1.814329e+01	1.908507e+03
4.870000e-06	3.318165e-09	1.175116e-08	1.789204e+01	1.892523e+03
4.880000e-06	3.271421e-09	1.165080e-08	1.763988e+01	1.876269e+03
4.890000e-06	3.224544e-09	1.154905e-08	1.738696e+01	1.859740e+03
4.900000e-06	3.177505e-09	1.144574e-08	1.713313e+01	1.842928e+03
4.910000e-06	3.130258e-09	1.134049e-08	1.687828e+01	1.825830e+03
4.920000e-06	3.082803e-09	1.123302e-08	1.662236e+01	1.808445e+03
4.930000e-06	3.035100e-09	1.112299e-08	1.636506e+01	1.790771e+03
4.940000e-06	2.987122e-09	1.101084e-08	1.610632e+01	1.772809e+03
4.950000e-06	2.938868e-09	1.089739e-08	1.584603e+01	1.754560e+03
4.960000e-06	2.890320e-09	1.078252e-08	1.558401e+01	1.736026e+03
4.970000e-06	2.841458e-09	1.066608e-08	1.532019e+01	1.717206e+03
4.980000e-06	2.792277e-09	1.054851e-08	1.505472e+01	1.698100e+03
4.990000e-06	2.742807e-09	1.042945e-08	1.478774e+01	1.678705e+03
5.000000e-06	2.693076e-09	1.030771e-08	1.451935e+01	1.659018e+03
5.010000e-06	2.643117e-09	1.018332e-08	1.424974e+01	1.639033e+03
5.020000e-06	2.592954e-09	1.005708e-08	1.397901e+01	1.618741e+03
5.030000e-06	2.542581e-09	9.928856e-09	1.370720e+01	1.598133e+03
5.040000e-06	2.492000e-09	9.798691e-09	1.343433e+01	1.577198e+03
5.050000e-06	2.441243e-09	9.666752e-09	1.316046e+01	1.555923e+03
5.060000e-06	2.390302e-09	9.532492e-09	1.288556e+01	1.534296e+03
5.070000e-06	2.339166e-09	9.395546e-09	1.260970e+01	1.512304e+03
5.080000e-06	2.287865e-09	9.256223e-09	1.233293e+01	1.489935e+03
5.090000e-06	2.236397e-09	9.114836e-09	1.205522e+01	1.467175e+03
5.100000e-06	2.184759e-09	8.971379e-09	1.177662e+01	1.444014e+03
5.110000e-06	2.132966e-09	8.825864e-09	1.149716e+01	1.420442e+03
5.120000e-06	2.081020e-09	8.678085e-09	1.121683e+01	1.396450e+03
5.130000e-06	2.028933e-09	8.528041e-09	1.093576e+01	1.372029e+03
5.140000e-06	1.976704e-09	8.375346e-09	1.065400e+01	1.347171e+03
5.150000e-06	1.924337e-09	8.219715e-09	1.037151e+01	1.321868e+03
5.160000e-06	1.871839e-09	8.061175e-09	1.008830e+01	1.296112e+03
5.170000e-06	1.819200e-09	7.899211e-09	9.804387e+00	1.269894e+03
5.180000e-06	1.766431e-09	7.734149e-09	9.519822e+00	1.243205e+03
5.190000e-06	1.713535e-09	7.566341e-09	9.234552e+00	1.216035e+03
5.200000e-06	1.660481e-09	7.395579e-09	8.948395e+00	1.188371e+03
5.210000e-06	1.607251e-09	7.221739e-09	8.661288e+00	1.160201e+03
5.220000e-06	1.553843e-09	7.044405e-09	8.373176e+00	1.131511e+03
5.230000e-06	1.500254e-09	6.863113e-09	8.084018e+00	1.102287e+03
5.240000e-06	1.446486e-09	6.678566e-09	7.793959e+00	1.072514e+03
5.250000e-06	1.392551e-09	6.491555e-09	7.503062e+00	1.042176e+03
5.260000e-06	1.338434e-09	6.301307e-09	7.211152e+00	1.011258e+03
5.270000e-06	1.284143e-09	6.106739e-09	6.918254e+00	9.797456e+02
5.280000e-06	1.229696e-09	5.908056e-09	6.624553e+00	9.476244e+02
5.290000e-06	1.175055e-09	5.705567e-09	6.329968e+00	9.148803e+02
5.300000e-06	1.120267e-09	5.499230e-09	6.034531e+00	8.814999e+02
5.310000e-06	1.065373e-09	5.288974e-09	5.738381e+00	8.474696e+02
5.320000e-06	1.010361e-09	5.074578e-09	5.441587e+00	8.127762e+02
5.330000e-06	9.552705e-10	4.856176e-09	5.144427e+00	7.774057e+02
5.340000e-06	9.001011e-10	4.633697e-09	4.846928e+00	7.413439e+02
5.350000e-06	8.448394e-10	4.407090e-09	4.548960e+00	7.045755e+02
5.360000e-06	7.895158e-10	4.175888e-09	4.250593e+00	6.670850e+02
5.370000e-06	7.341160e-10	3.939231e-09	3.951795e+00	6.288559e+02
5.380000e-06	6.786201e-10	3.697768e-09	3.652539e+00	5.898720e+02
5.390000e-06	6.230526e-10	3.452493e-09	3.352847e+00	5.501178e+02
5.400000e-06	5.674322e-10	3.202801e-09	3.052841e+00	5.095795e+02
5.410000e-06	5.117788e-10	2.947680e-09	2.752678e+00	4.682463e+02
5.420000e-06	4.560930e-10	2.687015e-09	2.452314e+00	4.261120e+02
5.430000e-06	4.003811e-10	2.421266e-09	2.151814e+00	3.831764e+02
5.440000e-06	3.446535e-10	2.150952e-09	1.851245e+00	3.394471e+02
5.450000e-06	2.889045e-10	1.876335e-09	1.550554e+00	2.949409e+02
5.460000e-06	2.331392e-10	1.597241e-09	1.249744e+00	2.496852e+02
5.470000e-06	1.773709e-10	1.313516e-09	9.488865e-01	2.037192e+02
5.480000e-06	1.215993e-10	1.024983e-09	6.480037e-01	1.570945e+02
5.490000e-06	6.583297e-11	7.324114e-10	3.471525e-01	1.098755e+02
5.500000e-06	1.006786e-11	4.374338e-10	4.636856e-02	6.213908e+01
5.510000e-06	-4.570778e-11	1.404862e-10	-2.544288e-01	1.397376e+01
5.520000e-06	-1.014733e-10	-1.589537e-10	-5.552060e-01	-3.452132e+01
5.530000e-06	-1.572437e-10	-4.600585e-10	-8.560382e-01	-8.323824e+01
5.540000e-06	-2.130213e-10	-7.617283e-10	-1.156923e+00	-1.320624e+02
5.550000e-06	-2.687806e-10	-1.064166e-09	-1.457709e+00	-1.808751e+02
5.560000e-06	-3.245249e-10	-1.366945e-09	-1.758375e+00	-2.295556e+02
5.570000e-06	-3.802456e-10	-1.668401e-09	-2.058969e+00	-2.779846e+02
5.580000e-06	-4.359313e-10	-1.967370e-09	-2.359427e+00	-3.260462e+02
5.590000e-06	-4.915663e-10	-2.263223e-09	-2.659580e+00	-3.736307e+02
5.600000e-06	-5.471549e-10	-2.555532e-09	-2.959455e+00	-4.206367e+02
5.610000e-06	-6.027095e-10	-2.844111e-09	-3.259104e+00	-4.669728e+02
5.620000e-06	-6.582058e-10	-3.128094e-09	-3.558424e+00	-5.125592e+02
5.630000e-06	-7.136198e-10	-3.406298e-09	-3.857285e+00	-5.573285e+02
5.640000e-06	-7.689615e-10	-3.678735e-09	-4.155767e+00	-6.012265e+02
5.650000e-06	-8.242330e-10	-3.946669e-09	-4.453930e+00	-6.442116e+02
5.660000e-06	-8.794305e-10	-4.210347e-09	-4.751711e+00	-6.862550e+02
5.670000e-06	-9.345892e-10	-4.467744e-09	-5.049191e+00	-7.273398e+02
5.680000e-06	-9.896693e-10	-4.717414e-09	-5.346285e+00	-7.674597e+02
5.690000e-06	-1.044620e-09	-4.960413e-09	-5.642681e+00	-8.066180e+02
5.700000e-06	-1.099435e-09	-5.198071e-09	-5.938218e+00	-8.448259e+02
5.710000e-06	-1.154108e-09	-5.430424e-09	-6.232976e+00	-8.821015e+02
5.720000e-06	-1.208639e-09	-5.657243e-09	-6.526970e+00	-9.184675e+02
5.730000e-06	-1.262984e-09	-5.879140e-09	-6.819977e+00	-9.539507e+02
5.740000e-06	-1.317124e-09	-6.096487e-09	-7.111921e+00	-9.885800e+02
5.750000e-06	-1.371083e-09	-6.308823e-09	-7.402903e+00	-1.022385e+03
5.760000e-06	-1.424850e-09	-6.515301e-09	-7.692851e+00	-1.055397e+03
5.770000e-06	-1.478445e-09	-6.715663e-09	-7.981828e+00	-1.087645e+03
5.780000e-06	-1.531865e-09	-6.910753e-09	-8.269809e+00	-1.119157e+03
5.790000e-06	-1.585100e-09	-7.102029e-09	-8.556823e+00	-1.149961e+03
5.800000e-06	-1.638180e-09	-7.290477e-09	-8.843006e+00	-1.180080e+03
5.810000e-06	-1.691111e-09	-7.475642e-09	-9.128374e+00	-1.209538e+03
5.820000e-06	-1.743899e-09	-7.656300e-09	-9.413044e+00	-1.238357e+03
5.830000e-06	-1.796545e-09	-7.831875e-09	-9.697015e+00	-1.266555e+03
5.840000e-06	-1.849049e-09	-8.002969e-09	-9.980205e+00	-1.294150e+03
5.850000e-06	-1.901422e-09	-8.170560e-09	-1.026269e+01	-1.321161e+03
5.860000e-06	-1.953664e-09	-8.335395e-09	-1.054455e+01	-1.347602e+03
5.870000e-06	-2.005774e-09	-8.497315e-09	-1.082569e+01	-1.373489e+03
5.880000e-06	-2.057760e-09	-8.655836e-09	-1.110610e+01	-1.398839e+03
5.890000e-06	-2.109603e-09	-8.811138e-09	-1.138574e+01	-1.423668e+03
5.900000e-06	-2.161295e-09	-8.963274e-09	-1.166456e+01	-1.447991e+03
5.910000e-06	-2.212811e-09	-9.111754e-09	-1.194245e+01	-1.471826e+03
5.920000e-06	-2.264139e-09	-9.256634e-09	-1.221930e+01	-1.495190e+03
5.930000e-06	-2.315286e-09	-9.398852e-09	-1.249517e+01	-1.518099e+03
5.940000e-06	-2.366258e-09	-9.539633e-09	-1.277009e+01	-1.540571e+03
5.950000e-06	-2.417042e-09	-9.679194e-09	-1.304401e+01	-1.562625e+03
5.960000e-06	-2.467627e-09	-9.816430e-09	-1.331689e+01	-1.584275e+03
5.970000e-06	-2.518006e-09	-9.950379e-09	-1.358870e+01	-1.605538e+03
5.980000e-06	-2.568169e-09	-1.008095e-08	-1.385931e+01	-1.626428e+03
5.990000e-06	-2.618090e-09	-1.020850e-08	-1.412865e+01	-1.646957e+03
6.000000e-06	-2.667743e-09	-1.033384e-08	-1.439655e+01	-1.667138e+03
6.010000e-06	-2.717133e-09	-1.045738e-08	-1.466299e+01	-1.686978e+03
6.020000e-06	-2.766235e-09	-1.057887e-08	-1.492794e+01	-1.706484e+03
6.030000e-06	-2.815021e-09	-1.069836e-08	-1.519110e+01	-1.725662e+03
6.040000e-06	-2.863491e-09	-1.081625e-08	-1.545247e+01	-1.744516e+03
6.050000e-06	-2.911615e-09	-1.093254e-08	-1.571209e+01	-1.763047e+03
6.060000e-06	-2.959427e-09	-1.104669e-08	-1.597005e+01	-1.781256e+03
6.070000e-06	-3.006959e-09	-1.115861e-08	-1.622643e+01	-1.799147e+03
6.080000e-06	-3.054210e-09	-1.126823e-08	-1.648131e+01	-1.816719e+03
6.090000e-06	-3.101248e-09	-1.137568e-08	-1.673505e+01	-1.833976e+03
6.100000e-06	-3.148114e-09	-1.148161e-08	-1.698786e+01	-1.850922e+03
6.110000e-06	-3.194805e-09	-1.158579e-08	-1.723976e+01	-1.867561e+03
6.120000e-06	-3.241320e-09	-1.168740e-08	-1.749068e+01	-1.883902e+03
6.130000e-06	-3.287695e-09	-1.178670e-08	-1.774077e+01	-1.899953e+03
6.140000e-06	-3.333938e-09	-1.188463e-08	-1.799018e+01	-1.915725e+03
6.150000e-06	-3.380006e-09	-1.198124e-08	-1.823872e+01	-1.931228e+03
6.160000e-06	-3.425890e-09	-1.207572e-08	-1.848623e+01	-1.946477e+03
6.170000e-06	-3.471564e-09	-1.216821e-08	-1.873258e+01	-1.961483e+03
6.180000e-06	-3.516978e-09	-1.225962e-08	-1.897754e+01	-1.976259e+03
6.190000e-06	-3.562107e-09	-1.235006e-08	-1.922095e+01	-1.990814e+03
6.200000e-06	-3.606948e-09	-1.243985e-08	-1.946282e+01	-2.005160e+03
6.210000e-06	-3.651552e-09	-1.252897e-08	-1.970343e+01	-2.019303e+03
6.220000e-06	-3.695969e-09	-1.261664e-08	-1.994302e+01	-2.033247e+03
6.230000e-06	-3.740223e-09	-1.270275e-08	-2.018173e+01	-2.046996e+03
6.240000e-06	-3.784339e-09	-1.278761e-08	-2.041969e+01	-2.060550e+03
6.250000e-06	-3.828306e-09	-1.287104e-08	-2.065686e+01	-2.073906e+03
6.260000e-06	-3.872096e-09	-1.295266e-08	-2.089309e+01	-2.087061e+03
6.270000e-06	-3.915641e-09	-1.303270e-08	-2.112800e+01	-2.100012e+03
6.280000e-06	-3.958893e-09	-1.311164e-08	-2.136128e+01	-2.112755e+03
6.290000e-06	-4.001849e-09	-1.318942e-08	-2.159291e+01	-2.125285e+03
6.300000e-06	-4.044499e-09	-1.326552e-08	-2.182292e+01	-2.137602e+03
6.310000e-06	-4.086863e-09	-1.333963e-08	-2.205140e+01	-2.149704e+03
6.320000e-06	-4.128968e-09	-1.341195e-08	-2.227850e+01	-2.161595e+03
6.330000e-06	-4.170818e-09	-1.348321e-08	-2.250426e+01	-2.173280e+03
6.340000e-06	-4.212392e-09	-1.355432e-08	-2.272853e+01	-2.184765e+03
6.350000e-06	-4.253647e-09	-1.362504e-08	-2.295102e+01	-2.196061e+03
6.360000e-06	-4.294567e-09	-1.369485e-08	-2.317163e+01	-2.207178e+03
6.370000e-06	-4.335189e-09	-1.376375e-08	-2.339068e+01	-2.218131e+03
6.380000e-06	-4.375570e-09	-1.383149e-08	-2.360847e+01	-2.228932e+03
6.390000e-06	-4.415749e-09	-1.389835e-08	-2.382522e+01	-2.239592e+03
6.400000e-06	-4.455748e-09	-1.396481e-08	-2.404100e+01	-2.250124e+03
6.410000e-06	-4.495542e-09	-1.403018e-08	-2.425560e+01	-2.260535e+03
6.420000e-06	-4.535040e-09	-1.409414e-08	-2.446860e+01	-2.270833e+03
6.430000e-06	-4.574144e-09	-1.415765e-08	-2.467945e+01	-2.281020e+03
6.440000e-06	-4.612759e-09	-1.422118e-08	-2.488770e+01	-2.291096e+03
6.450000e-06	-4.650823e-09	-1.428411e-08	-2.509302e+01	-2.301058e+03
6.460000e-06	-4.688324e-09	-1.434593e-08	-2.529526e+01	-2.310900e+03
6.470000e-06	-4.725299e-09	-1.440638e-08	-2.549468e+01	-2.320614e+03
6.480000e-06	-4.761877e-09	-1.446522e-08	-2.569195e+01	-2.330188e+03
6.490000e-06	-4.798195e-09	-1.452312e-08	-2.588783e+01	-2.339614e+03
6.500000e-06	-4.834315e-09	-1.458071e-08	-2.608269e+01	-2.348879e+03
6.510000e-06	-4.870234e-09	-1.463737e-08	-2.627641e+01	-2.357975e+03
6.520000e-06	-4.905880e-09	-1.469257e-08	-2.646862e+01	-2.366893e+03
6.530000e-06	-4.941169e-09	-1.474680e-08	-2.665890e+01	-2.375627e+03
6.540000e-06	-4.976067e-09	-1.480035e-08	-2.684710e+01	-2.384174e+03
6.550000e-06	-5.010575e-09	-1.485257e-08	-2.703321e+01	-2.392532e+03
6.560000e-06	-5.044736e-09	-1.490347e-08	-2.721741e+01	-2.400705e+03
6.570000e-06	-5.078539e-09	-1.495361e-08	-2.739969e+01	-2.408698e+03
6.580000e-06	-5.111951e-09	-1.500254e-08	-2.757986e+01	-2.416515e+03
6.590000e-06	-5.144992e-09	-1.505008e-08	-2.775797e+01	-2.424167e+03
6.600000e-06	-5.177692e-09	-1.509681e-08	-2.793424e+01	-2.431662e+03
6.610000e-06	-5.210095e-09	-1.514307e-08	-2.810898e+01	-2.439010e+03
6.620000e-06	-5.242255e-09	-1.518871e-08	-2.828241e+01	-2.446221e+03
6.630000e-06	-5.274144e-09	-1.523353e-08	-2.845435e+01	-2.453303e+03
6.640000e-06	-5.305667e-09	-1.527714e-08	-2.862428e+01	-2.460265e+03
6.650000e-06	-5.336731e-09	-1.531923e-08	-2.879163e+01	-2.467113e+03
6.660000e-06	-5.367207e-09	-1.536029e-08	-2.895581e+01	-2.473853e+03
6.670000e-06	-5.397019e-09	-1.540122e-08	-2.911651e+01	-2.480488e+03
6.680000e-06	-5.426223e-09	-1.544237e-08	-2.927392e+01	-2.487021e+03
6.690000e-06	-5.454948e-09	-1.548338e-08	-2.942875e+01	-2.493453e+03
6.700000e-06	-5.483333e-09	-1.552376e-08	-2.958179e+01	-2.499786e+03
6.710000e-06	-5.511468e-09	-1.556308e-08	-2.973345e+01	-2.506019e+03
6.720000e-06	-5.539357e-09	-1.560145e-08	-2.988376e+01	-2.512152e+03
6.730000e-06	-5.566947e-09	-1.563932e-08	-3.003242e+01	-2.518185e+03
6.740000e-06	-5.594151e-09	-1.567659e-08	-3.017905e+01	-2.524117e+03
6.750000e-06	-5.620922e-09	-1.571282e-08	-3.032340e+01	-2.529948e+03
6.760000e-06	-5.647284e-09	-1.574813e-08	-3.046552e+01	-2.535677e+03
6.770000e-06	-5.673249e-09	-1.578306e-08	-3.060548e+01	-2.541303e+03
6.780000e-06	-5.698789e-09	-1.581795e-08	-3.074311e+01	-2.546826e+03
6.790000e-06	-5.723882e-09	-1.585242e-08	-3.087832e+01	-2.552244e+03
6.800000e-06	-5.748571e-09	-1.588554e-08	-3.101142e+01	-2.557554e+03
6.810000e-06	-5.772947e-09	-1.591725e-08	-3.114285e+01	-2.562755e+03
6.820000e-06	-5.797071e-09	-1.594821e-08	-3.127293e+01	-2.567843e+03
6.830000e-06	-5.820923e-09	-1.597877e-08	-3.140151e+01	-2.572814e+03
6.840000e-06	-5.844393e-09	-1.600874e-08	-3.152795e+01	-2.577665e+03
6.850000e-06	-5.867322e-09	-1.603795e-08	-3.165146e+01	-2.582391e+03
6.860000e-06	-5.889582e-09	-1.606651e-08	-3.177144e+01	-2.586990e+03
6.870000e-06	-5.911158e-09	-1.609397e-08	-3.188773e+01	-2.591456e+03
6.880000e-06	-5.932144e-09	-1.612012e-08	-3.200086e+01	-2.595789e+03
6.890000e-06	-5.952681e-09	-1.614517e-08	-3.211163e+01	-2.599986e+03
6.900000e-06	-5.972909e-09	-1.616907e-08	-3.222074e+01	-2.604048e+03
6.910000e-06	-5.992894e-09	-1.619245e-08	-3.232849e+01	-2.607976e+03
6.920000e-06	-6.012570e-09	-1.621584e-08	-3.243450e+01	-2.611773e+03
6.930000e-06	-6.031824e-09	-1.623902e-08	-3.253819e+01	-2.615444e+03
6.940000e-06	-6.050612e-09	-1.626156e-08	-3.263942e+01	-2.618993e+03
6.950000e-06	-6.068979e-09	-1.628326e-08	-3.273848e+01	-2.622428e+03
6.960000e-06	-6.086972e-09	-1.630409e-08	-3.283553e+01	-2.625756e+03
6.970000e-06	-6.104559e-09	-1.632420e-08	-3.293033e+01	-2.628983e+03
6.980000e-06	-6.121685e-09	-1.634390e-08	-3.302261e+01	-2.632116e+03
6.990000e-06	-6.138385e-09	-1.636296e-08	-3.311262e+01	-2.635163e+03
7.000000e-06	-6.154748e-09	-1.638126e-08	-3.320086e+01	-2.638129e+03
7.010000e-06	-6.170832e-09	-1.639915e-08	-3.328755e+01	-2.641017e+03
7.020000e-06	-6.186575e-09	-1.641724e-08	-3.337231e+01	-2.643833e+03
7.030000e-06	-6.201778e-09	-1.643545e-08	-3.345413e+01	-2.646576e+03
7.040000e-06	-6.216265e-09	-1.645318e-08	-3.353211e+01	-2.649250e+03
7.050000e-06	-6.229988e-09	-1.647045e-08	-3.360596e+01	-2.651852e+03
7.060000e-06	-6.243037e-09	-1.648705e-08	-3.367623e+01	-2.654384e+03
7.070000e-06	-6.255571e-09	-1.650289e-08	-3.374379e+01	-2.656843e+03
7.080000e-06	-6.267696e-09	-1.651819e-08	-3.380915e+01	-2.659228e+03
7.090000e-06	-6.279400e-09	-1.653283e-08	-3.387223e+01	-2.661538e+03
7.100000e-06	-6.290614e-09	-1.654713e-08	-3.393269e+01	-2.663771e+03
7.110000e-06	-6.301353e-09	-1.656158e-08	-3.399063e+01	-2.665927e+03
7.120000e-06	-6.311687e-09	-1.657565e-08	-3.404635e+01	-2.668007e+03
7.130000e-06	-6.321620e-09	-1.658868e-08	-3.409988e+01	-2.670009e+03
7.140000e-06	-6.331113e-09	-1.660067e-08	-3.415103e+01	-2.671934e+03
7.150000e-06	-6.340151e-09	-1.661216e-08	-3.419975e+01	-2.673784e+03
7.160000e-06	-6.348776e-09	-1.662361e-08	-3.424619e+01	-2.675559e+03
7.170000e-06	-6.357081e-09	-1.663449e-08	-3.429090e+01	-2.677259e+03
7.180000e-06	-6.365114e-09	-1.664502e-08	-3.433413e+01	-2.678884e+03
7.190000e-06	-6.372788e-09	-1.665539e-08	-3.437539e+01	-2.680434e+03
7.200000e-06	-6.379936e-09	-1.666471e-08	-3.441383e+01	-2.681906e+03
7.210000e-06	-6.386413e-09	-1.667310e-08	-3.444866e+01	-2.683297e+03
7.220000e-06	-6.392140e-09	-1.668127e-08	-3.447950e+01	-2.684606e+03
7.230000e-06	-6.397180e-09	-1.668947e-08	-3.450670e+01	-2.685827e+03
7.240000e-06	-6.401736e-09	-1.669740e-08	-3.453127e+01	-2.686955e+03
7.250000e-06	-6.405967e-09	-1.670464e-08	-3.455409e+01	-2.687987e+03
7.260000e-06	-6.409912e-09	-1.671096e-08	-3.457536e+01	-2.688916e+03
7.270000e-06	-6.413495e-09	-1.671603e-08	-3.459467e+01	-2.689739e+03
7.280000e-06	-6.416628e-09	-1.671928e-08	-3.461155e+01	-2.690452e+03
7.290000e-06	-6.419305e-09	-1.672136e-08	-3.462594e+01	-2.691050e+03
7.300000e-06	-6.421590e-09	-1.672389e-08	-3.463819e+01	-2.691532e+03
7.310000e-06	-6.423486e-09	-1.672699e-08	-3.464833e+01	-2.691896e+03
7.320000e-06	-6.424870e-09	-1.672975e-08	-3.465570e+01	-2.692143e+03
7.330000e-06	-6.425749e-09	-1.673144e-08	-3.466038e+01	-2.692274e+03
7.340000e-06	-6.426267e-09	-1.673159e-08	-3.466316e+01	-2.692291e+03
