# Concentracion g/m^3_=_53300.0
# C_Vs_to_Am_M_A/Vsm_=_128687336408.14134
# pendiente_HvsI_1/m_=_3716.3
# ordenada_HvsI_A/m_=_1297.0
# frecuencia_Hz_=_136330.72772243456
# Promedio de 28 ciclos

Tiempo_(s)	Campo_(V.s)	Magnetizacion_(V.s)	Campo_(kA/m)	Magnetizacion_(A/m)
0.000000e+00	-7.841883e-09	-1.787369e-08	-4.212187e+01	-2.906124e+03
1.000000e-08	-7.842001e-09	-1.787267e-08	-4.212263e+01	-2.905991e+03
2.000000e-08	-7.841678e-09	-1.787038e-08	-4.212102e+01	-2.905750e+03
3.000000e-08	-7.840719e-09	-1.786739e-08	-4.211596e+01	-2.905407e+03
4.000000e-08	-7.838965e-09	-1.786488e-08	-4.210664e+01	-2.904968e+03
5.000000e-08	-7.836400e-09	-1.786226e-08	-4.209292e+01	-2.904436e+03
6.000000e-08	-7.833179e-09	-1.785906e-08	-4.207572e+01	-2.903815e+03
7.000000e-08	-7.829512e-09	-1.785662e-08	-4.205620e+01	-2.903109e+03
8.000000e-08	-7.825452e-09	-1.785213e-08	-4.203460e+01	-2.902321e+03
9.000000e-08	-7.820800e-09	-1.783944e-08	-4.200989e+01	-2.901452e+03
1.000000e-07	-7.815255e-09	-1.782796e-08	-4.198044e+01	-2.900504e+03
1.100000e-07	-7.808765e-09	-1.783534e-08	-4.194580e+01	-2.899479e+03
1.200000e-07	-7.801715e-09	-1.784223e-08	-4.190798e+01	-2.898379e+03
1.300000e-07	-7.794545e-09	-1.781286e-08	-4.186947e+01	-2.897206e+03
1.400000e-07	-7.787179e-09	-1.778257e-08	-4.183011e+01	-2.895963e+03
1.500000e-07	-7.779264e-09	-1.780364e-08	-4.178787e+01	-2.894654e+03
1.600000e-07	-7.770729e-09	-1.782413e-08	-4.174212e+01	-2.893284e+03
1.700000e-07	-7.761778e-09	-1.777243e-08	-4.169398e+01	-2.891857e+03
1.800000e-07	-7.752179e-09	-1.772741e-08	-4.164268e+01	-2.890380e+03
1.900000e-07	-7.741545e-09	-1.776952e-08	-4.158597e+01	-2.888857e+03
2.000000e-07	-7.730112e-09	-1.778877e-08	-4.152474e+01	-2.887296e+03
2.100000e-07	-7.718260e-09	-1.771847e-08	-4.146131e+01	-2.885700e+03
2.200000e-07	-7.705909e-09	-1.768864e-08	-4.139527e+01	-2.884072e+03
2.300000e-07	-7.692848e-09	-1.773564e-08	-4.132530e+01	-2.882416e+03
2.400000e-07	-7.679177e-09	-1.771934e-08	-4.125205e+01	-2.880732e+03
2.500000e-07	-7.664915e-09	-1.765085e-08	-4.117572e+01	-2.879016e+03
2.600000e-07	-7.649733e-09	-1.765720e-08	-4.109450e+01	-2.877264e+03
2.700000e-07	-7.633610e-09	-1.768087e-08	-4.100811e+01	-2.875471e+03
2.800000e-07	-7.616911e-09	-1.762903e-08	-4.091860e+01	-2.873626e+03
2.900000e-07	-7.599746e-09	-1.759890e-08	-4.082676e+01	-2.871718e+03
3.000000e-07	-7.582098e-09	-1.762702e-08	-4.073221e+01	-2.869737e+03
3.100000e-07	-7.564022e-09	-1.759478e-08	-4.063524e+01	-2.867667e+03
3.200000e-07	-7.545488e-09	-1.753223e-08	-4.053588e+01	-2.865495e+03
3.300000e-07	-7.526390e-09	-1.755070e-08	-4.043355e+01	-2.863206e+03
3.400000e-07	-7.506813e-09	-1.756114e-08	-4.032864e+01	-2.860788e+03
3.500000e-07	-7.486913e-09	-1.749090e-08	-4.022200e+01	-2.858228e+03
3.600000e-07	-7.466610e-09	-1.746329e-08	-4.011318e+01	-2.855513e+03
3.700000e-07	-7.445769e-09	-1.749025e-08	-4.000139e+01	-2.852636e+03
3.800000e-07	-7.424372e-09	-1.745255e-08	-3.988663e+01	-2.849589e+03
3.900000e-07	-7.402407e-09	-1.739701e-08	-3.976882e+01	-2.846366e+03
4.000000e-07	-7.379854e-09	-1.740146e-08	-3.964779e+01	-2.842965e+03
4.100000e-07	-7.356770e-09	-1.738482e-08	-3.952396e+01	-2.839386e+03
4.200000e-07	-7.333251e-09	-1.733328e-08	-3.939789e+01	-2.835630e+03
4.300000e-07	-7.309347e-09	-1.732368e-08	-3.926971e+01	-2.831701e+03
4.400000e-07	-7.285035e-09	-1.731303e-08	-3.913928e+01	-2.827604e+03
4.500000e-07	-7.260126e-09	-1.726061e-08	-3.900557e+01	-2.823346e+03
4.600000e-07	-7.234404e-09	-1.723517e-08	-3.886735e+01	-2.818934e+03
4.700000e-07	-7.207868e-09	-1.722835e-08	-3.872480e+01	-2.814378e+03
4.800000e-07	-7.180699e-09	-1.718529e-08	-3.857904e+01	-2.809686e+03
4.900000e-07	-7.153097e-09	-1.714774e-08	-3.843095e+01	-2.804866e+03
5.000000e-07	-7.125153e-09	-1.713313e-08	-3.828099e+01	-2.799926e+03
5.100000e-07	-7.096820e-09	-1.709684e-08	-3.812899e+01	-2.794874e+03
5.200000e-07	-7.067961e-09	-1.705843e-08	-3.797419e+01	-2.789715e+03
5.300000e-07	-7.038548e-09	-1.703830e-08	-3.781639e+01	-2.784454e+03
5.400000e-07	-7.008620e-09	-1.700196e-08	-3.765589e+01	-2.779093e+03
5.500000e-07	-6.978184e-09	-1.695887e-08	-3.749262e+01	-2.773634e+03
5.600000e-07	-6.947231e-09	-1.693335e-08	-3.732653e+01	-2.768075e+03
5.700000e-07	-6.915838e-09	-1.689950e-08	-3.715815e+01	-2.762415e+03
5.800000e-07	-6.884137e-09	-1.685641e-08	-3.698809e+01	-2.756649e+03
5.900000e-07	-6.852144e-09	-1.682570e-08	-3.681642e+01	-2.750774e+03
6.000000e-07	-6.819734e-09	-1.679028e-08	-3.664247e+01	-2.744783e+03
6.100000e-07	-6.786673e-09	-1.674495e-08	-3.646487e+01	-2.738671e+03
6.200000e-07	-6.752816e-09	-1.671003e-08	-3.628287e+01	-2.732433e+03
6.300000e-07	-6.718212e-09	-1.667555e-08	-3.609694e+01	-2.726063e+03
6.400000e-07	-6.683013e-09	-1.663009e-08	-3.590800e+01	-2.719556e+03
6.500000e-07	-6.647380e-09	-1.658865e-08	-3.571680e+01	-2.712910e+03
6.600000e-07	-6.611404e-09	-1.655071e-08	-3.552372e+01	-2.706120e+03
6.700000e-07	-6.575037e-09	-1.650639e-08	-3.532845e+01	-2.699188e+03
6.800000e-07	-6.538152e-09	-1.646146e-08	-3.513040e+01	-2.692111e+03
6.900000e-07	-6.500737e-09	-1.641770e-08	-3.492950e+01	-2.684891e+03
7.000000e-07	-6.462839e-09	-1.636957e-08	-3.472603e+01	-2.677529e+03
7.100000e-07	-6.424470e-09	-1.632156e-08	-3.452003e+01	-2.670027e+03
7.200000e-07	-6.385652e-09	-1.627717e-08	-3.431159e+01	-2.662387e+03
7.300000e-07	-6.346446e-09	-1.623133e-08	-3.410109e+01	-2.654610e+03
7.400000e-07	-6.306905e-09	-1.618189e-08	-3.388884e+01	-2.646697e+03
7.500000e-07	-6.267044e-09	-1.613153e-08	-3.367498e+01	-2.638649e+03
7.600000e-07	-6.226856e-09	-1.608150e-08	-3.345933e+01	-2.630465e+03
7.700000e-07	-6.186206e-09	-1.603063e-08	-3.324102e+01	-2.622143e+03
7.800000e-07	-6.144932e-09	-1.597679e-08	-3.301926e+01	-2.613681e+03
7.900000e-07	-6.102972e-09	-1.592144e-08	-3.279376e+01	-2.605076e+03
8.000000e-07	-6.060347e-09	-1.586716e-08	-3.256470e+01	-2.596325e+03
8.100000e-07	-6.017176e-09	-1.581287e-08	-3.233290e+01	-2.587424e+03
8.200000e-07	-5.973585e-09	-1.575763e-08	-3.209901e+01	-2.578369e+03
8.300000e-07	-5.929643e-09	-1.570182e-08	-3.186319e+01	-2.569159e+03
8.400000e-07	-5.885371e-09	-1.564329e-08	-3.162549e+01	-2.559789e+03
8.500000e-07	-5.840756e-09	-1.558208e-08	-3.138583e+01	-2.550258e+03
8.600000e-07	-5.795746e-09	-1.552148e-08	-3.114407e+01	-2.540565e+03
8.700000e-07	-5.750327e-09	-1.546116e-08	-3.090024e+01	-2.530709e+03
8.800000e-07	-5.704533e-09	-1.539904e-08	-3.065439e+01	-2.520688e+03
8.900000e-07	-5.658352e-09	-1.533662e-08	-3.040650e+01	-2.510504e+03
9.000000e-07	-5.611754e-09	-1.527487e-08	-3.015642e+01	-2.500154e+03
9.100000e-07	-5.564744e-09	-1.521219e-08	-2.990405e+01	-2.489637e+03
9.200000e-07	-5.517364e-09	-1.514764e-08	-2.964970e+01	-2.478951e+03
9.300000e-07	-5.469641e-09	-1.508113e-08	-2.939357e+01	-2.468094e+03
9.400000e-07	-5.421552e-09	-1.501259e-08	-2.913553e+01	-2.457059e+03
9.500000e-07	-5.373055e-09	-1.494235e-08	-2.887532e+01	-2.445844e+03
9.600000e-07	-5.324067e-09	-1.487218e-08	-2.861245e+01	-2.434442e+03
9.700000e-07	-5.274492e-09	-1.480178e-08	-2.834629e+01	-2.422846e+03
9.800000e-07	-5.224305e-09	-1.472966e-08	-2.807683e+01	-2.411052e+03
9.900000e-07	-5.173560e-09	-1.465622e-08	-2.780437e+01	-2.399053e+03
1.000000e-06	-5.122348e-09	-1.458205e-08	-2.752944e+01	-2.386845e+03
1.010000e-06	-5.070747e-09	-1.450631e-08	-2.725246e+01	-2.374423e+03
1.020000e-06	-5.018789e-09	-1.442833e-08	-2.697355e+01	-2.361788e+03
1.030000e-06	-4.966486e-09	-1.434868e-08	-2.669285e+01	-2.348937e+03
1.040000e-06	-4.913822e-09	-1.426818e-08	-2.641025e+01	-2.335872e+03
1.050000e-06	-4.860785e-09	-1.418714e-08	-2.612561e+01	-2.322595e+03
1.060000e-06	-4.807369e-09	-1.410550e-08	-2.583895e+01	-2.309110e+03
1.070000e-06	-4.753589e-09	-1.402238e-08	-2.555035e+01	-2.295419e+03
1.080000e-06	-4.699460e-09	-1.393750e-08	-2.525991e+01	-2.281526e+03
1.090000e-06	-4.644979e-09	-1.385161e-08	-2.496762e+01	-2.267431e+03
1.100000e-06	-4.590171e-09	-1.376472e-08	-2.467353e+01	-2.253136e+03
1.110000e-06	-4.535064e-09	-1.367607e-08	-2.437781e+01	-2.238637e+03
1.120000e-06	-4.479672e-09	-1.358576e-08	-2.408064e+01	-2.223930e+03
1.130000e-06	-4.424045e-09	-1.349417e-08	-2.378224e+01	-2.209006e+03
1.140000e-06	-4.368225e-09	-1.340119e-08	-2.348277e+01	-2.193855e+03
1.150000e-06	-4.312196e-09	-1.330675e-08	-2.318224e+01	-2.178465e+03
1.160000e-06	-4.255921e-09	-1.321098e-08	-2.288038e+01	-2.162823e+03
1.170000e-06	-4.199351e-09	-1.311329e-08	-2.257680e+01	-2.146912e+03
1.180000e-06	-4.142395e-09	-1.301328e-08	-2.227098e+01	-2.130718e+03
1.190000e-06	-4.084957e-09	-1.291166e-08	-2.196251e+01	-2.114228e+03
1.200000e-06	-4.027020e-09	-1.280865e-08	-2.165137e+01	-2.097430e+03
1.210000e-06	-3.968620e-09	-1.270368e-08	-2.133768e+01	-2.080315e+03
1.220000e-06	-3.909797e-09	-1.259624e-08	-2.102175e+01	-2.062876e+03
1.230000e-06	-3.850615e-09	-1.248662e-08	-2.070402e+01	-2.045112e+03
1.240000e-06	-3.791174e-09	-1.237558e-08	-2.038495e+01	-2.027021e+03
1.250000e-06	-3.731522e-09	-1.226355e-08	-2.006477e+01	-2.008607e+03
1.260000e-06	-3.671676e-09	-1.215007e-08	-1.974364e+01	-1.989875e+03
1.270000e-06	-3.611650e-09	-1.203456e-08	-1.942165e+01	-1.970828e+03
1.280000e-06	-3.551448e-09	-1.191724e-08	-1.909866e+01	-1.951473e+03
1.290000e-06	-3.491082e-09	-1.179837e-08	-1.877472e+01	-1.931814e+03
1.300000e-06	-3.430515e-09	-1.167698e-08	-1.844966e+01	-1.911851e+03
1.310000e-06	-3.369698e-09	-1.155234e-08	-1.812323e+01	-1.891582e+03
1.320000e-06	-3.308622e-09	-1.142498e-08	-1.779545e+01	-1.871003e+03
1.330000e-06	-3.247290e-09	-1.129560e-08	-1.746635e+01	-1.850104e+03
1.340000e-06	-3.185706e-09	-1.116443e-08	-1.713585e+01	-1.828871e+03
1.350000e-06	-3.123879e-09	-1.103145e-08	-1.680397e+01	-1.807287e+03
1.360000e-06	-3.061818e-09	-1.089649e-08	-1.647085e+01	-1.785335e+03
1.370000e-06	-2.999538e-09	-1.075928e-08	-1.613656e+01	-1.762991e+03
1.380000e-06	-2.937065e-09	-1.061927e-08	-1.580119e+01	-1.740237e+03
1.390000e-06	-2.874408e-09	-1.047667e-08	-1.546483e+01	-1.717051e+03
1.400000e-06	-2.811572e-09	-1.033188e-08	-1.512752e+01	-1.693414e+03
1.410000e-06	-2.748558e-09	-1.018421e-08	-1.478923e+01	-1.669311e+03
1.420000e-06	-2.685369e-09	-1.003274e-08	-1.445005e+01	-1.644728e+03
1.430000e-06	-2.622028e-09	-9.877482e-09	-1.411004e+01	-1.619656e+03
1.440000e-06	-2.558532e-09	-9.719539e-09	-1.376920e+01	-1.594087e+03
1.450000e-06	-2.494881e-09	-9.559146e-09	-1.342759e+01	-1.568017e+03
1.460000e-06	-2.431102e-09	-9.395583e-09	-1.308534e+01	-1.541442e+03
1.470000e-06	-2.367204e-09	-9.229035e-09	-1.274240e+01	-1.514360e+03
1.480000e-06	-2.303157e-09	-9.059462e-09	-1.239866e+01	-1.486766e+03
1.490000e-06	-2.238970e-09	-8.885983e-09	-1.205427e+01	-1.458654e+03
1.500000e-06	-2.174667e-09	-8.708792e-09	-1.170924e+01	-1.430014e+03
1.510000e-06	-2.110212e-09	-8.528480e-09	-1.136329e+01	-1.400834e+03
1.520000e-06	-2.045596e-09	-8.345258e-09	-1.101640e+01	-1.371097e+03
1.530000e-06	-1.980832e-09	-8.159055e-09	-1.066870e+01	-1.340781e+03
1.540000e-06	-1.915913e-09	-7.969601e-09	-1.032012e+01	-1.309861e+03
1.550000e-06	-1.850826e-09	-7.775991e-09	-9.970570e+00	-1.278309e+03
1.560000e-06	-1.785583e-09	-7.577370e-09	-9.620153e+00	-1.246095e+03
1.570000e-06	-1.720164e-09	-7.373922e-09	-9.268805e+00	-1.213189e+03
1.580000e-06	-1.654549e-09	-7.166258e-09	-8.916363e+00	-1.179562e+03
1.590000e-06	-1.588734e-09	-6.954660e-09	-8.562718e+00	-1.145184e+03
1.600000e-06	-1.522698e-09	-6.738714e-09	-8.207785e+00	-1.110032e+03
1.610000e-06	-1.456460e-09	-6.517961e-09	-7.851736e+00	-1.074081e+03
1.620000e-06	-1.390049e-09	-6.292275e-09	-7.494830e+00	-1.037313e+03
1.630000e-06	-1.323517e-09	-6.061481e-09	-7.137367e+00	-9.997099e+02
1.640000e-06	-1.256863e-09	-5.825044e-09	-6.779345e+00	-9.612575e+02
1.650000e-06	-1.190090e-09	-5.582922e-09	-6.420727e+00	-9.219408e+02
1.660000e-06	-1.123238e-09	-5.335389e-09	-6.061648e+00	-8.817442e+02
1.670000e-06	-1.056309e-09	-5.082210e-09	-5.702091e+00	-8.406499e+02
1.680000e-06	-9.893033e-10	-4.823308e-09	-5.342131e+00	-7.986370e+02
1.690000e-06	-9.222392e-10	-4.558905e-09	-4.981891e+00	-7.556802e+02
1.700000e-06	-8.551179e-10	-4.288856e-09	-4.621354e+00	-7.117502e+02
1.710000e-06	-7.879273e-10	-4.012492e-09	-4.260452e+00	-6.668137e+02
1.720000e-06	-7.206666e-10	-3.729669e-09	-3.899208e+00	-6.208348e+02
1.730000e-06	-6.533364e-10	-3.440156e-09	-3.537657e+00	-5.737774e+02
1.740000e-06	-5.859448e-10	-3.143494e-09	-3.175806e+00	-5.256077e+02
1.750000e-06	-5.185139e-10	-2.839797e-09	-2.813769e+00	-4.762980e+02
1.760000e-06	-4.510469e-10	-2.529123e-09	-2.451537e+00	-4.258300e+02
1.770000e-06	-3.835330e-10	-2.211718e-09	-2.089039e+00	-3.741995e+02
1.780000e-06	-3.159735e-10	-1.887511e-09	-1.726306e+00	-3.214197e+02
1.790000e-06	-2.483973e-10	-1.556660e-09	-1.363453e+00	-2.675249e+02
1.800000e-06	-1.808424e-10	-1.219799e-09	-1.000704e+00	-2.125732e+02
1.810000e-06	-1.132950e-10	-8.774025e-10	-6.380493e-01	-1.566478e+02
1.820000e-06	-4.575613e-11	-5.301740e-10	-2.754693e-01	-9.985807e+01
1.830000e-06	2.176519e-11	-1.782676e-10	8.701542e-02	-4.233822e+01
1.840000e-06	8.927088e-11	1.778603e-10	4.494076e-01	1.575455e+01
1.850000e-06	1.567821e-10	5.369948e-10	8.118176e-01	7.424353e+01
1.860000e-06	2.243044e-10	8.976147e-10	1.174310e+00	1.329370e+02
1.870000e-06	2.918208e-10	1.258143e-09	1.536799e+00	1.916337e+02
1.880000e-06	3.593253e-10	1.616823e-09	1.899218e+00	2.501285e+02
1.890000e-06	4.268096e-10	1.972174e-09	2.261557e+00	3.082187e+02
1.900000e-06	4.942693e-10	2.322874e-09	2.623820e+00	3.657103e+02
1.910000e-06	5.617030e-10	2.668040e-09	2.985923e+00	4.224232e+02
1.920000e-06	6.291008e-10	3.007457e-09	3.347813e+00	4.781959e+02
1.930000e-06	6.964327e-10	3.340095e-09	3.709412e+00	5.328899e+02
1.940000e-06	7.637087e-10	3.664528e-09	4.070755e+00	5.863915e+02
1.950000e-06	8.309235e-10	3.980721e-09	4.431812e+00	6.386135e+02
1.960000e-06	8.980650e-10	4.289370e-09	4.792483e+00	6.894954e+02
1.970000e-06	9.651337e-10	4.590130e-09	5.152750e+00	7.390018e+02
1.980000e-06	1.032113e-09	4.882626e-09	5.512597e+00	7.871204e+02
1.990000e-06	1.099007e-09	5.167085e-09	5.872055e+00	8.338594e+02
2.000000e-06	1.165842e-09	5.443820e-09	6.231212e+00	8.792432e+02
2.010000e-06	1.232589e-09	5.712719e-09	6.589927e+00	9.233093e+02
2.020000e-06	1.299218e-09	5.973692e-09	6.948002e+00	9.661042e+02
2.030000e-06	1.365708e-09	6.226881e-09	7.305303e+00	1.007680e+03
2.040000e-06	1.432033e-09	6.472326e-09	7.661780e+00	1.048090e+03
2.050000e-06	1.498205e-09	6.710715e-09	8.017498e+00	1.087390e+03
2.060000e-06	1.564219e-09	6.943532e-09	8.372371e+00	1.125629e+03
2.070000e-06	1.630035e-09	7.171041e-09	8.726187e+00	1.162857e+03
2.080000e-06	1.695630e-09	7.392335e-09	9.078798e+00	1.199117e+03
2.090000e-06	1.761015e-09	7.607619e-09	9.430253e+00	1.234448e+03
2.100000e-06	1.826205e-09	7.817197e-09	9.780614e+00	1.268886e+03
2.110000e-06	1.891215e-09	8.020911e-09	1.012996e+01	1.302462e+03
2.120000e-06	1.956053e-09	8.219062e-09	1.047839e+01	1.335206e+03
2.130000e-06	2.020744e-09	8.412325e-09	1.082593e+01	1.367145e+03
2.140000e-06	2.085298e-09	8.601105e-09	1.117258e+01	1.398305e+03
2.150000e-06	2.149697e-09	8.786259e-09	1.151846e+01	1.428712e+03
2.160000e-06	2.213952e-09	8.968311e-09	1.186361e+01	1.458393e+03
2.170000e-06	2.278071e-09	9.146275e-09	1.220790e+01	1.487373e+03
2.180000e-06	2.342053e-09	9.319352e-09	1.255132e+01	1.515677e+03
2.190000e-06	2.405897e-09	9.487830e-09	1.289400e+01	1.543332e+03
2.200000e-06	2.469598e-09	9.652528e-09	1.323601e+01	1.570364e+03
2.210000e-06	2.533147e-09	9.814016e-09	1.357720e+01	1.596797e+03
2.220000e-06	2.596545e-09	9.972396e-09	1.391758e+01	1.622655e+03
2.230000e-06	2.659788e-09	1.012702e-08	1.425715e+01	1.647962e+03
2.240000e-06	2.722861e-09	1.027755e-08	1.459577e+01	1.672738e+03
2.250000e-06	2.785753e-09	1.042438e-08	1.493346e+01	1.697005e+03
2.260000e-06	2.848469e-09	1.056814e-08	1.527031e+01	1.720780e+03
2.270000e-06	2.911020e-09	1.070933e-08	1.560630e+01	1.744081e+03
2.280000e-06	2.973412e-09	1.084802e-08	1.594135e+01	1.766925e+03
2.290000e-06	3.035623e-09	1.098424e-08	1.627541e+01	1.789328e+03
2.300000e-06	3.097623e-09	1.111778e-08	1.660841e+01	1.811305e+03
2.310000e-06	3.159405e-09	1.124884e-08	1.694024e+01	1.832869e+03
2.320000e-06	3.220948e-09	1.137790e-08	1.727079e+01	1.854036e+03
2.330000e-06	3.282239e-09	1.150460e-08	1.759998e+01	1.874818e+03
2.340000e-06	3.343273e-09	1.162830e-08	1.792776e+01	1.895228e+03
2.350000e-06	3.404055e-09	1.174896e-08	1.825424e+01	1.915278e+03
2.360000e-06	3.464596e-09	1.186731e-08	1.857945e+01	1.934978e+03
2.370000e-06	3.524922e-09	1.198395e-08	1.890339e+01	1.954337e+03
2.380000e-06	3.585057e-09	1.209860e-08	1.922620e+01	1.973364e+03
2.390000e-06	3.645013e-09	1.221120e-08	1.954799e+01	1.992064e+03
2.400000e-06	3.704801e-09	1.232221e-08	1.986889e+01	2.010443e+03
2.410000e-06	3.764408e-09	1.243169e-08	2.018887e+01	2.028505e+03
2.420000e-06	3.823801e-09	1.253983e-08	2.050781e+01	2.046253e+03
2.430000e-06	3.882905e-09	1.264673e-08	2.082537e+01	2.063690e+03
2.440000e-06	3.941646e-09	1.275209e-08	2.114112e+01	2.080818e+03
2.450000e-06	3.999975e-09	1.285540e-08	2.145472e+01	2.097641e+03
2.460000e-06	4.057846e-09	1.295639e-08	2.176587e+01	2.114164e+03
2.470000e-06	4.115256e-09	1.305514e-08	2.207445e+01	2.130393e+03
2.480000e-06	4.172233e-09	1.315152e-08	2.238060e+01	2.146334e+03
2.490000e-06	4.228819e-09	1.324588e-08	2.268461e+01	2.161997e+03
2.500000e-06	4.285095e-09	1.333856e-08	2.298684e+01	2.177392e+03
2.510000e-06	4.341104e-09	1.342967e-08	2.328758e+01	2.192531e+03
2.520000e-06	4.396860e-09	1.351936e-08	2.358698e+01	2.207424e+03
2.530000e-06	4.452379e-09	1.360766e-08	2.388515e+01	2.222084e+03
2.540000e-06	4.507641e-09	1.369476e-08	2.418200e+01	2.236520e+03
2.550000e-06	4.562603e-09	1.378063e-08	2.447726e+01	2.250742e+03
2.560000e-06	4.617253e-09	1.386517e-08	2.477089e+01	2.264756e+03
2.570000e-06	4.671602e-09	1.394855e-08	2.506284e+01	2.278568e+03
2.580000e-06	4.725643e-09	1.403107e-08	2.535304e+01	2.292178e+03
2.590000e-06	4.779372e-09	1.411296e-08	2.564157e+01	2.305587e+03
2.600000e-06	4.832772e-09	1.419393e-08	2.592844e+01	2.318792e+03
2.610000e-06	4.885782e-09	1.427373e-08	2.621331e+01	2.331790e+03
2.620000e-06	4.938397e-09	1.435223e-08	2.649606e+01	2.344574e+03
2.630000e-06	4.990625e-09	1.442898e-08	2.677674e+01	2.357141e+03
2.640000e-06	5.042460e-09	1.450389e-08	2.705528e+01	2.369486e+03
2.650000e-06	5.093904e-09	1.457729e-08	2.733173e+01	2.381608e+03
2.660000e-06	5.144894e-09	1.464935e-08	2.760590e+01	2.393508e+03
2.670000e-06	5.195359e-09	1.472028e-08	2.787738e+01	2.405188e+03
2.680000e-06	5.245252e-09	1.478994e-08	2.814580e+01	2.416654e+03
2.690000e-06	5.294570e-09	1.485819e-08	2.841113e+01	2.427917e+03
2.700000e-06	5.343359e-09	1.492505e-08	2.867353e+01	2.438988e+03
2.710000e-06	5.391708e-09	1.499071e-08	2.893337e+01	2.449880e+03
2.720000e-06	5.439707e-09	1.505573e-08	2.919120e+01	2.460608e+03
2.730000e-06	5.487392e-09	1.511999e-08	2.944734e+01	2.471187e+03
2.740000e-06	5.534754e-09	1.518333e-08	2.970183e+01	2.481628e+03
2.750000e-06	5.581736e-09	1.524620e-08	2.995435e+01	2.491944e+03
2.760000e-06	5.628285e-09	1.530850e-08	3.020468e+01	2.502142e+03
2.770000e-06	5.674415e-09	1.536970e-08	3.045277e+01	2.512225e+03
2.780000e-06	5.720148e-09	1.542970e-08	3.069869e+01	2.522195e+03
2.790000e-06	5.765488e-09	1.548856e-08	3.094253e+01	2.532047e+03
2.800000e-06	5.810442e-09	1.554653e-08	3.118420e+01	2.541774e+03
2.810000e-06	5.855007e-09	1.560389e-08	3.142372e+01	2.551367e+03
2.820000e-06	5.899249e-09	1.566103e-08	3.166140e+01	2.560813e+03
2.830000e-06	5.943222e-09	1.571769e-08	3.189753e+01	2.570099e+03
2.840000e-06	5.986919e-09	1.577298e-08	3.213224e+01	2.579212e+03
2.850000e-06	6.030291e-09	1.582671e-08	3.236544e+01	2.588142e+03
2.860000e-06	6.073208e-09	1.587955e-08	3.259641e+01	2.596878e+03
2.870000e-06	6.115474e-09	1.593166e-08	3.282419e+01	2.605415e+03
2.880000e-06	6.156988e-09	1.598257e-08	3.304806e+01	2.613751e+03
2.890000e-06	6.197815e-09	1.603209e-08	3.326798e+01	2.621885e+03
2.900000e-06	6.238126e-09	1.608033e-08	3.348476e+01	2.629824e+03
2.910000e-06	6.278079e-09	1.612753e-08	3.369939e+01	2.637574e+03
2.920000e-06	6.317721e-09	1.617411e-08	3.391231e+01	2.645146e+03
2.930000e-06	6.357009e-09	1.622041e-08	3.412343e+01	2.652553e+03
2.940000e-06	6.395892e-09	1.626579e-08	3.433247e+01	2.659807e+03
2.950000e-06	6.434327e-09	1.630955e-08	3.453919e+01	2.666922e+03
2.960000e-06	6.472297e-09	1.635213e-08	3.474343e+01	2.673910e+03
2.970000e-06	6.509803e-09	1.639422e-08	3.494518e+01	2.680781e+03
2.980000e-06	6.546833e-09	1.643589e-08	3.514440e+01	2.687546e+03
2.990000e-06	6.583405e-09	1.647652e-08	3.534105e+01	2.694209e+03
3.000000e-06	6.619594e-09	1.651571e-08	3.553548e+01	2.700777e+03
3.010000e-06	6.655474e-09	1.655382e-08	3.572825e+01	2.707251e+03
3.020000e-06	6.691036e-09	1.659137e-08	3.591944e+01	2.713633e+03
3.030000e-06	6.726156e-09	1.662892e-08	3.610846e+01	2.719922e+03
3.040000e-06	6.760639e-09	1.666626e-08	3.629428e+01	2.726118e+03
3.050000e-06	6.794363e-09	1.670298e-08	3.647613e+01	2.732218e+03
3.060000e-06	6.827349e-09	1.673915e-08	3.665390e+01	2.738222e+03
3.070000e-06	6.859733e-09	1.677474e-08	3.682810e+01	2.744127e+03
3.080000e-06	6.891695e-09	1.680919e-08	3.699984e+01	2.749934e+03
3.090000e-06	6.923315e-09	1.684236e-08	3.716976e+01	2.755641e+03
3.100000e-06	6.954557e-09	1.687499e-08	3.733776e+01	2.761249e+03
3.110000e-06	6.985344e-09	1.690738e-08	3.750340e+01	2.766757e+03
3.120000e-06	7.015622e-09	1.693993e-08	3.766634e+01	2.772164e+03
3.130000e-06	7.045378e-09	1.697309e-08	3.782645e+01	2.777470e+03
3.140000e-06	7.074611e-09	1.700603e-08	3.798382e+01	2.782672e+03
3.150000e-06	7.103344e-09	1.703722e-08	3.813853e+01	2.787767e+03
3.160000e-06	7.131655e-09	1.706656e-08	3.829076e+01	2.792751e+03
3.170000e-06	7.159633e-09	1.709483e-08	3.844106e+01	2.797619e+03
3.180000e-06	7.187290e-09	1.712228e-08	3.858966e+01	2.802366e+03
3.190000e-06	7.214503e-09	1.714905e-08	3.873613e+01	2.806986e+03
3.200000e-06	7.241063e-09	1.717568e-08	3.887940e+01	2.811473e+03
3.210000e-06	7.266820e-09	1.720248e-08	3.901847e+01	2.815822e+03
3.220000e-06	7.291769e-09	1.722924e-08	3.915307e+01	2.820030e+03
3.230000e-06	7.316073e-09	1.725523e-08	3.928390e+01	2.824095e+03
3.240000e-06	7.339914e-09	1.727955e-08	3.941210e+01	2.828017e+03
3.250000e-06	7.363312e-09	1.730201e-08	3.953797e+01	2.831797e+03
3.260000e-06	7.386190e-09	1.732343e-08	3.966110e+01	2.835442e+03
3.270000e-06	7.408516e-09	1.734442e-08	3.978124e+01	2.838956e+03
3.280000e-06	7.430328e-09	1.736493e-08	3.989860e+01	2.842347e+03
3.290000e-06	7.451632e-09	1.738518e-08	4.001332e+01	2.845625e+03
3.300000e-06	7.472412e-09	1.740491e-08	4.012516e+01	2.848800e+03
3.310000e-06	7.492726e-09	1.742382e-08	4.023435e+01	2.851879e+03
3.320000e-06	7.512673e-09	1.744218e-08	4.034148e+01	2.854873e+03
3.330000e-06	7.532271e-09	1.745963e-08	4.044680e+01	2.857787e+03
3.340000e-06	7.551419e-09	1.747579e-08	4.054990e+01	2.860628e+03
3.350000e-06	7.569994e-09	1.749136e-08	4.064998e+01	2.863399e+03
3.360000e-06	7.587952e-09	1.750704e-08	4.074666e+01	2.866101e+03
3.370000e-06	7.605351e-09	1.752262e-08	4.084025e+01	2.868735e+03
3.380000e-06	7.622295e-09	1.753758e-08	4.093131e+01	2.871299e+03
3.390000e-06	7.638770e-09	1.755168e-08	4.101990e+01	2.873790e+03
3.400000e-06	7.654612e-09	1.756521e-08	4.110533e+01	2.876205e+03
3.410000e-06	7.669719e-09	1.757839e-08	4.118690e+01	2.878540e+03
3.420000e-06	7.684126e-09	1.759121e-08	4.126457e+01	2.880792e+03
3.430000e-06	7.697927e-09	1.760332e-08	4.133892e+01	2.882959e+03
3.440000e-06	7.711157e-09	1.761487e-08	4.141024e+01	2.885040e+03
3.450000e-06	7.723800e-09	1.762622e-08	4.147842e+01	2.887035e+03
3.460000e-06	7.735906e-09	1.763733e-08	4.154368e+01	2.888945e+03
3.470000e-06	7.747503e-09	1.764821e-08	4.160625e+01	2.890772e+03
3.480000e-06	7.758486e-09	1.765872e-08	4.166568e+01	2.892520e+03
3.490000e-06	7.768677e-09	1.766854e-08	4.172091e+01	2.894192e+03
3.500000e-06	7.777996e-09	1.767765e-08	4.177143e+01	2.895789e+03
3.510000e-06	7.786557e-09	1.768645e-08	4.181777e+01	2.897316e+03
3.520000e-06	7.794600e-09	1.769516e-08	4.186113e+01	2.898771e+03
3.530000e-06	7.802265e-09	1.770367e-08	4.190240e+01	2.900157e+03
3.540000e-06	7.809464e-09	1.771158e-08	4.194128e+01	2.901470e+03
3.550000e-06	7.816085e-09	1.771833e-08	4.197713e+01	2.902707e+03
3.560000e-06	7.822131e-09	1.772433e-08	4.200988e+01	2.903863e+03
3.570000e-06	7.827612e-09	1.773004e-08	4.203958e+01	2.904933e+03
3.580000e-06	7.832524e-09	1.773527e-08	4.206616e+01	2.905911e+03
3.590000e-06	7.836920e-09	1.774022e-08	4.208987e+01	2.906788e+03
3.600000e-06	7.840906e-09	1.774512e-08	4.211134e+01	2.907560e+03
3.610000e-06	7.844533e-09	1.774988e-08	4.213095e+01	2.908220e+03
3.620000e-06	7.847664e-09	1.775366e-08	4.214808e+01	2.908764e+03
3.630000e-06	7.850060e-09	1.775599e-08	4.216151e+01	2.909190e+03
3.640000e-06	7.851605e-09	1.775719e-08	4.217042e+01	2.909495e+03
3.650000e-06	7.852378e-09	1.775770e-08	4.217501e+01	2.909680e+03
3.660000e-06	7.852579e-09	1.775760e-08	4.217630e+01	2.909747e+03
3.670000e-06	7.852365e-09	1.775698e-08	4.217528e+01	2.909699e+03
3.680000e-06	7.851715e-09	1.775623e-08	4.217202e+01	2.909541e+03
3.690000e-06	7.850539e-09	1.775563e-08	4.216591e+01	2.909277e+03
3.700000e-06	7.848816e-09	1.775446e-08	4.215688e+01	2.908912e+03
3.710000e-06	7.846607e-09	1.775174e-08	4.214535e+01	2.908451e+03
3.720000e-06	7.843923e-09	1.774757e-08	4.213131e+01	2.907898e+03
3.730000e-06	7.840714e-09	1.774147e-08	4.211440e+01	2.907258e+03
3.740000e-06	7.837038e-09	1.773563e-08	4.209482e+01	2.906533e+03
3.750000e-06	7.832934e-09	1.773906e-08	4.207295e+01	2.905726e+03
3.760000e-06	7.828153e-09	1.774236e-08	4.204773e+01	2.904839e+03
3.770000e-06	7.822260e-09	1.771635e-08	4.201672e+01	2.903874e+03
3.780000e-06	7.815222e-09	1.768833e-08	4.197933e+01	2.902832e+03
3.790000e-06	7.807581e-09	1.771027e-08	4.193844e+01	2.901715e+03
3.800000e-06	7.799784e-09	1.773262e-08	4.189676e+01	2.900526e+03
3.810000e-06	7.791709e-09	1.769089e-08	4.185378e+01	2.899268e+03
3.820000e-06	7.783025e-09	1.764536e-08	4.180752e+01	2.897945e+03
3.830000e-06	7.773786e-09	1.768121e-08	4.175809e+01	2.896561e+03
3.840000e-06	7.764271e-09	1.771802e-08	4.170721e+01	2.895122e+03
3.850000e-06	7.754337e-09	1.765315e-08	4.165427e+01	2.893634e+03
3.860000e-06	7.743635e-09	1.760087e-08	4.159723e+01	2.892102e+03
3.870000e-06	7.732284e-09	1.765825e-08	4.153655e+01	2.890533e+03
3.880000e-06	7.720525e-09	1.768472e-08	4.147371e+01	2.888929e+03
3.890000e-06	7.708232e-09	1.760560e-08	4.140813e+01	2.887295e+03
3.900000e-06	7.695181e-09	1.758523e-08	4.133851e+01	2.885633e+03
3.910000e-06	7.681403e-09	1.765857e-08	4.126499e+01	2.883941e+03
3.920000e-06	7.666891e-09	1.764562e-08	4.118754e+01	2.882217e+03
3.930000e-06	7.651539e-09	1.755964e-08	4.110550e+01	2.880457e+03
3.940000e-06	7.635547e-09	1.757874e-08	4.101980e+01	2.878652e+03
3.950000e-06	7.619157e-09	1.763137e-08	4.093188e+01	2.876794e+03
3.960000e-06	7.602287e-09	1.757308e-08	4.084154e+01	2.874871e+03
3.970000e-06	7.584820e-09	1.753593e-08	4.074800e+01	2.872870e+03
3.980000e-06	7.566839e-09	1.759682e-08	4.065164e+01	2.870779e+03
3.990000e-06	7.548410e-09	1.758350e-08	4.055294e+01	2.868581e+03
4.000000e-06	7.529458e-09	1.749918e-08	4.045143e+01	2.866265e+03
4.010000e-06	7.509971e-09	1.751837e-08	4.034694e+01	2.863815e+03
4.020000e-06	7.490082e-09	1.756044e-08	4.024020e+01	2.861220e+03
4.030000e-06	7.469852e-09	1.749576e-08	4.013166e+01	2.858470e+03
4.040000e-06	7.449207e-09	1.746631e-08	4.002108e+01	2.855555e+03
4.050000e-06	7.427967e-09	1.752115e-08	3.990749e+01	2.852468e+03
4.060000e-06	7.405865e-09	1.749425e-08	3.978936e+01	2.849205e+03
4.070000e-06	7.382821e-09	1.742534e-08	3.966606e+01	2.845764e+03
4.080000e-06	7.359084e-09	1.743985e-08	3.953888e+01	2.842144e+03
4.090000e-06	7.334920e-09	1.743136e-08	3.940930e+01	2.838349e+03
4.100000e-06	7.310385e-09	1.736277e-08	3.927773e+01	2.834381e+03
4.110000e-06	7.285416e-09	1.735269e-08	3.914396e+01	2.830247e+03
4.120000e-06	7.259944e-09	1.735533e-08	3.900752e+01	2.825953e+03
4.130000e-06	7.233949e-09	1.729959e-08	3.886824e+01	2.821508e+03
4.140000e-06	7.207463e-09	1.726877e-08	3.872631e+01	2.816920e+03
4.150000e-06	7.180453e-09	1.726340e-08	3.858152e+01	2.812198e+03
4.160000e-06	7.152920e-09	1.721866e-08	3.843383e+01	2.807351e+03
4.170000e-06	7.124979e-09	1.718325e-08	3.828388e+01	2.802385e+03
4.180000e-06	7.096700e-09	1.716906e-08	3.813212e+01	2.797309e+03
4.190000e-06	7.067967e-09	1.712589e-08	3.797805e+01	2.792126e+03
4.200000e-06	7.038622e-09	1.708882e-08	3.782085e+01	2.786842e+03
4.210000e-06	7.008492e-09	1.707241e-08	3.765952e+01	2.781459e+03
4.220000e-06	6.977509e-09	1.703143e-08	3.749358e+01	2.775977e+03
4.230000e-06	6.945876e-09	1.698931e-08	3.732394e+01	2.770396e+03
4.240000e-06	6.913818e-09	1.696560e-08	3.715195e+01	2.764712e+03
4.250000e-06	6.881411e-09	1.692465e-08	3.697813e+01	2.758922e+03
4.260000e-06	6.848605e-09	1.688269e-08	3.680211e+01	2.753021e+03
4.270000e-06	6.815332e-09	1.685787e-08	3.662358e+01	2.747003e+03
4.280000e-06	6.781600e-09	1.681762e-08	3.644256e+01	2.740863e+03
4.290000e-06	6.747442e-09	1.677015e-08	3.625924e+01	2.734595e+03
4.300000e-06	6.712841e-09	1.673876e-08	3.607361e+01	2.728194e+03
4.310000e-06	6.677736e-09	1.670062e-08	3.588538e+01	2.721656e+03
4.320000e-06	6.642140e-09	1.665307e-08	3.569446e+01	2.714978e+03
4.330000e-06	6.606169e-09	1.661439e-08	3.550137e+01	2.708156e+03
4.340000e-06	6.569878e-09	1.657377e-08	3.530659e+01	2.701190e+03
4.350000e-06	6.533150e-09	1.652689e-08	3.510966e+01	2.694081e+03
4.360000e-06	6.495795e-09	1.648518e-08	3.490948e+01	2.686829e+03
4.370000e-06	6.457691e-09	1.644223e-08	3.470521e+01	2.679435e+03
4.380000e-06	6.418859e-09	1.639289e-08	3.449700e+01	2.671901e+03
4.390000e-06	6.379472e-09	1.634468e-08	3.428559e+01	2.664230e+03
4.400000e-06	6.339683e-09	1.629861e-08	3.407188e+01	2.656422e+03
4.410000e-06	6.299556e-09	1.625147e-08	3.385644e+01	2.648479e+03
4.420000e-06	6.259059e-09	1.620235e-08	3.363909e+01	2.640400e+03
4.430000e-06	6.218130e-09	1.615133e-08	3.341942e+01	2.632185e+03
4.440000e-06	6.176756e-09	1.610080e-08	3.319735e+01	2.623832e+03
4.450000e-06	6.134944e-09	1.605049e-08	3.297291e+01	2.615338e+03
4.460000e-06	6.092704e-09	1.599716e-08	3.274618e+01	2.606700e+03
4.470000e-06	6.050027e-09	1.594216e-08	3.251714e+01	2.597915e+03
4.480000e-06	6.006912e-09	1.588731e-08	3.228571e+01	2.588979e+03
4.490000e-06	5.963390e-09	1.583118e-08	3.205204e+01	2.579890e+03
4.500000e-06	5.919523e-09	1.577478e-08	3.181652e+01	2.570643e+03
4.510000e-06	5.875378e-09	1.571916e-08	3.157949e+01	2.561237e+03
4.520000e-06	5.830968e-09	1.566071e-08	3.134102e+01	2.551670e+03
4.530000e-06	5.786233e-09	1.559931e-08	3.110083e+01	2.541940e+03
4.540000e-06	5.741080e-09	1.553898e-08	3.085846e+01	2.532046e+03
4.550000e-06	5.695470e-09	1.547925e-08	3.061365e+01	2.521989e+03
4.560000e-06	5.649438e-09	1.541682e-08	3.036648e+01	2.511767e+03
4.570000e-06	5.603003e-09	1.535255e-08	3.011707e+01	2.501379e+03
4.580000e-06	5.556178e-09	1.528794e-08	2.986564e+01	2.490824e+03
4.590000e-06	5.508992e-09	1.522163e-08	2.961228e+01	2.480100e+03
4.600000e-06	5.461416e-09	1.515359e-08	2.935687e+01	2.469203e+03
4.610000e-06	5.413354e-09	1.508509e-08	2.909892e+01	2.458128e+03
4.620000e-06	5.364774e-09	1.501556e-08	2.883812e+01	2.446871e+03
4.630000e-06	5.315718e-09	1.494437e-08	2.857470e+01	2.435425e+03
4.640000e-06	5.266221e-09	1.487304e-08	2.830886e+01	2.423785e+03
4.650000e-06	5.216296e-09	1.480217e-08	2.804075e+01	2.411945e+03
4.660000e-06	5.165980e-09	1.472981e-08	2.777056e+01	2.399898e+03
4.670000e-06	5.115308e-09	1.465476e-08	2.749847e+01	2.387642e+03
4.680000e-06	5.064240e-09	1.457795e-08	2.722426e+01	2.375172e+03
4.690000e-06	5.012780e-09	1.450001e-08	2.694795e+01	2.362488e+03
4.700000e-06	4.960967e-09	1.442049e-08	2.666979e+01	2.349588e+03
4.710000e-06	4.908770e-09	1.433962e-08	2.638968e+01	2.336475e+03
4.720000e-06	4.856168e-09	1.425780e-08	2.610743e+01	2.323151e+03
4.730000e-06	4.803108e-09	1.417522e-08	2.582276e+01	2.309619e+03
4.740000e-06	4.749521e-09	1.409150e-08	2.553529e+01	2.295882e+03
4.750000e-06	4.695415e-09	1.400585e-08	2.524497e+01	2.281943e+03
4.760000e-06	4.640799e-09	1.391857e-08	2.495181e+01	2.267803e+03
4.770000e-06	4.585705e-09	1.383015e-08	2.465599e+01	2.253462e+03
4.780000e-06	4.530207e-09	1.374089e-08	2.435803e+01	2.238917e+03
4.790000e-06	4.474403e-09	1.365049e-08	2.405835e+01	2.224161e+03
4.800000e-06	4.418358e-09	1.355870e-08	2.375727e+01	2.209186e+03
4.810000e-06	4.362093e-09	1.346571e-08	2.345507e+01	2.193983e+03
4.820000e-06	4.305602e-09	1.337120e-08	2.315175e+01	2.178537e+03
4.830000e-06	4.248859e-09	1.327494e-08	2.284712e+01	2.162835e+03
4.840000e-06	4.191837e-09	1.317718e-08	2.254104e+01	2.146861e+03
4.850000e-06	4.134511e-09	1.307743e-08	2.223323e+01	2.130601e+03
4.860000e-06	4.076859e-09	1.297553e-08	2.192366e+01	2.114042e+03
4.870000e-06	4.018892e-09	1.287186e-08	2.161248e+01	2.097173e+03
4.880000e-06	3.960609e-09	1.276602e-08	2.129966e+01	2.079985e+03
4.890000e-06	3.902032e-09	1.265782e-08	2.098521e+01	2.062473e+03
4.900000e-06	3.843190e-09	1.254781e-08	2.066926e+01	2.044634e+03
4.910000e-06	3.784081e-09	1.243624e-08	2.035186e+01	2.026470e+03
4.920000e-06	3.724707e-09	1.232310e-08	2.003303e+01	2.007984e+03
4.930000e-06	3.665104e-09	1.220825e-08	1.971296e+01	1.989180e+03
4.940000e-06	3.605302e-09	1.209142e-08	1.939180e+01	1.970063e+03
4.950000e-06	3.545320e-09	1.197250e-08	1.906967e+01	1.950639e+03
4.960000e-06	3.485162e-09	1.185148e-08	1.874664e+01	1.930911e+03
4.970000e-06	3.424820e-09	1.172855e-08	1.842266e+01	1.910879e+03
4.980000e-06	3.364282e-09	1.160360e-08	1.809767e+01	1.890541e+03
4.990000e-06	3.303488e-09	1.147629e-08	1.777131e+01	1.869890e+03
5.000000e-06	3.242390e-09	1.134663e-08	1.744337e+01	1.848916e+03
5.010000e-06	3.180979e-09	1.121495e-08	1.711374e+01	1.827605e+03
5.020000e-06	3.119245e-09	1.108175e-08	1.678231e+01	1.805940e+03
5.030000e-06	3.057158e-09	1.094653e-08	1.644888e+01	1.783900e+03
5.040000e-06	2.994735e-09	1.080837e-08	1.611362e+01	1.761466e+03
5.050000e-06	2.932024e-09	1.066734e-08	1.577681e+01	1.738615e+03
5.060000e-06	2.869037e-09	1.052416e-08	1.543849e+01	1.715329e+03
5.070000e-06	2.805802e-09	1.037898e-08	1.509877e+01	1.691588e+03
5.080000e-06	2.742349e-09	1.023154e-08	1.475781e+01	1.667377e+03
5.090000e-06	2.678697e-09	1.008154e-08	1.441584e+01	1.642684e+03
5.100000e-06	2.614873e-09	9.928621e-09	1.407299e+01	1.617500e+03
5.110000e-06	2.550902e-09	9.772397e-09	1.372932e+01	1.591818e+03
5.120000e-06	2.486800e-09	9.612585e-09	1.338500e+01	1.565634e+03
5.130000e-06	2.422566e-09	9.449104e-09	1.304007e+01	1.538945e+03
5.140000e-06	2.358189e-09	9.282091e-09	1.269441e+01	1.511747e+03
5.150000e-06	2.293671e-09	9.112459e-09	1.234797e+01	1.484036e+03
5.160000e-06	2.229010e-09	8.940378e-09	1.200080e+01	1.455806e+03
5.170000e-06	2.164206e-09	8.764954e-09	1.165284e+01	1.427045e+03
5.180000e-06	2.099270e-09	8.585436e-09	1.130411e+01	1.397741e+03
5.190000e-06	2.034218e-09	8.401588e-09	1.095476e+01	1.367874e+03
5.200000e-06	1.969053e-09	8.214345e-09	1.060486e+01	1.337424e+03
5.210000e-06	1.903778e-09	8.024486e-09	1.025427e+01	1.306363e+03
5.220000e-06	1.838369e-09	7.830998e-09	9.902869e+00	1.274663e+03
5.230000e-06	1.772802e-09	7.632449e-09	9.550731e+00	1.242296e+03
5.240000e-06	1.707097e-09	7.429056e-09	9.197926e+00	1.209229e+03
5.250000e-06	1.641274e-09	7.221924e-09	8.844407e+00	1.175434e+03
5.260000e-06	1.575335e-09	7.010902e-09	8.490228e+00	1.140883e+03
5.270000e-06	1.509281e-09	6.795747e-09	8.135509e+00	1.105551e+03
5.280000e-06	1.443119e-09	6.576221e-09	7.780214e+00	1.069417e+03
5.290000e-06	1.376841e-09	6.350981e-09	7.424322e+00	1.032461e+03
5.300000e-06	1.310471e-09	6.119921e-09	7.067919e+00	9.946675e+02
5.310000e-06	1.244020e-09	5.884075e-09	6.711077e+00	9.560208e+02
5.320000e-06	1.177477e-09	5.643526e-09	6.353804e+00	9.165063e+02
5.330000e-06	1.110867e-09	5.397258e-09	5.996194e+00	8.761080e+02
5.340000e-06	1.044206e-09	5.144505e-09	5.638302e+00	8.348077e+02
5.350000e-06	9.774926e-10	4.885916e-09	5.280083e+00	7.925834e+02
5.360000e-06	9.107355e-10	4.622113e-09	4.921603e+00	7.494090e+02
5.370000e-06	8.439418e-10	4.352302e-09	4.562895e+00	7.052540e+02
5.380000e-06	7.771004e-10	4.075618e-09	4.203888e+00	6.600845e+02
5.390000e-06	7.101947e-10	3.792119e-09	3.844600e+00	6.138645e+02
5.400000e-06	6.432093e-10	3.502314e-09	3.484925e+00	5.665580e+02
5.410000e-06	5.761613e-10	3.206485e-09	3.124860e+00	5.181323e+02
5.420000e-06	5.090789e-10	2.904305e-09	2.764588e+00	4.685615e+02
5.430000e-06	4.419628e-10	2.594950e-09	2.404095e+00	4.178303e+02
5.440000e-06	3.748240e-10	2.278323e-09	2.043480e+00	3.659379e+02
5.450000e-06	3.076729e-10	1.955218e-09	1.682877e+00	3.129022e+02
5.460000e-06	2.405031e-10	1.625709e-09	1.322155e+00	2.587627e+02
5.470000e-06	1.733268e-10	1.289222e-09	9.613458e-01	2.035830e+02
5.480000e-06	1.061652e-10	9.463125e-10	6.005962e-01	1.474523e+02
5.490000e-06	3.900639e-11	5.989050e-10	2.398711e-01	9.048557e+01
5.500000e-06	-2.815949e-11	2.479924e-10	-1.209001e-01	3.282258e+01
5.510000e-06	-9.532007e-11	-1.067844e-10	-4.816451e-01	-2.537478e+01
5.520000e-06	-1.624712e-10	-4.653012e-10	-8.423746e-01	-8.392602e+01
5.530000e-06	-2.296207e-10	-8.259643e-10	-1.203157e+00	-1.426368e+02
5.540000e-06	-2.967480e-10	-1.186742e-09	-1.563817e+00	-2.013044e+02
5.550000e-06	-3.638620e-10	-1.545829e-09	-1.924383e+00	-2.597239e+02
5.560000e-06	-4.309618e-10	-1.901465e-09	-2.284818e+00	-3.176941e+02
5.570000e-06	-4.980248e-10	-2.252755e-09	-2.645040e+00	-3.750235e+02
5.580000e-06	-5.650570e-10	-2.599286e-09	-3.005099e+00	-4.315361e+02
5.590000e-06	-6.320519e-10	-2.940074e-09	-3.364939e+00	-4.870752e+02
5.600000e-06	-6.989876e-10	-3.273937e-09	-3.724448e+00	-5.415077e+02
5.610000e-06	-7.658600e-10	-3.600415e-09	-4.083656e+00	-5.947260e+02
5.620000e-06	-8.326754e-10	-3.919470e-09	-4.442569e+00	-6.466489e+02
5.630000e-06	-8.994172e-10	-4.230498e-09	-4.801077e+00	-6.972216e+02
5.640000e-06	-9.660942e-10	-4.532746e-09	-5.159238e+00	-7.464143e+02
5.650000e-06	-1.032715e-09	-4.826336e-09	-5.517051e+00	-7.942196e+02
5.660000e-06	-1.099263e-09	-5.112015e-09	-5.874492e+00	-8.406496e+02
5.670000e-06	-1.165736e-09	-5.390351e-09	-6.231530e+00	-8.857319e+02
5.680000e-06	-1.232147e-09	-5.661473e-09	-6.588172e+00	-9.295066e+02
5.690000e-06	-1.298488e-09	-5.924961e-09	-6.944490e+00	-9.720214e+02
5.700000e-06	-1.364740e-09	-6.180214e-09	-7.300315e+00	-1.013329e+03
5.710000e-06	-1.430895e-09	-6.427785e-09	-7.655604e+00	-1.053484e+03
5.720000e-06	-1.496955e-09	-6.668950e-09	-8.010435e+00	-1.092540e+03
5.730000e-06	-1.562893e-09	-6.903479e-09	-8.364603e+00	-1.130547e+03
5.740000e-06	-1.628695e-09	-7.130896e-09	-8.718000e+00	-1.167552e+03
5.750000e-06	-1.694354e-09	-7.352391e-09	-9.070688e+00	-1.203599e+03
5.760000e-06	-1.759870e-09	-7.569093e-09	-9.422663e+00	-1.238725e+03
5.770000e-06	-1.825275e-09	-7.780485e-09	-9.774003e+00	-1.272966e+03
5.780000e-06	-1.890558e-09	-7.985942e-09	-1.012469e+01	-1.306352e+03
5.790000e-06	-1.955705e-09	-8.185675e-09	-1.047468e+01	-1.338911e+03
5.800000e-06	-2.020732e-09	-8.380496e-09	-1.082400e+01	-1.370672e+03
5.810000e-06	-2.085627e-09	-8.571433e-09	-1.117252e+01	-1.401660e+03
5.820000e-06	-2.150380e-09	-8.758364e-09	-1.152029e+01	-1.431901e+03
5.830000e-06	-2.215006e-09	-8.940529e-09	-1.186734e+01	-1.461421e+03
5.840000e-06	-2.279510e-09	-9.117520e-09	-1.221375e+01	-1.490246e+03
5.850000e-06	-2.343889e-09	-9.289579e-09	-1.255954e+01	-1.518401e+03
5.860000e-06	-2.408138e-09	-9.457871e-09	-1.290463e+01	-1.545914e+03
5.870000e-06	-2.472253e-09	-9.623787e-09	-1.324909e+01	-1.572808e+03
5.880000e-06	-2.536237e-09	-9.786873e-09	-1.359294e+01	-1.599109e+03
5.890000e-06	-2.600072e-09	-9.945614e-09	-1.393598e+01	-1.624841e+03
5.900000e-06	-2.663733e-09	-1.010029e-08	-1.427812e+01	-1.650026e+03
5.910000e-06	-2.727205e-09	-1.025181e-08	-1.461923e+01	-1.674686e+03
5.920000e-06	-2.790458e-09	-1.040028e-08	-1.495916e+01	-1.698839e+03
5.930000e-06	-2.853464e-09	-1.054601e-08	-1.529779e+01	-1.722506e+03
5.940000e-06	-2.916211e-09	-1.068912e-08	-1.563502e+01	-1.745703e+03
5.950000e-06	-2.978692e-09	-1.082925e-08	-1.597080e+01	-1.768446e+03
5.960000e-06	-3.040870e-09	-1.096730e-08	-1.630495e+01	-1.790751e+03
5.970000e-06	-3.102709e-09	-1.110354e-08	-1.663728e+01	-1.812634e+03
5.980000e-06	-3.164197e-09	-1.123690e-08	-1.696775e+01	-1.834107e+03
5.990000e-06	-3.225347e-09	-1.136726e-08	-1.729634e+01	-1.855186e+03
6.000000e-06	-3.286200e-09	-1.149516e-08	-1.762327e+01	-1.875883e+03
6.010000e-06	-3.346807e-09	-1.162069e-08	-1.794889e+01	-1.896211e+03
6.020000e-06	-3.407198e-09	-1.174370e-08	-1.827335e+01	-1.916180e+03
6.030000e-06	-3.467393e-09	-1.186399e-08	-1.859678e+01	-1.935803e+03
6.040000e-06	-3.527409e-09	-1.198195e-08	-1.891925e+01	-1.955086e+03
6.050000e-06	-3.587251e-09	-1.209845e-08	-1.924078e+01	-1.974039e+03
6.060000e-06	-3.646899e-09	-1.221376e-08	-1.956127e+01	-1.992666e+03
6.070000e-06	-3.706321e-09	-1.232757e-08	-1.988060e+01	-2.010973e+03
6.080000e-06	-3.765503e-09	-1.243922e-08	-2.019865e+01	-2.028964e+03
6.090000e-06	-3.824420e-09	-1.254848e-08	-2.051527e+01	-2.046642e+03
6.100000e-06	-3.883057e-09	-1.265575e-08	-2.083036e+01	-2.064008e+03
6.110000e-06	-3.941403e-09	-1.276123e-08	-2.114385e+01	-2.081067e+03
6.120000e-06	-3.999448e-09	-1.286463e-08	-2.145571e+01	-2.097822e+03
6.130000e-06	-4.057183e-09	-1.296550e-08	-2.176592e+01	-2.114278e+03
6.140000e-06	-4.114593e-09	-1.306391e-08	-2.207439e+01	-2.130441e+03
6.150000e-06	-4.171682e-09	-1.316064e-08	-2.238113e+01	-2.146319e+03
6.160000e-06	-4.228461e-09	-1.325665e-08	-2.268617e+01	-2.161921e+03
6.170000e-06	-4.284961e-09	-1.335178e-08	-2.298972e+01	-2.177257e+03
6.180000e-06	-4.341228e-09	-1.344504e-08	-2.329202e+01	-2.192339e+03
6.190000e-06	-4.397292e-09	-1.353638e-08	-2.359321e+01	-2.207179e+03
6.200000e-06	-4.453133e-09	-1.362647e-08	-2.389330e+01	-2.221787e+03
6.210000e-06	-4.508700e-09	-1.371564e-08	-2.419191e+01	-2.236174e+03
6.220000e-06	-4.563912e-09	-1.380388e-08	-2.448860e+01	-2.250349e+03
6.230000e-06	-4.618687e-09	-1.389080e-08	-2.478309e+01	-2.264317e+03
6.240000e-06	-4.672946e-09	-1.397647e-08	-2.507489e+01	-2.278083e+03
6.250000e-06	-4.726666e-09	-1.406146e-08	-2.536379e+01	-2.291648e+03
6.260000e-06	-4.779879e-09	-1.414519e-08	-2.564988e+01	-2.305011e+03
6.270000e-06	-4.832631e-09	-1.422686e-08	-2.593342e+01	-2.318170e+03
6.280000e-06	-4.884974e-09	-1.430664e-08	-2.621481e+01	-2.331120e+03
6.290000e-06	-4.936966e-09	-1.438472e-08	-2.649431e+01	-2.343855e+03
6.300000e-06	-4.988614e-09	-1.446140e-08	-2.677194e+01	-2.356372e+03
6.310000e-06	-5.039875e-09	-1.453665e-08	-2.704740e+01	-2.368667e+03
6.320000e-06	-5.090750e-09	-1.461038e-08	-2.732073e+01	-2.380739e+03
6.330000e-06	-5.141231e-09	-1.468290e-08	-2.759205e+01	-2.392588e+03
6.340000e-06	-5.191316e-09	-1.475417e-08	-2.786126e+01	-2.404219e+03
6.350000e-06	-5.240963e-09	-1.482421e-08	-2.812814e+01	-2.415639e+03
6.360000e-06	-5.290085e-09	-1.489346e-08	-2.839235e+01	-2.426858e+03
6.370000e-06	-5.338640e-09	-1.496233e-08	-2.865353e+01	-2.437887e+03
6.380000e-06	-5.386636e-09	-1.503042e-08	-2.891161e+01	-2.448741e+03
6.390000e-06	-5.434114e-09	-1.509734e-08	-2.916697e+01	-2.459434e+03
6.400000e-06	-5.481150e-09	-1.516319e-08	-2.941995e+01	-2.469981e+03
6.410000e-06	-5.527841e-09	-1.522815e-08	-2.967096e+01	-2.480393e+03
6.420000e-06	-5.574243e-09	-1.529255e-08	-2.992043e+01	-2.490681e+03
6.430000e-06	-5.620350e-09	-1.535646e-08	-3.016832e+01	-2.500853e+03
6.440000e-06	-5.666119e-09	-1.541914e-08	-3.041437e+01	-2.510911e+03
6.450000e-06	-5.711494e-09	-1.548051e-08	-3.065832e+01	-2.520855e+03
6.460000e-06	-5.756451e-09	-1.554145e-08	-3.090008e+01	-2.530679e+03
6.470000e-06	-5.801040e-09	-1.560181e-08	-3.113986e+01	-2.540377e+03
6.480000e-06	-5.845330e-09	-1.566096e-08	-3.137793e+01	-2.549938e+03
6.490000e-06	-5.889364e-09	-1.571839e-08	-3.161461e+01	-2.559349e+03
6.500000e-06	-5.933122e-09	-1.577441e-08	-3.184987e+01	-2.568597e+03
6.510000e-06	-5.976532e-09	-1.582989e-08	-3.208327e+01	-2.577670e+03
6.520000e-06	-6.019533e-09	-1.588455e-08	-3.231447e+01	-2.586556e+03
6.530000e-06	-6.062087e-09	-1.593795e-08	-3.254328e+01	-2.595248e+03
6.540000e-06	-6.104214e-09	-1.599002e-08	-3.276975e+01	-2.603739e+03
6.550000e-06	-6.145934e-09	-1.604050e-08	-3.299403e+01	-2.612029e+03
6.560000e-06	-6.187200e-09	-1.608998e-08	-3.321589e+01	-2.620119e+03
6.570000e-06	-6.228001e-09	-1.613886e-08	-3.343526e+01	-2.628014e+03
6.580000e-06	-6.268430e-09	-1.618636e-08	-3.365258e+01	-2.635723e+03
6.590000e-06	-6.308562e-09	-1.623230e-08	-3.386824e+01	-2.643257e+03
6.600000e-06	-6.348360e-09	-1.627755e-08	-3.408213e+01	-2.650629e+03
6.610000e-06	-6.387745e-09	-1.632239e-08	-3.429388e+01	-2.657850e+03
6.620000e-06	-6.426619e-09	-1.636663e-08	-3.450295e+01	-2.664936e+03
6.630000e-06	-6.464836e-09	-1.641007e-08	-3.470855e+01	-2.671896e+03
6.640000e-06	-6.502323e-09	-1.645248e-08	-3.491025e+01	-2.678743e+03
6.650000e-06	-6.539175e-09	-1.649395e-08	-3.510848e+01	-2.685484e+03
6.660000e-06	-6.575563e-09	-1.653473e-08	-3.530415e+01	-2.692125e+03
6.670000e-06	-6.611606e-09	-1.657470e-08	-3.549795e+01	-2.698672e+03
6.680000e-06	-6.647295e-09	-1.661384e-08	-3.568989e+01	-2.705125e+03
6.690000e-06	-6.682555e-09	-1.665259e-08	-3.587954e+01	-2.711487e+03
6.700000e-06	-6.717322e-09	-1.669139e-08	-3.606653e+01	-2.717755e+03
6.710000e-06	-6.751597e-09	-1.673002e-08	-3.625086e+01	-2.723929e+03
6.720000e-06	-6.785390e-09	-1.676799e-08	-3.643260e+01	-2.730008e+03
6.730000e-06	-6.818687e-09	-1.680526e-08	-3.661165e+01	-2.735989e+03
6.740000e-06	-6.851500e-09	-1.684139e-08	-3.678808e+01	-2.741872e+03
6.750000e-06	-6.883899e-09	-1.687664e-08	-3.696232e+01	-2.747657e+03
6.760000e-06	-6.915955e-09	-1.691185e-08	-3.713467e+01	-2.753342e+03
6.770000e-06	-6.947611e-09	-1.694690e-08	-3.730486e+01	-2.758927e+03
6.780000e-06	-6.978702e-09	-1.698135e-08	-3.747203e+01	-2.764412e+03
6.790000e-06	-7.009049e-09	-1.701527e-08	-3.763529e+01	-2.769796e+03
6.800000e-06	-7.038599e-09	-1.704871e-08	-3.779431e+01	-2.775079e+03
6.810000e-06	-7.067474e-09	-1.708115e-08	-3.794965e+01	-2.780257e+03
6.820000e-06	-7.095866e-09	-1.711193e-08	-3.810232e+01	-2.785327e+03
6.830000e-06	-7.123895e-09	-1.714141e-08	-3.825304e+01	-2.790286e+03
6.840000e-06	-7.151537e-09	-1.717084e-08	-3.840178e+01	-2.795127e+03
6.850000e-06	-7.178691e-09	-1.720043e-08	-3.854794e+01	-2.799846e+03
6.860000e-06	-7.205313e-09	-1.722928e-08	-3.869119e+01	-2.804436e+03
6.870000e-06	-7.231425e-09	-1.725683e-08	-3.883161e+01	-2.808893e+03
6.880000e-06	-7.257002e-09	-1.728311e-08	-3.896915e+01	-2.813210e+03
6.890000e-06	-7.282025e-09	-1.730841e-08	-3.910378e+01	-2.817386e+03
6.900000e-06	-7.306585e-09	-1.733317e-08	-3.923588e+01	-2.821418e+03
6.910000e-06	-7.330793e-09	-1.735744e-08	-3.936608e+01	-2.825308e+03
6.920000e-06	-7.354659e-09	-1.738102e-08	-3.949447e+01	-2.829057e+03
6.930000e-06	-7.378035e-09	-1.740371e-08	-3.962020e+01	-2.832671e+03
6.940000e-06	-7.400685e-09	-1.742566e-08	-3.974205e+01	-2.836157e+03
6.950000e-06	-7.422484e-09	-1.744726e-08	-3.985941e+01	-2.839522e+03
6.960000e-06	-7.443507e-09	-1.746822e-08	-3.997263e+01	-2.842776e+03
6.970000e-06	-7.463976e-09	-1.748794e-08	-4.008273e+01	-2.845929e+03
6.980000e-06	-7.484080e-09	-1.750645e-08	-4.019087e+01	-2.848988e+03
6.990000e-06	-7.503800e-09	-1.752479e-08	-4.029704e+01	-2.851963e+03
7.000000e-06	-7.523017e-09	-1.754383e-08	-4.040052e+01	-2.854860e+03
7.010000e-06	-7.541704e-09	-1.756305e-08	-4.050114e+01	-2.857685e+03
7.020000e-06	-7.559911e-09	-1.758118e-08	-4.059913e+01	-2.860441e+03
7.030000e-06	-7.577637e-09	-1.759794e-08	-4.069457e+01	-2.863128e+03
7.040000e-06	-7.594834e-09	-1.761452e-08	-4.078717e+01	-2.865747e+03
7.050000e-06	-7.611513e-09	-1.763137e-08	-4.087700e+01	-2.868294e+03
7.060000e-06	-7.627778e-09	-1.764789e-08	-4.096465e+01	-2.870769e+03
7.070000e-06	-7.643652e-09	-1.766347e-08	-4.105016e+01	-2.873166e+03
7.080000e-06	-7.658934e-09	-1.767815e-08	-4.113247e+01	-2.875482e+03
7.090000e-06	-7.673359e-09	-1.769293e-08	-4.121023e+01	-2.877715e+03
7.100000e-06	-7.686850e-09	-1.770805e-08	-4.128292e+01	-2.879863e+03
7.110000e-06	-7.699592e-09	-1.772246e-08	-4.135154e+01	-2.881924e+03
7.120000e-06	-7.711789e-09	-1.773511e-08	-4.141729e+01	-2.883900e+03
7.130000e-06	-7.723478e-09	-1.774660e-08	-4.148029e+01	-2.885791e+03
7.140000e-06	-7.734584e-09	-1.775837e-08	-4.154012e+01	-2.887600e+03
7.150000e-06	-7.745117e-09	-1.777037e-08	-4.159695e+01	-2.889331e+03
7.160000e-06	-7.755139e-09	-1.778188e-08	-4.165113e+01	-2.890985e+03
7.170000e-06	-7.764625e-09	-1.779212e-08	-4.170241e+01	-2.892567e+03
7.180000e-06	-7.773558e-09	-1.780115e-08	-4.175065e+01	-2.894077e+03
7.190000e-06	-7.782018e-09	-1.781001e-08	-4.179637e+01	-2.895517e+03
7.200000e-06	-7.790113e-09	-1.781866e-08	-4.184015e+01	-2.896886e+03
7.210000e-06	-7.797788e-09	-1.782650e-08	-4.188163e+01	-2.898182e+03
7.220000e-06	-7.804825e-09	-1.783367e-08	-4.191968e+01	-2.899402e+03
7.230000e-06	-7.811038e-09	-1.784037e-08	-4.195329e+01	-2.900539e+03
7.240000e-06	-7.816411e-09	-1.784717e-08	-4.198237e+01	-2.901589e+03
7.250000e-06	-7.821097e-09	-1.785403e-08	-4.200777e+01	-2.902544e+03
7.260000e-06	-7.825324e-09	-1.785957e-08	-4.203072e+01	-2.903399e+03
7.270000e-06	-7.829169e-09	-1.786369e-08	-4.205168e+01	-2.904146e+03
7.280000e-06	-7.832540e-09	-1.786740e-08	-4.207013e+01	-2.904780e+03
7.290000e-06	-7.835374e-09	-1.787048e-08	-4.208569e+01	-2.905297e+03
7.300000e-06	-7.837709e-09	-1.787286e-08	-4.209850e+01	-2.905696e+03
7.310000e-06	-7.839582e-09	-1.787471e-08	-4.210876e+01	-2.905973e+03
7.320000e-06	-7.840830e-09	-1.787528e-08	-4.211573e+01	-2.906132e+03
7.330000e-06	-7.841495e-09	-1.787453e-08	-4.211961e+01	-2.906172e+03
