# Concentracion g/m^3_=_53300.0
# C_Vs_to_Am_M_A/Vsm_=_128687336408.14134
# pendiente_HvsI_1/m_=_3716.3
# ordenada_HvsI_A/m_=_1297.0
# frecuencia_Hz_=_136455.7522233179
# Promedio de 29 ciclos

Tiempo_(s)	Campo_(V.s)	Magnetizacion_(V.s)	Campo_(kA/m)	Magnetizacion_(A/m)
0.000000e+00	-9.266216e-09	-1.915559e-08	-4.959777e+01	-3.135515e+03
1.000000e-08	-9.266327e-09	-1.915532e-08	-4.959822e+01	-3.135392e+03
2.000000e-08	-9.265828e-09	-1.915509e-08	-4.959524e+01	-3.135157e+03
3.000000e-08	-9.264482e-09	-1.915410e-08	-4.958761e+01	-3.134816e+03
4.000000e-08	-9.262207e-09	-1.915224e-08	-4.957510e+01	-3.134374e+03
5.000000e-08	-9.259134e-09	-1.914904e-08	-4.955852e+01	-3.133836e+03
6.000000e-08	-9.255526e-09	-1.914474e-08	-4.953917e+01	-3.133206e+03
7.000000e-08	-9.251493e-09	-1.914006e-08	-4.951748e+01	-3.132490e+03
8.000000e-08	-9.246918e-09	-1.913490e-08	-4.949282e+01	-3.131691e+03
9.000000e-08	-9.241598e-09	-1.913001e-08	-4.946411e+01	-3.130814e+03
1.000000e-07	-9.235312e-09	-1.912565e-08	-4.943018e+01	-3.129862e+03
1.100000e-07	-9.228012e-09	-1.912082e-08	-4.939081e+01	-3.128841e+03
1.200000e-07	-9.219983e-09	-1.911329e-08	-4.934763e+01	-3.127754e+03
1.300000e-07	-9.211659e-09	-1.910334e-08	-4.930307e+01	-3.126609e+03
1.400000e-07	-9.203081e-09	-1.909448e-08	-4.925695e+01	-3.125412e+03
1.500000e-07	-9.193628e-09	-1.908803e-08	-4.920589e+01	-3.124170e+03
1.600000e-07	-9.182916e-09	-1.907960e-08	-4.914833e+01	-3.122894e+03
1.700000e-07	-9.171407e-09	-1.906659e-08	-4.908668e+01	-3.121593e+03
1.800000e-07	-9.159475e-09	-1.905604e-08	-4.902257e+01	-3.120277e+03
1.900000e-07	-9.146829e-09	-1.905190e-08	-4.895455e+01	-3.118956e+03
2.000000e-07	-9.133334e-09	-1.904487e-08	-4.888219e+01	-3.117640e+03
2.100000e-07	-9.119251e-09	-1.903113e-08	-4.880667e+01	-3.116335e+03
2.200000e-07	-9.104468e-09	-1.902269e-08	-4.872716e+01	-3.115048e+03
2.300000e-07	-9.088563e-09	-1.902329e-08	-4.864176e+01	-3.113780e+03
2.400000e-07	-9.071713e-09	-1.901718e-08	-4.855156e+01	-3.112532e+03
2.500000e-07	-9.054357e-09	-1.900188e-08	-4.845859e+01	-3.111299e+03
2.600000e-07	-9.036416e-09	-1.898935e-08	-4.836238e+01	-3.110073e+03
2.700000e-07	-9.017748e-09	-1.898023e-08	-4.826231e+01	-3.108841e+03
2.800000e-07	-8.998503e-09	-1.896556e-08	-4.815918e+01	-3.107588e+03
2.900000e-07	-8.978785e-09	-1.894935e-08	-4.805347e+01	-3.106295e+03
3.000000e-07	-8.958559e-09	-1.893976e-08	-4.794508e+01	-3.104940e+03
3.100000e-07	-8.937839e-09	-1.892858e-08	-4.783406e+01	-3.103499e+03
3.200000e-07	-8.916558e-09	-1.891573e-08	-4.771991e+01	-3.101950e+03
3.300000e-07	-8.894563e-09	-1.890835e-08	-4.760195e+01	-3.100267e+03
3.400000e-07	-8.871935e-09	-1.889807e-08	-4.748070e+01	-3.098426e+03
3.500000e-07	-8.848865e-09	-1.887623e-08	-4.735705e+01	-3.096407e+03
3.600000e-07	-8.825322e-09	-1.885529e-08	-4.723086e+01	-3.094191e+03
3.700000e-07	-8.801216e-09	-1.884072e-08	-4.710162e+01	-3.091762e+03
3.800000e-07	-8.776412e-09	-1.881913e-08	-4.696851e+01	-3.089107e+03
3.900000e-07	-8.750643e-09	-1.879118e-08	-4.683024e+01	-3.086220e+03
4.000000e-07	-8.723849e-09	-1.876876e-08	-4.668666e+01	-3.083096e+03
4.100000e-07	-8.696337e-09	-1.874606e-08	-4.653938e+01	-3.079737e+03
4.200000e-07	-8.668333e-09	-1.871926e-08	-4.638936e+01	-3.076146e+03
4.300000e-07	-8.639794e-09	-1.869575e-08	-4.623636e+01	-3.072331e+03
4.400000e-07	-8.610652e-09	-1.867098e-08	-4.608016e+01	-3.068304e+03
4.500000e-07	-8.580914e-09	-1.864106e-08	-4.592080e+01	-3.064077e+03
4.600000e-07	-8.550598e-09	-1.861457e-08	-4.575835e+01	-3.059664e+03
4.700000e-07	-8.519736e-09	-1.858873e-08	-4.559311e+01	-3.055082e+03
4.800000e-07	-8.488408e-09	-1.855714e-08	-4.542539e+01	-3.050344e+03
4.900000e-07	-8.456654e-09	-1.852749e-08	-4.525533e+01	-3.045467e+03
5.000000e-07	-8.424388e-09	-1.850009e-08	-4.508243e+01	-3.040462e+03
5.100000e-07	-8.391396e-09	-1.846846e-08	-4.490553e+01	-3.035341e+03
5.200000e-07	-8.357486e-09	-1.843702e-08	-4.472370e+01	-3.030113e+03
5.300000e-07	-8.322686e-09	-1.840647e-08	-4.453723e+01	-3.024784e+03
5.400000e-07	-8.287225e-09	-1.837098e-08	-4.434731e+01	-3.019357e+03
5.500000e-07	-8.251258e-09	-1.833555e-08	-4.415470e+01	-3.013833e+03
5.600000e-07	-8.214790e-09	-1.830334e-08	-4.395936e+01	-3.008210e+03
5.700000e-07	-8.177746e-09	-1.826866e-08	-4.376091e+01	-3.002485e+03
5.800000e-07	-8.140083e-09	-1.823250e-08	-4.355910e+01	-2.996653e+03
5.900000e-07	-8.101824e-09	-1.819781e-08	-4.335411e+01	-2.990706e+03
6.000000e-07	-8.063046e-09	-1.816026e-08	-4.314639e+01	-2.984638e+03
6.100000e-07	-8.023812e-09	-1.812023e-08	-4.293628e+01	-2.978442e+03
6.200000e-07	-7.984140e-09	-1.808129e-08	-4.272384e+01	-2.972112e+03
6.300000e-07	-7.943981e-09	-1.804156e-08	-4.250867e+01	-2.965643e+03
6.400000e-07	-7.903154e-09	-1.799996e-08	-4.228979e+01	-2.959030e+03
6.500000e-07	-7.861485e-09	-1.795895e-08	-4.206635e+01	-2.952272e+03
6.600000e-07	-7.819001e-09	-1.791808e-08	-4.183861e+01	-2.945366e+03
6.700000e-07	-7.775856e-09	-1.787569e-08	-4.160743e+01	-2.938314e+03
6.800000e-07	-7.732162e-09	-1.783216e-08	-4.137341e+01	-2.931117e+03
6.900000e-07	-7.687967e-09	-1.778713e-08	-4.113672e+01	-2.923777e+03
7.000000e-07	-7.643273e-09	-1.774037e-08	-4.089729e+01	-2.916296e+03
7.100000e-07	-7.598048e-09	-1.769302e-08	-4.065499e+01	-2.908676e+03
7.200000e-07	-7.552287e-09	-1.764546e-08	-4.040989e+01	-2.900920e+03
7.300000e-07	-7.506022e-09	-1.759781e-08	-4.016218e+01	-2.893026e+03
7.400000e-07	-7.459295e-09	-1.754991e-08	-3.991200e+01	-2.884995e+03
7.500000e-07	-7.412124e-09	-1.750098e-08	-3.965939e+01	-2.876825e+03
7.600000e-07	-7.364472e-09	-1.745086e-08	-3.940422e+01	-2.868512e+03
7.700000e-07	-7.316246e-09	-1.739918e-08	-3.914593e+01	-2.860051e+03
7.800000e-07	-7.267344e-09	-1.734522e-08	-3.888399e+01	-2.851437e+03
7.900000e-07	-7.217691e-09	-1.728988e-08	-3.861809e+01	-2.842665e+03
8.000000e-07	-7.167257e-09	-1.723438e-08	-3.834809e+01	-2.833730e+03
8.100000e-07	-7.116120e-09	-1.717832e-08	-3.807436e+01	-2.824625e+03
8.200000e-07	-7.064370e-09	-1.712133e-08	-3.779733e+01	-2.815348e+03
8.300000e-07	-7.012042e-09	-1.706334e-08	-3.751725e+01	-2.805895e+03
8.400000e-07	-6.959192e-09	-1.700401e-08	-3.723438e+01	-2.796266e+03
8.500000e-07	-6.905856e-09	-1.694318e-08	-3.694892e+01	-2.786458e+03
8.600000e-07	-6.852046e-09	-1.688139e-08	-3.666089e+01	-2.776475e+03
8.700000e-07	-6.797794e-09	-1.681869e-08	-3.637052e+01	-2.766318e+03
8.800000e-07	-6.743124e-09	-1.675489e-08	-3.607797e+01	-2.755989e+03
8.900000e-07	-6.688049e-09	-1.669062e-08	-3.578325e+01	-2.745491e+03
9.000000e-07	-6.632591e-09	-1.662681e-08	-3.548641e+01	-2.734826e+03
9.100000e-07	-6.576740e-09	-1.656285e-08	-3.518737e+01	-2.723994e+03
9.200000e-07	-6.520411e-09	-1.649751e-08	-3.488575e+01	-2.712994e+03
9.300000e-07	-6.463502e-09	-1.643034e-08	-3.458113e+01	-2.701824e+03
9.400000e-07	-6.405960e-09	-1.636138e-08	-3.427318e+01	-2.690479e+03
9.500000e-07	-6.347784e-09	-1.629099e-08	-3.396185e+01	-2.678954e+03
9.600000e-07	-6.289021e-09	-1.621952e-08	-3.364741e+01	-2.667241e+03
9.700000e-07	-6.229754e-09	-1.614654e-08	-3.333024e+01	-2.655332e+03
9.800000e-07	-6.170056e-09	-1.607207e-08	-3.301077e+01	-2.643219e+03
9.900000e-07	-6.109977e-09	-1.599681e-08	-3.268929e+01	-2.630893e+03
1.000000e-06	-6.049546e-09	-1.592088e-08	-3.236588e+01	-2.618348e+03
1.010000e-06	-5.988777e-09	-1.584358e-08	-3.204067e+01	-2.605577e+03
1.020000e-06	-5.927649e-09	-1.576437e-08	-3.171353e+01	-2.592576e+03
1.030000e-06	-5.866127e-09	-1.568366e-08	-3.138420e+01	-2.579344e+03
1.040000e-06	-5.804199e-09	-1.560159e-08	-3.105271e+01	-2.565879e+03
1.050000e-06	-5.741855e-09	-1.551835e-08	-3.071905e+01	-2.552184e+03
1.060000e-06	-5.679114e-09	-1.543402e-08	-3.038325e+01	-2.538259e+03
1.070000e-06	-5.615972e-09	-1.534821e-08	-3.004527e+01	-2.524107e+03
1.080000e-06	-5.552428e-09	-1.526096e-08	-2.970518e+01	-2.509730e+03
1.090000e-06	-5.488500e-09	-1.517288e-08	-2.936311e+01	-2.495129e+03
1.100000e-06	-5.424204e-09	-1.508406e-08	-2.901902e+01	-2.480300e+03
1.110000e-06	-5.359515e-09	-1.499403e-08	-2.867283e+01	-2.465241e+03
1.120000e-06	-5.294376e-09	-1.490205e-08	-2.832430e+01	-2.449945e+03
1.130000e-06	-5.228782e-09	-1.480754e-08	-2.797337e+01	-2.434402e+03
1.140000e-06	-5.162764e-09	-1.471054e-08	-2.762013e+01	-2.418601e+03
1.150000e-06	-5.096341e-09	-1.461138e-08	-2.726459e+01	-2.402527e+03
1.160000e-06	-5.029538e-09	-1.451022e-08	-2.690698e+01	-2.386167e+03
1.170000e-06	-4.962353e-09	-1.440746e-08	-2.654740e+01	-2.369506e+03
1.180000e-06	-4.894795e-09	-1.430334e-08	-2.618583e+01	-2.352529e+03
1.190000e-06	-4.826909e-09	-1.419772e-08	-2.582249e+01	-2.335226e+03
1.200000e-06	-4.758712e-09	-1.409047e-08	-2.545752e+01	-2.317587e+03
1.210000e-06	-4.690217e-09	-1.398111e-08	-2.509092e+01	-2.299605e+03
1.220000e-06	-4.621410e-09	-1.386895e-08	-2.472260e+01	-2.281278e+03
1.230000e-06	-4.552277e-09	-1.375432e-08	-2.435254e+01	-2.262607e+03
1.240000e-06	-4.482829e-09	-1.363876e-08	-2.398085e+01	-2.243593e+03
1.250000e-06	-4.413058e-09	-1.352267e-08	-2.360746e+01	-2.224241e+03
1.260000e-06	-4.342974e-09	-1.340479e-08	-2.323240e+01	-2.204556e+03
1.270000e-06	-4.272599e-09	-1.328405e-08	-2.285580e+01	-2.184541e+03
1.280000e-06	-4.201951e-09	-1.316087e-08	-2.247774e+01	-2.164199e+03
1.290000e-06	-4.131066e-09	-1.303571e-08	-2.209843e+01	-2.143528e+03
1.300000e-06	-4.059958e-09	-1.290780e-08	-2.171785e+01	-2.122523e+03
1.310000e-06	-3.988581e-09	-1.277705e-08	-2.133575e+01	-2.101174e+03
1.320000e-06	-3.916899e-09	-1.264398e-08	-2.095204e+01	-2.079466e+03
1.330000e-06	-3.844903e-09	-1.250897e-08	-2.056670e+01	-2.057380e+03
1.340000e-06	-3.772601e-09	-1.237200e-08	-2.017968e+01	-2.034894e+03
1.350000e-06	-3.699990e-09	-1.223263e-08	-1.979096e+01	-2.011982e+03
1.360000e-06	-3.627042e-09	-1.209042e-08	-1.940042e+01	-1.988618e+03
1.370000e-06	-3.553746e-09	-1.194488e-08	-1.900807e+01	-1.964776e+03
1.380000e-06	-3.480130e-09	-1.179556e-08	-1.861413e+01	-1.940433e+03
1.390000e-06	-3.406215e-09	-1.164243e-08	-1.821860e+01	-1.915568e+03
1.400000e-06	-3.332032e-09	-1.148588e-08	-1.782158e+01	-1.890165e+03
1.410000e-06	-3.257574e-09	-1.132642e-08	-1.742305e+01	-1.864210e+03
1.420000e-06	-3.182817e-09	-1.116448e-08	-1.702289e+01	-1.837697e+03
1.430000e-06	-3.107779e-09	-1.100013e-08	-1.662124e+01	-1.810621e+03
1.440000e-06	-3.032497e-09	-1.083311e-08	-1.621824e+01	-1.782982e+03
1.450000e-06	-2.956975e-09	-1.066229e-08	-1.581396e+01	-1.754778e+03
1.460000e-06	-2.881194e-09	-1.048660e-08	-1.540838e+01	-1.726011e+03
1.470000e-06	-2.805179e-09	-1.030647e-08	-1.500158e+01	-1.696675e+03
1.480000e-06	-2.728934e-09	-1.012348e-08	-1.459351e+01	-1.666765e+03
1.490000e-06	-2.652453e-09	-9.938277e-09	-1.418418e+01	-1.636268e+03
1.500000e-06	-2.575765e-09	-9.749768e-09	-1.377378e+01	-1.605165e+03
1.510000e-06	-2.498876e-09	-9.556373e-09	-1.336230e+01	-1.573431e+03
1.520000e-06	-2.421798e-09	-9.357855e-09	-1.294977e+01	-1.541035e+03
1.530000e-06	-2.344559e-09	-9.155164e-09	-1.253643e+01	-1.507938e+03
1.540000e-06	-2.267147e-09	-8.948315e-09	-1.212215e+01	-1.474100e+03
1.550000e-06	-2.189524e-09	-8.736083e-09	-1.170661e+01	-1.439478e+03
1.560000e-06	-2.111701e-09	-8.518255e-09	-1.128997e+01	-1.404028e+03
1.570000e-06	-2.033707e-09	-8.295882e-09	-1.087252e+01	-1.367710e+03
1.580000e-06	-1.955560e-09	-8.069276e-09	-1.045423e+01	-1.330486e+03
1.590000e-06	-1.877243e-09	-7.837573e-09	-1.003505e+01	-1.292323e+03
1.600000e-06	-1.798737e-09	-7.599632e-09	-9.614886e+00	-1.253193e+03
1.610000e-06	-1.720032e-09	-7.355147e-09	-9.193593e+00	-1.213075e+03
1.620000e-06	-1.641115e-09	-7.104271e-09	-8.771214e+00	-1.171951e+03
1.630000e-06	-1.562010e-09	-6.847275e-09	-8.347868e+00	-1.129804e+03
1.640000e-06	-1.482770e-09	-6.583949e-09	-7.923700e+00	-1.086619e+03
1.650000e-06	-1.403412e-09	-6.313506e-09	-7.498945e+00	-1.042379e+03
1.660000e-06	-1.323954e-09	-6.035862e-09	-7.073739e+00	-9.970594e+02
1.670000e-06	-1.244461e-09	-5.751903e-09	-6.648252e+00	-9.506299e+02
1.680000e-06	-1.164906e-09	-5.461643e-09	-6.222396e+00	-9.030505e+02
1.690000e-06	-1.085254e-09	-5.163295e-09	-5.796059e+00	-8.542713e+02
1.700000e-06	-1.005553e-09	-4.856070e-09	-5.369391e+00	-8.042331e+02
1.710000e-06	-9.257626e-10	-4.540846e-09	-4.942254e+00	-7.528687e+02
1.720000e-06	-8.458431e-10	-4.217657e-09	-4.514514e+00	-7.001070e+02
1.730000e-06	-7.658335e-10	-3.885560e-09	-4.086293e+00	-6.458770e+02
1.740000e-06	-6.857750e-10	-3.543822e-09	-3.657817e+00	-5.901136e+02
1.750000e-06	-6.056876e-10	-3.192081e-09	-3.229159e+00	-5.327642e+02
1.760000e-06	-5.255414e-10	-2.830421e-09	-2.800071e+00	-4.737957e+02
1.770000e-06	-4.453157e-10	-2.459652e-09	-2.370569e+00	-4.132008e+02
1.780000e-06	-3.650516e-10	-2.080276e-09	-1.940941e+00	-3.510044e+02
1.790000e-06	-2.847698e-10	-1.691788e-09	-1.511264e+00	-2.872686e+02
1.800000e-06	-2.044861e-10	-1.293895e-09	-1.081601e+00	-2.220956e+02
1.810000e-06	-1.242202e-10	-8.880801e-10	-6.520356e-01	-1.556294e+02
1.820000e-06	-4.397807e-11	-4.765705e-10	-2.224966e-01	-8.805480e+01
1.830000e-06	3.627199e-11	-6.017059e-11	2.071025e-01	-1.959446e+01
1.840000e-06	1.165477e-10	3.609764e-10	6.367835e-01	4.949653e+01
1.850000e-06	1.968060e-10	7.858161e-10	1.066401e+00	1.189377e+02
1.860000e-06	2.770206e-10	1.211052e-09	1.495720e+00	1.884320e+02
1.870000e-06	3.571882e-10	1.633346e-09	1.924710e+00	2.576753e+02
1.880000e-06	4.373262e-10	2.051539e-09	2.353514e+00	3.263670e+02
1.890000e-06	5.174367e-10	2.464870e-09	2.782198e+00	3.942197e+02
1.900000e-06	5.975095e-10	2.871314e-09	3.210717e+00	4.609687e+02
1.910000e-06	6.775519e-10	3.267979e-09	3.639030e+00	5.263797e+02
1.920000e-06	7.575385e-10	3.653630e-09	4.067089e+00	5.902554e+02
1.930000e-06	8.374718e-10	4.028999e-09	4.494939e+00	6.524395e+02
1.940000e-06	9.173548e-10	4.394004e-09	4.922472e+00	7.128187e+02
1.950000e-06	9.971242e-10	4.747751e-09	5.349346e+00	7.713223e+02
1.960000e-06	1.076756e-09	5.089967e-09	5.775493e+00	8.279202e+02
1.970000e-06	1.156283e-09	5.420557e-09	6.201080e+00	8.826187e+02
1.980000e-06	1.235719e-09	5.739917e-09	6.626248e+00	9.354548e+02
1.990000e-06	1.315044e-09	6.048838e-09	7.050882e+00	9.864900e+02
2.000000e-06	1.394259e-09	6.347379e-09	7.474890e+00	1.035804e+03
2.010000e-06	1.473395e-09	6.635618e-09	7.898381e+00	1.083485e+03
2.020000e-06	1.552443e-09	6.914588e-09	8.321435e+00	1.129630e+03
2.030000e-06	1.631388e-09	7.185385e-09	8.743970e+00	1.174331e+03
2.040000e-06	1.710187e-09	7.449033e-09	9.165641e+00	1.217678e+03
2.050000e-06	1.788792e-09	7.706107e-09	9.586264e+00	1.259750e+03
2.060000e-06	1.867210e-09	7.955557e-09	1.000593e+01	1.300619e+03
2.070000e-06	1.945440e-09	8.196626e-09	1.042463e+01	1.340346e+03
2.080000e-06	2.023459e-09	8.430061e-09	1.084221e+01	1.378981e+03
2.090000e-06	2.101256e-09	8.656450e-09	1.125851e+01	1.416568e+03
2.100000e-06	2.178839e-09	8.876672e-09	1.167367e+01	1.453143e+03
2.110000e-06	2.256231e-09	9.091727e-09	1.208782e+01	1.488739e+03
2.120000e-06	2.333447e-09	9.301345e-09	1.250098e+01	1.523387e+03
2.130000e-06	2.410478e-09	9.505320e-09	1.291316e+01	1.557117e+03
2.140000e-06	2.487347e-09	9.704037e-09	1.332445e+01	1.589960e+03
2.150000e-06	2.564062e-09	9.897253e-09	1.373493e+01	1.621950e+03
2.160000e-06	2.640604e-09	1.008474e-08	1.414453e+01	1.653122e+03
2.170000e-06	2.716980e-09	1.026786e-08	1.455326e+01	1.683513e+03
2.180000e-06	2.793158e-09	1.044823e-08	1.496089e+01	1.713161e+03
2.190000e-06	2.869101e-09	1.062571e-08	1.536721e+01	1.742105e+03
2.200000e-06	2.944797e-09	1.079870e-08	1.577219e+01	1.770379e+03
2.210000e-06	3.020224e-09	1.096631e-08	1.617575e+01	1.798018e+03
2.220000e-06	3.095371e-09	1.112964e-08	1.657787e+01	1.825053e+03
2.230000e-06	3.170226e-09	1.129012e-08	1.697839e+01	1.851509e+03
2.240000e-06	3.244763e-09	1.144794e-08	1.737711e+01	1.877409e+03
2.250000e-06	3.318971e-09	1.160221e-08	1.777401e+01	1.902772e+03
2.260000e-06	3.392858e-09	1.175252e-08	1.816925e+01	1.927611e+03
2.270000e-06	3.466438e-09	1.189953e-08	1.856292e+01	1.951940e+03
2.280000e-06	3.539712e-09	1.204348e-08	1.895502e+01	1.975768e+03
2.290000e-06	3.612700e-09	1.218394e-08	1.934563e+01	1.999106e+03
2.300000e-06	3.685409e-09	1.232097e-08	1.973472e+01	2.021965e+03
2.310000e-06	3.757803e-09	1.245499e-08	2.012215e+01	2.044356e+03
2.320000e-06	3.829891e-09	1.258665e-08	2.050796e+01	2.066292e+03
2.330000e-06	3.901701e-09	1.271679e-08	2.089228e+01	2.087790e+03
2.340000e-06	3.973217e-09	1.284571e-08	2.127503e+01	2.108865e+03
2.350000e-06	4.044445e-09	1.297236e-08	2.165620e+01	2.129536e+03
2.360000e-06	4.115401e-09	1.309540e-08	2.203589e+01	2.149822e+03
2.370000e-06	4.186088e-09	1.321486e-08	2.241410e+01	2.169740e+03
2.380000e-06	4.256507e-09	1.333147e-08	2.279086e+01	2.189306e+03
2.390000e-06	4.326638e-09	1.344570e-08	2.316610e+01	2.208536e+03
2.400000e-06	4.396448e-09	1.355869e-08	2.353969e+01	2.227439e+03
2.410000e-06	4.465931e-09	1.367110e-08	2.391153e+01	2.246025e+03
2.420000e-06	4.535103e-09	1.378237e-08	2.428164e+01	2.264298e+03
2.430000e-06	4.603969e-09	1.389233e-08	2.465004e+01	2.282261e+03
2.440000e-06	4.672536e-09	1.400096e-08	2.501682e+01	2.299913e+03
2.450000e-06	4.740824e-09	1.410718e-08	2.538213e+01	2.317254e+03
2.460000e-06	4.808822e-09	1.421063e-08	2.574600e+01	2.334282e+03
2.470000e-06	4.876515e-09	1.431212e-08	2.610823e+01	2.350996e+03
2.480000e-06	4.943894e-09	1.441173e-08	2.646867e+01	2.367398e+03
2.490000e-06	5.010917e-09	1.450885e-08	2.682719e+01	2.383490e+03
2.500000e-06	5.077535e-09	1.460369e-08	2.718357e+01	2.399278e+03
2.510000e-06	5.143704e-09	1.469697e-08	2.753756e+01	2.414771e+03
2.520000e-06	5.209400e-09	1.478845e-08	2.788909e+01	2.429981e+03
2.530000e-06	5.274620e-09	1.487814e-08	2.823812e+01	2.444921e+03
2.540000e-06	5.339371e-09	1.496638e-08	2.858464e+01	2.459606e+03
2.550000e-06	5.403682e-09	1.505323e-08	2.892882e+01	2.474051e+03
2.560000e-06	5.467613e-09	1.513902e-08	2.927091e+01	2.488268e+03
2.570000e-06	5.531219e-09	1.522418e-08	2.961117e+01	2.502271e+03
2.580000e-06	5.594491e-09	1.530838e-08	2.994964e+01	2.516069e+03
2.590000e-06	5.657421e-09	1.539122e-08	3.028633e+01	2.529666e+03
2.600000e-06	5.720002e-09	1.547253e-08	3.062117e+01	2.543067e+03
2.610000e-06	5.782197e-09	1.555215e-08	3.095393e+01	2.556271e+03
2.620000e-06	5.843986e-09	1.563034e-08	3.128452e+01	2.569274e+03
2.630000e-06	5.905366e-09	1.570798e-08	3.161286e+01	2.582070e+03
2.640000e-06	5.966331e-09	1.578506e-08	3.193894e+01	2.594654e+03
2.650000e-06	6.026905e-09	1.586046e-08	3.226302e+01	2.607019e+03
2.660000e-06	6.087122e-09	1.593373e-08	3.258528e+01	2.619162e+03
2.670000e-06	6.147001e-09	1.600530e-08	3.290570e+01	2.631079e+03
2.680000e-06	6.206545e-09	1.607573e-08	3.322427e+01	2.642773e+03
2.690000e-06	6.265695e-09	1.614474e-08	3.354068e+01	2.654246e+03
2.700000e-06	6.324354e-09	1.621212e-08	3.385442e+01	2.665508e+03
2.710000e-06	6.382417e-09	1.627867e-08	3.416499e+01	2.676569e+03
2.720000e-06	6.439814e-09	1.634491e-08	3.447201e+01	2.687443e+03
2.730000e-06	6.496580e-09	1.641060e-08	3.477573e+01	2.698144e+03
2.740000e-06	6.552790e-09	1.647479e-08	3.507651e+01	2.708688e+03
2.750000e-06	6.608523e-09	1.653694e-08	3.537466e+01	2.719090e+03
2.760000e-06	6.663847e-09	1.659827e-08	3.567055e+01	2.729361e+03
2.770000e-06	6.718761e-09	1.665964e-08	3.596423e+01	2.739509e+03
2.780000e-06	6.773233e-09	1.672041e-08	3.625559e+01	2.749541e+03
2.790000e-06	6.827242e-09	1.678050e-08	3.654454e+01	2.759456e+03
2.800000e-06	6.880781e-09	1.683998e-08	3.683105e+01	2.769251e+03
2.810000e-06	6.933851e-09	1.689822e-08	3.711500e+01	2.778918e+03
2.820000e-06	6.986428e-09	1.695525e-08	3.739625e+01	2.788446e+03
2.830000e-06	7.038494e-09	1.701128e-08	3.767475e+01	2.797822e+03
2.840000e-06	7.090012e-09	1.706633e-08	3.795034e+01	2.807032e+03
2.850000e-06	7.140888e-09	1.712080e-08	3.822250e+01	2.816063e+03
2.860000e-06	7.191013e-09	1.717433e-08	3.849065e+01	2.824903e+03
2.870000e-06	7.240363e-09	1.722681e-08	3.875468e+01	2.833543e+03
2.880000e-06	7.288991e-09	1.727856e-08	3.901488e+01	2.841976e+03
2.890000e-06	7.337022e-09	1.732929e-08	3.927193e+01	2.850202e+03
2.900000e-06	7.384591e-09	1.737818e-08	3.952646e+01	2.858223e+03
2.910000e-06	7.431682e-09	1.742525e-08	3.977847e+01	2.866045e+03
2.920000e-06	7.478255e-09	1.747145e-08	4.002774e+01	2.873679e+03
2.930000e-06	7.524321e-09	1.751727e-08	4.027422e+01	2.881136e+03
2.940000e-06	7.569860e-09	1.756222e-08	4.051788e+01	2.888431e+03
2.950000e-06	7.614856e-09	1.760602e-08	4.075870e+01	2.895578e+03
2.960000e-06	7.659358e-09	1.764898e-08	4.099693e+01	2.902591e+03
2.970000e-06	7.703434e-09	1.769109e-08	4.123289e+01	2.909483e+03
2.980000e-06	7.747146e-09	1.773238e-08	4.146686e+01	2.916265e+03
2.990000e-06	7.790453e-09	1.777249e-08	4.169858e+01	2.922945e+03
3.000000e-06	7.833201e-09	1.781155e-08	4.192727e+01	2.929529e+03
3.010000e-06	7.875170e-09	1.785069e-08	4.215182e+01	2.936020e+03
3.020000e-06	7.916267e-09	1.788972e-08	4.237184e+01	2.942418e+03
3.030000e-06	7.956625e-09	1.792768e-08	4.258794e+01	2.948724e+03
3.040000e-06	7.996429e-09	1.796505e-08	4.280099e+01	2.954934e+03
3.050000e-06	8.035769e-09	1.800178e-08	4.301154e+01	2.961046e+03
3.060000e-06	8.074632e-09	1.803729e-08	4.321959e+01	2.967057e+03
3.070000e-06	8.112967e-09	1.807190e-08	4.342480e+01	2.972965e+03
3.080000e-06	8.150724e-09	1.810623e-08	4.362684e+01	2.978766e+03
3.090000e-06	8.187887e-09	1.814078e-08	4.382569e+01	2.984461e+03
3.100000e-06	8.224467e-09	1.817548e-08	4.402147e+01	2.990047e+03
3.110000e-06	8.260551e-09	1.820927e-08	4.421456e+01	2.995525e+03
3.120000e-06	8.296237e-09	1.824160e-08	4.440552e+01	3.000894e+03
3.130000e-06	8.331471e-09	1.827332e-08	4.459406e+01	3.006154e+03
3.140000e-06	8.366057e-09	1.830474e-08	4.477912e+01	3.011303e+03
3.150000e-06	8.399779e-09	1.833544e-08	4.495961e+01	3.016340e+03
3.160000e-06	8.432596e-09	1.836513e-08	4.513535e+01	3.021261e+03
3.170000e-06	8.464691e-09	1.839396e-08	4.530723e+01	3.026063e+03
3.180000e-06	8.496277e-09	1.842229e-08	4.547629e+01	3.030742e+03
3.190000e-06	8.527395e-09	1.845003e-08	4.564281e+01	3.035291e+03
3.200000e-06	8.557949e-09	1.847653e-08	4.580634e+01	3.039708e+03
3.210000e-06	8.587901e-09	1.850166e-08	4.596662e+01	3.043986e+03
3.220000e-06	8.617245e-09	1.852597e-08	4.612365e+01	3.048123e+03
3.230000e-06	8.645981e-09	1.854994e-08	4.627741e+01	3.052117e+03
3.240000e-06	8.674184e-09	1.857317e-08	4.642831e+01	3.055969e+03
3.250000e-06	8.701973e-09	1.859560e-08	4.657698e+01	3.059681e+03
3.260000e-06	8.729336e-09	1.861757e-08	4.672329e+01	3.063257e+03
3.270000e-06	8.756042e-09	1.863870e-08	4.686608e+01	3.066704e+03
3.280000e-06	8.781821e-09	1.865893e-08	4.700405e+01	3.070032e+03
3.290000e-06	8.806627e-09	1.867844e-08	4.713689e+01	3.073248e+03
3.300000e-06	8.830672e-09	1.869718e-08	4.726559e+01	3.076364e+03
3.310000e-06	8.854136e-09	1.871502e-08	4.739107e+01	3.079390e+03
3.320000e-06	8.877007e-09	1.873215e-08	4.751337e+01	3.082335e+03
3.330000e-06	8.899253e-09	1.874875e-08	4.763236e+01	3.085206e+03
3.340000e-06	8.920904e-09	1.876495e-08	4.774815e+01	3.088010e+03
3.350000e-06	8.941948e-09	1.878101e-08	4.786064e+01	3.090751e+03
3.360000e-06	8.962396e-09	1.879685e-08	4.796995e+01	3.093430e+03
3.370000e-06	8.982353e-09	1.881205e-08	4.807667e+01	3.096047e+03
3.380000e-06	9.001875e-09	1.882667e-08	4.818101e+01	3.098599e+03
3.390000e-06	9.020878e-09	1.884060e-08	4.828261e+01	3.101082e+03
3.400000e-06	9.039249e-09	1.885430e-08	4.838092e+01	3.103493e+03
3.410000e-06	9.056950e-09	1.886760e-08	4.847565e+01	3.105826e+03
3.420000e-06	9.074033e-09	1.888020e-08	4.856707e+01	3.108077e+03
3.430000e-06	9.090526e-09	1.889298e-08	4.865528e+01	3.110243e+03
3.440000e-06	9.106296e-09	1.890572e-08	4.873955e+01	3.112321e+03
3.450000e-06	9.121180e-09	1.891754e-08	4.881911e+01	3.114310e+03
3.460000e-06	9.135239e-09	1.892861e-08	4.889430e+01	3.116213e+03
3.470000e-06	9.148602e-09	1.893930e-08	4.896569e+01	3.118029e+03
3.480000e-06	9.161287e-09	1.894934e-08	4.903338e+01	3.119762e+03
3.490000e-06	9.173322e-09	1.895882e-08	4.909765e+01	3.121416e+03
3.500000e-06	9.184720e-09	1.896785e-08	4.915856e+01	3.122994e+03
3.510000e-06	9.195344e-09	1.897652e-08	4.921525e+01	3.124499e+03
3.520000e-06	9.204976e-09	1.898519e-08	4.926664e+01	3.125932e+03
3.530000e-06	9.213637e-09	1.899367e-08	4.931295e+01	3.127293e+03
3.540000e-06	9.221605e-09	1.900150e-08	4.935559e+01	3.128582e+03
3.550000e-06	9.229070e-09	1.900881e-08	4.939552e+01	3.129796e+03
3.560000e-06	9.235972e-09	1.901566e-08	4.943239e+01	3.130930e+03
3.570000e-06	9.242207e-09	1.902149e-08	4.946564e+01	3.131979e+03
3.580000e-06	9.247754e-09	1.902641e-08	4.949521e+01	3.132937e+03
3.590000e-06	9.252619e-09	1.903126e-08	4.952115e+01	3.133795e+03
3.600000e-06	9.256876e-09	1.903603e-08	4.954386e+01	3.134549e+03
3.610000e-06	9.260666e-09	1.903993e-08	4.956407e+01	3.135191e+03
3.620000e-06	9.263978e-09	1.904266e-08	4.958168e+01	3.135717e+03
3.630000e-06	9.266589e-09	1.904466e-08	4.959552e+01	3.136124e+03
3.640000e-06	9.268273e-09	1.904611e-08	4.960441e+01	3.136409e+03
3.650000e-06	9.269013e-09	1.904683e-08	4.960838e+01	3.136572e+03
3.660000e-06	9.269046e-09	1.904697e-08	4.960860e+01	3.136616e+03
3.670000e-06	9.268583e-09	1.904670e-08	4.960607e+01	3.136542e+03
3.680000e-06	9.267576e-09	1.904609e-08	4.960058e+01	3.136356e+03
3.690000e-06	9.265943e-09	1.904488e-08	4.959176e+01	3.136060e+03
3.700000e-06	9.263715e-09	1.904289e-08	4.957980e+01	3.135662e+03
3.710000e-06	9.260906e-09	1.903991e-08	4.956470e+01	3.135165e+03
3.720000e-06	9.257490e-09	1.903630e-08	4.954638e+01	3.134575e+03
3.730000e-06	9.253553e-09	1.903276e-08	4.952531e+01	3.133896e+03
3.740000e-06	9.249218e-09	1.902890e-08	4.950207e+01	3.133133e+03
3.750000e-06	9.244352e-09	1.902395e-08	4.947586e+01	3.132289e+03
3.760000e-06	9.238471e-09	1.901722e-08	4.944416e+01	3.131369e+03
3.770000e-06	9.231176e-09	1.900934e-08	4.940500e+01	3.130378e+03
3.780000e-06	9.222674e-09	1.900201e-08	4.935950e+01	3.129319e+03
3.790000e-06	9.213665e-09	1.899779e-08	4.931139e+01	3.128199e+03
3.800000e-06	9.204662e-09	1.898968e-08	4.926323e+01	3.127023e+03
3.810000e-06	9.195355e-09	1.897893e-08	4.921321e+01	3.125800e+03
3.820000e-06	9.185123e-09	1.897144e-08	4.915829e+01	3.124538e+03
3.830000e-06	9.174048e-09	1.896609e-08	4.909905e+01	3.123247e+03
3.840000e-06	9.162565e-09	1.895664e-08	4.903761e+01	3.121936e+03
3.850000e-06	9.150508e-09	1.894215e-08	4.897287e+01	3.120617e+03
3.860000e-06	9.137358e-09	1.893908e-08	4.890232e+01	3.119297e+03
3.870000e-06	9.123207e-09	1.894695e-08	4.882667e+01	3.117987e+03
3.880000e-06	9.108433e-09	1.894682e-08	4.874764e+01	3.116692e+03
3.890000e-06	9.092980e-09	1.893259e-08	4.866489e+01	3.115415e+03
3.900000e-06	9.076838e-09	1.891950e-08	4.857853e+01	3.114159e+03
3.910000e-06	9.060194e-09	1.891158e-08	4.848941e+01	3.112920e+03
3.920000e-06	9.042937e-09	1.890332e-08	4.839687e+01	3.111692e+03
3.930000e-06	9.024824e-09	1.890228e-08	4.829982e+01	3.110464e+03
3.940000e-06	9.005978e-09	1.891133e-08	4.819888e+01	3.109222e+03
3.950000e-06	8.986624e-09	1.891446e-08	4.809519e+01	3.107949e+03
3.960000e-06	8.966800e-09	1.890071e-08	4.798903e+01	3.106623e+03
3.970000e-06	8.946495e-09	1.888398e-08	4.788036e+01	3.105223e+03
3.980000e-06	8.925642e-09	1.887043e-08	4.776870e+01	3.103724e+03
3.990000e-06	8.903967e-09	1.885322e-08	4.765258e+01	3.102102e+03
4.000000e-06	8.881297e-09	1.884165e-08	4.753118e+01	3.100332e+03
4.010000e-06	8.857786e-09	1.884584e-08	4.740537e+01	3.098394e+03
4.020000e-06	8.833639e-09	1.885183e-08	4.727616e+01	3.096266e+03
4.030000e-06	8.808975e-09	1.884734e-08	4.714416e+01	3.093931e+03
4.040000e-06	8.783845e-09	1.884301e-08	4.700963e+01	3.091376e+03
4.050000e-06	8.758133e-09	1.883740e-08	4.687193e+01	3.088591e+03
4.060000e-06	8.731694e-09	1.881657e-08	4.673031e+01	3.085571e+03
4.070000e-06	8.704553e-09	1.879266e-08	4.658495e+01	3.082314e+03
4.080000e-06	8.676812e-09	1.877433e-08	4.643639e+01	3.078823e+03
4.090000e-06	8.648581e-09	1.874824e-08	4.628526e+01	3.075105e+03
4.100000e-06	8.619884e-09	1.872013e-08	4.613161e+01	3.071169e+03
4.110000e-06	8.590528e-09	1.869930e-08	4.597437e+01	3.067028e+03
4.120000e-06	8.560278e-09	1.867410e-08	4.581235e+01	3.062695e+03
4.130000e-06	8.529136e-09	1.864490e-08	4.564563e+01	3.058185e+03
4.140000e-06	8.497312e-09	1.861876e-08	4.547531e+01	3.053513e+03
4.150000e-06	8.464955e-09	1.858925e-08	4.530207e+01	3.048695e+03
4.160000e-06	8.432084e-09	1.855796e-08	4.512604e+01	3.043745e+03
4.170000e-06	8.398658e-09	1.852893e-08	4.494702e+01	3.038673e+03
4.180000e-06	8.364640e-09	1.849612e-08	4.476490e+01	3.033491e+03
4.190000e-06	8.330064e-09	1.846353e-08	4.457981e+01	3.028205e+03
4.200000e-06	8.294936e-09	1.843547e-08	4.439173e+01	3.022821e+03
4.210000e-06	8.259248e-09	1.840312e-08	4.420069e+01	3.017339e+03
4.220000e-06	8.223029e-09	1.836826e-08	4.400682e+01	3.011760e+03
4.230000e-06	8.186250e-09	1.833582e-08	4.380989e+01	3.006080e+03
4.240000e-06	8.148797e-09	1.829932e-08	4.360929e+01	3.000295e+03
4.250000e-06	8.110585e-09	1.826072e-08	4.340464e+01	2.994399e+03
4.260000e-06	8.071609e-09	1.822585e-08	4.319593e+01	2.988385e+03
4.270000e-06	8.031960e-09	1.818869e-08	4.298366e+01	2.982246e+03
4.280000e-06	7.991779e-09	1.814842e-08	4.276860e+01	2.975976e+03
4.290000e-06	7.951127e-09	1.811020e-08	4.255100e+01	2.969568e+03
4.300000e-06	7.909974e-09	1.807144e-08	4.233064e+01	2.963018e+03
4.310000e-06	7.868281e-09	1.803023e-08	4.210736e+01	2.956323e+03
4.320000e-06	7.826011e-09	1.798890e-08	4.188101e+01	2.949482e+03
4.330000e-06	7.783177e-09	1.794651e-08	4.165166e+01	2.942494e+03
4.340000e-06	7.739820e-09	1.790266e-08	4.141950e+01	2.935360e+03
4.350000e-06	7.695966e-09	1.785875e-08	4.118470e+01	2.928082e+03
4.360000e-06	7.651649e-09	1.781448e-08	4.094744e+01	2.920662e+03
4.370000e-06	7.606876e-09	1.776885e-08	4.070768e+01	2.913103e+03
4.380000e-06	7.561604e-09	1.772222e-08	4.046521e+01	2.905406e+03
4.390000e-06	7.515804e-09	1.767524e-08	4.021996e+01	2.897572e+03
4.400000e-06	7.469511e-09	1.762824e-08	3.997206e+01	2.889601e+03
4.410000e-06	7.422738e-09	1.758035e-08	3.972162e+01	2.881492e+03
4.420000e-06	7.375464e-09	1.753013e-08	3.946854e+01	2.873242e+03
4.430000e-06	7.327648e-09	1.747845e-08	3.921252e+01	2.864846e+03
4.440000e-06	7.279231e-09	1.742662e-08	3.895326e+01	2.856300e+03
4.450000e-06	7.230151e-09	1.737372e-08	3.869041e+01	2.847598e+03
4.460000e-06	7.180404e-09	1.731907e-08	3.842396e+01	2.838734e+03
4.470000e-06	7.130039e-09	1.726393e-08	3.815418e+01	2.829704e+03
4.480000e-06	7.079105e-09	1.720843e-08	3.788136e+01	2.820503e+03
4.490000e-06	7.027620e-09	1.715222e-08	3.760558e+01	2.811127e+03
4.500000e-06	6.975569e-09	1.709525e-08	3.732679e+01	2.801574e+03
4.510000e-06	6.922944e-09	1.703687e-08	3.704492e+01	2.791845e+03
4.520000e-06	6.869690e-09	1.697688e-08	3.675967e+01	2.781938e+03
4.530000e-06	6.815783e-09	1.691596e-08	3.647097e+01	2.771857e+03
4.540000e-06	6.761238e-09	1.685436e-08	3.617887e+01	2.761603e+03
4.550000e-06	6.706087e-09	1.679167e-08	3.588353e+01	2.751178e+03
4.560000e-06	6.650389e-09	1.672769e-08	3.558527e+01	2.740586e+03
4.570000e-06	6.594189e-09	1.666231e-08	3.528434e+01	2.729826e+03
4.580000e-06	6.537552e-09	1.659520e-08	3.498108e+01	2.718900e+03
4.590000e-06	6.480497e-09	1.652718e-08	3.467559e+01	2.707805e+03
4.600000e-06	6.422989e-09	1.645904e-08	3.436763e+01	2.696537e+03
4.610000e-06	6.365000e-09	1.638950e-08	3.405708e+01	2.685091e+03
4.620000e-06	6.306539e-09	1.631787e-08	3.374404e+01	2.673461e+03
4.630000e-06	6.247637e-09	1.624523e-08	3.342862e+01	2.661639e+03
4.640000e-06	6.188327e-09	1.617210e-08	3.311103e+01	2.649616e+03
4.650000e-06	6.128642e-09	1.609785e-08	3.279146e+01	2.637384e+03
4.660000e-06	6.068584e-09	1.602190e-08	3.246990e+01	2.624935e+03
4.670000e-06	6.008155e-09	1.594423e-08	3.214634e+01	2.612263e+03
4.680000e-06	5.947353e-09	1.586557e-08	3.182080e+01	2.599363e+03
4.690000e-06	5.886127e-09	1.578604e-08	3.149300e+01	2.586232e+03
4.700000e-06	5.824394e-09	1.570446e-08	3.116245e+01	2.572869e+03
4.710000e-06	5.762092e-09	1.562066e-08	3.082880e+01	2.559274e+03
4.720000e-06	5.699220e-09	1.553596e-08	3.049214e+01	2.545449e+03
4.730000e-06	5.635832e-09	1.545073e-08	3.015277e+01	2.531397e+03
4.740000e-06	5.571995e-09	1.536377e-08	2.981095e+01	2.517118e+03
4.750000e-06	5.507754e-09	1.527463e-08	2.946699e+01	2.502614e+03
4.760000e-06	5.443155e-09	1.518422e-08	2.912114e+01	2.487885e+03
4.770000e-06	5.378226e-09	1.509355e-08	2.877349e+01	2.472927e+03
4.780000e-06	5.312952e-09	1.500248e-08	2.842394e+01	2.457736e+03
4.790000e-06	5.247328e-09	1.490966e-08	2.807256e+01	2.442302e+03
4.800000e-06	5.181368e-09	1.481421e-08	2.771942e+01	2.426615e+03
4.810000e-06	5.115064e-09	1.471687e-08	2.736444e+01	2.410662e+03
4.820000e-06	5.048421e-09	1.461823e-08	2.700765e+01	2.394428e+03
4.830000e-06	4.981467e-09	1.451780e-08	2.664923e+01	2.377900e+03
4.840000e-06	4.914205e-09	1.441516e-08	2.628922e+01	2.361063e+03
4.850000e-06	4.846639e-09	1.430997e-08	2.592760e+01	2.343903e+03
4.860000e-06	4.778770e-09	1.420230e-08	2.556429e+01	2.326412e+03
4.870000e-06	4.710576e-09	1.409271e-08	2.519918e+01	2.308580e+03
4.880000e-06	4.642045e-09	1.398206e-08	2.483231e+01	2.290404e+03
4.890000e-06	4.573168e-09	1.386990e-08	2.446362e+01	2.271883e+03
4.900000e-06	4.503945e-09	1.375471e-08	2.409306e+01	2.253018e+03
4.910000e-06	4.434365e-09	1.363703e-08	2.372056e+01	2.233813e+03
4.920000e-06	4.364407e-09	1.351841e-08	2.334604e+01	2.214273e+03
4.930000e-06	4.294057e-09	1.339885e-08	2.296951e+01	2.194402e+03
4.940000e-06	4.223320e-09	1.327716e-08	2.259096e+01	2.174203e+03
4.950000e-06	4.152230e-09	1.315260e-08	2.221047e+01	2.153676e+03
4.960000e-06	4.080811e-09	1.302535e-08	2.182822e+01	2.132818e+03
4.970000e-06	4.009089e-09	1.289579e-08	2.144432e+01	2.111621e+03
4.980000e-06	3.937073e-09	1.276365e-08	2.105887e+01	2.090072e+03
4.990000e-06	3.864777e-09	1.262815e-08	2.067193e+01	2.068153e+03
5.000000e-06	3.792226e-09	1.248973e-08	2.028359e+01	2.045844e+03
5.010000e-06	3.719435e-09	1.235045e-08	1.989398e+01	2.023121e+03
5.020000e-06	3.646421e-09	1.221050e-08	1.950319e+01	1.999958e+03
5.030000e-06	3.573198e-09	1.206812e-08	1.911132e+01	1.976327e+03
5.040000e-06	3.499756e-09	1.192243e-08	1.871830e+01	1.952206e+03
5.050000e-06	3.426091e-09	1.177313e-08	1.832407e+01	1.927571e+03
5.060000e-06	3.352202e-09	1.162028e-08	1.792867e+01	1.902404e+03
5.070000e-06	3.278074e-09	1.146395e-08	1.753204e+01	1.876691e+03
5.080000e-06	3.203723e-09	1.130415e-08	1.713419e+01	1.850423e+03
5.090000e-06	3.129167e-09	1.114141e-08	1.673519e+01	1.823593e+03
5.100000e-06	3.054398e-09	1.097604e-08	1.633509e+01	1.796200e+03
5.110000e-06	2.979427e-09	1.080804e-08	1.593386e+01	1.768243e+03
5.120000e-06	2.904253e-09	1.063651e-08	1.553155e+01	1.739722e+03
5.130000e-06	2.828848e-09	1.046035e-08	1.512804e+01	1.710635e+03
5.140000e-06	2.753218e-09	1.027923e-08	1.472331e+01	1.680977e+03
5.150000e-06	2.677364e-09	1.009376e-08	1.431734e+01	1.650738e+03
5.160000e-06	2.601279e-09	9.905195e-09	1.391012e+01	1.619903e+03
5.170000e-06	2.524969e-09	9.714213e-09	1.350176e+01	1.588448e+03
5.180000e-06	2.448454e-09	9.519807e-09	1.309235e+01	1.556344e+03
5.190000e-06	2.371731e-09	9.320387e-09	1.268181e+01	1.523557e+03
5.200000e-06	2.294793e-09	9.115818e-09	1.227010e+01	1.490048e+03
5.210000e-06	2.217640e-09	8.906895e-09	1.185720e+01	1.455773e+03
5.220000e-06	2.140258e-09	8.693451e-09	1.144306e+01	1.420690e+03
5.230000e-06	2.062676e-09	8.474504e-09	1.102787e+01	1.384756e+03
5.240000e-06	1.984934e-09	8.250305e-09	1.061183e+01	1.347931e+03
5.250000e-06	1.907031e-09	8.021295e-09	1.019489e+01	1.310182e+03
5.260000e-06	1.828956e-09	7.787491e-09	9.777077e+00	1.271477e+03
5.270000e-06	1.750681e-09	7.548848e-09	9.358236e+00	1.231793e+03
5.280000e-06	1.672210e-09	7.303817e-09	8.938382e+00	1.191110e+03
5.290000e-06	1.593583e-09	7.050876e-09	8.517653e+00	1.149412e+03
5.300000e-06	1.514781e-09	6.791132e-09	8.096041e+00	1.106682e+03
5.310000e-06	1.435830e-09	6.526142e-09	7.673635e+00	1.062905e+03
5.320000e-06	1.356789e-09	6.254910e-09	7.250711e+00	1.018060e+03
5.330000e-06	1.277676e-09	5.975842e-09	6.827448e+00	9.721192e+02
5.340000e-06	1.198486e-09	5.689437e-09	6.403726e+00	9.250471e+02
5.350000e-06	1.119212e-09	5.396832e-09	5.979479e+00	8.767983e+02
5.360000e-06	1.039849e-09	5.096920e-09	5.554744e+00	8.273172e+02
5.370000e-06	9.603785e-10	4.788320e-09	5.129516e+00	7.765399e+02
5.380000e-06	8.808210e-10	4.471361e-09	4.703790e+00	7.243967e+02
5.390000e-06	8.011631e-10	4.146084e-09	4.277471e+00	6.708159e+02
5.400000e-06	7.214094e-10	3.812106e-09	3.850655e+00	6.157289e+02
5.410000e-06	6.416019e-10	3.468781e-09	3.423575e+00	5.590772e+02
5.420000e-06	5.617528e-10	3.115865e-09	2.996297e+00	5.008183e+02
5.430000e-06	4.818579e-10	2.753427e-09	2.568784e+00	4.409328e+02
5.440000e-06	4.019241e-10	2.381508e-09	2.141018e+00	3.794311e+02
5.450000e-06	3.219757e-10	2.000743e-09	1.713105e+00	3.163584e+02
5.460000e-06	2.420128e-10	1.611561e-09	1.285120e+00	2.517992e+02
5.470000e-06	1.620501e-10	1.213658e-09	8.571311e-01	1.858793e+02
5.480000e-06	8.209827e-11	8.072105e-10	4.291831e-01	1.187657e+02
5.490000e-06	2.156235e-12	3.934170e-10	1.331903e-03	5.066528e+01
5.500000e-06	-7.777013e-11	-2.593078e-11	-4.264518e-01	-1.818052e+01
5.510000e-06	-1.576851e-10	-4.486816e-10	-8.542490e-01	-8.750135e+01
5.520000e-06	-2.375914e-10	-8.731552e-10	-1.281974e+00	-1.570063e+02
5.530000e-06	-3.174924e-10	-1.297753e-09	-1.709555e+00	-2.263933e+02
5.540000e-06	-3.973776e-10	-1.720531e-09	-2.136973e+00	-2.953591e+02
5.550000e-06	-4.772219e-10	-2.139256e-09	-2.564154e+00	-3.636093e+02
5.560000e-06	-5.570216e-10	-2.551513e-09	-2.991145e+00	-4.308684e+02
5.570000e-06	-6.367975e-10	-2.955792e-09	-3.418023e+00	-4.968880e+02
5.580000e-06	-7.165387e-10	-3.351442e-09	-3.844716e+00	-5.614540e+02
5.590000e-06	-7.962334e-10	-3.737108e-09	-4.271301e+00	-6.243920e+02
5.600000e-06	-8.758726e-10	-4.111550e-09	-4.697667e+00	-6.855697e+02
5.610000e-06	-9.554268e-10	-4.474697e-09	-5.123539e+00	-7.448981e+02
5.620000e-06	-1.034848e-09	-4.826208e-09	-5.548591e+00	-8.023295e+02
5.630000e-06	-1.114121e-09	-5.165947e-09	-5.972755e+00	-8.578551e+02
5.640000e-06	-1.193274e-09	-5.494457e-09	-6.396325e+00	-9.114990e+02
5.650000e-06	-1.272355e-09	-5.812612e-09	-6.819497e+00	-9.633128e+02
5.660000e-06	-1.351371e-09	-6.120695e-09	-7.242300e+00	-1.013369e+03
5.670000e-06	-1.430271e-09	-6.418503e-09	-7.664533e+00	-1.061753e+03
5.680000e-06	-1.509064e-09	-6.706431e-09	-8.086223e+00	-1.108558e+03
5.690000e-06	-1.587758e-09	-6.985439e-09	-8.507371e+00	-1.153880e+03
5.700000e-06	-1.666302e-09	-7.256627e-09	-8.927683e+00	-1.197809e+03
5.710000e-06	-1.744653e-09	-7.520160e-09	-9.346929e+00	-1.240429e+03
5.720000e-06	-1.822796e-09	-7.775159e-09	-9.765024e+00	-1.281817e+03
5.730000e-06	-1.900718e-09	-8.021641e-09	-1.018191e+01	-1.322036e+03
5.740000e-06	-1.978440e-09	-8.261022e-09	-1.059769e+01	-1.361143e+03
5.750000e-06	-2.055984e-09	-8.494186e-09	-1.101260e+01	-1.399184e+03
5.760000e-06	-2.133308e-09	-8.721298e-09	-1.142641e+01	-1.436197e+03
5.770000e-06	-2.210388e-09	-8.942351e-09	-1.183893e+01	-1.472217e+03
5.780000e-06	-2.287231e-09	-9.157096e-09	-1.225022e+01	-1.507276e+03
5.790000e-06	-2.363863e-09	-9.365743e-09	-1.266033e+01	-1.541403e+03
5.800000e-06	-2.440316e-09	-9.568795e-09	-1.306941e+01	-1.574630e+03
5.810000e-06	-2.516572e-09	-9.766672e-09	-1.347747e+01	-1.606989e+03
5.820000e-06	-2.592633e-09	-9.959914e-09	-1.388458e+01	-1.638514e+03
5.830000e-06	-2.668508e-09	-1.014906e-08	-1.429076e+01	-1.669242e+03
5.840000e-06	-2.744189e-09	-1.033388e-08	-1.469585e+01	-1.699211e+03
5.850000e-06	-2.819654e-09	-1.051378e-08	-1.509964e+01	-1.728458e+03
5.860000e-06	-2.894874e-09	-1.068894e-08	-1.550204e+01	-1.757020e+03
5.870000e-06	-2.969862e-09	-1.085959e-08	-1.590322e+01	-1.784933e+03
5.880000e-06	-3.044632e-09	-1.102617e-08	-1.630328e+01	-1.812229e+03
5.890000e-06	-3.119166e-09	-1.118952e-08	-1.670210e+01	-1.838935e+03
5.900000e-06	-3.193451e-09	-1.135053e-08	-1.709963e+01	-1.865076e+03
5.910000e-06	-3.267503e-09	-1.150885e-08	-1.749590e+01	-1.890672e+03
5.920000e-06	-3.341342e-09	-1.166304e-08	-1.789101e+01	-1.915738e+03
5.930000e-06	-3.414958e-09	-1.181267e-08	-1.828497e+01	-1.940289e+03
5.940000e-06	-3.488370e-09	-1.195842e-08	-1.867784e+01	-1.964334e+03
5.950000e-06	-3.561594e-09	-1.210149e-08	-1.906970e+01	-1.987886e+03
5.960000e-06	-3.634610e-09	-1.224275e-08	-1.946046e+01	-2.010953e+03
5.970000e-06	-3.707401e-09	-1.238162e-08	-1.985004e+01	-2.033546e+03
5.980000e-06	-3.779972e-09	-1.251776e-08	-2.023840e+01	-2.055680e+03
5.990000e-06	-3.852321e-09	-1.265207e-08	-2.062559e+01	-2.077367e+03
6.000000e-06	-3.924418e-09	-1.278463e-08	-2.101145e+01	-2.098625e+03
6.010000e-06	-3.996249e-09	-1.291389e-08	-2.139576e+01	-2.119471e+03
6.020000e-06	-4.067776e-09	-1.303885e-08	-2.177841e+01	-2.139923e+03
6.030000e-06	-4.138957e-09	-1.316074e-08	-2.215923e+01	-2.159999e+03
6.040000e-06	-4.209772e-09	-1.328121e-08	-2.253806e+01	-2.179718e+03
6.050000e-06	-4.280191e-09	-1.340040e-08	-2.291488e+01	-2.199093e+03
6.060000e-06	-4.350190e-09	-1.351755e-08	-2.328955e+01	-2.218137e+03
6.070000e-06	-4.419810e-09	-1.363230e-08	-2.366217e+01	-2.236861e+03
6.080000e-06	-4.489074e-09	-1.374526e-08	-2.403289e+01	-2.255270e+03
6.090000e-06	-4.557989e-09	-1.385660e-08	-2.440174e+01	-2.273369e+03
6.100000e-06	-4.626582e-09	-1.396609e-08	-2.476888e+01	-2.291157e+03
6.110000e-06	-4.694855e-09	-1.407370e-08	-2.513434e+01	-2.308634e+03
6.120000e-06	-4.762817e-09	-1.417921e-08	-2.549811e+01	-2.325799e+03
6.130000e-06	-4.830484e-09	-1.428277e-08	-2.586024e+01	-2.342650e+03
6.140000e-06	-4.897837e-09	-1.438432e-08	-2.622064e+01	-2.359188e+03
6.150000e-06	-4.964855e-09	-1.448328e-08	-2.657929e+01	-2.375415e+03
6.160000e-06	-5.031532e-09	-1.457956e-08	-2.693616e+01	-2.391335e+03
6.170000e-06	-5.097857e-09	-1.467359e-08	-2.729114e+01	-2.406956e+03
6.180000e-06	-5.163821e-09	-1.476605e-08	-2.764416e+01	-2.422288e+03
6.190000e-06	-5.229434e-09	-1.485797e-08	-2.799527e+01	-2.437345e+03
6.200000e-06	-5.294719e-09	-1.494912e-08	-2.834467e+01	-2.452139e+03
6.210000e-06	-5.359684e-09	-1.503867e-08	-2.869246e+01	-2.466687e+03
6.220000e-06	-5.424319e-09	-1.512724e-08	-2.903850e+01	-2.481002e+03
6.230000e-06	-5.488640e-09	-1.521518e-08	-2.938280e+01	-2.495098e+03
6.240000e-06	-5.552633e-09	-1.530176e-08	-2.972532e+01	-2.508984e+03
6.250000e-06	-5.616241e-09	-1.538635e-08	-3.006572e+01	-2.522669e+03
6.260000e-06	-5.679397e-09	-1.546870e-08	-3.040371e+01	-2.536156e+03
6.270000e-06	-5.742029e-09	-1.554976e-08	-3.073891e+01	-2.549446e+03
6.280000e-06	-5.804107e-09	-1.563065e-08	-3.107112e+01	-2.562537e+03
6.290000e-06	-5.865639e-09	-1.571097e-08	-3.140041e+01	-2.575424e+03
6.300000e-06	-5.926650e-09	-1.578922e-08	-3.172694e+01	-2.588101e+03
6.310000e-06	-5.987201e-09	-1.586483e-08	-3.205106e+01	-2.600562e+03
6.320000e-06	-6.047361e-09	-1.593844e-08	-3.237310e+01	-2.612803e+03
6.330000e-06	-6.107168e-09	-1.601091e-08	-3.269319e+01	-2.624819e+03
6.340000e-06	-6.166617e-09	-1.608225e-08	-3.301132e+01	-2.636610e+03
6.350000e-06	-6.225692e-09	-1.615175e-08	-3.332750e+01	-2.648179e+03
6.360000e-06	-6.284362e-09	-1.622001e-08	-3.364157e+01	-2.659532e+03
6.370000e-06	-6.342577e-09	-1.628840e-08	-3.395320e+01	-2.670679e+03
6.380000e-06	-6.400303e-09	-1.635706e-08	-3.426217e+01	-2.681633e+03
6.390000e-06	-6.457553e-09	-1.642476e-08	-3.456862e+01	-2.692408e+03
6.400000e-06	-6.514381e-09	-1.649069e-08	-3.487286e+01	-2.703019e+03
6.410000e-06	-6.570809e-09	-1.655534e-08	-3.517495e+01	-2.713482e+03
6.420000e-06	-6.626814e-09	-1.661943e-08	-3.547467e+01	-2.723808e+03
6.430000e-06	-6.682324e-09	-1.668293e-08	-3.577163e+01	-2.734010e+03
6.440000e-06	-6.737236e-09	-1.674561e-08	-3.606550e+01	-2.744092e+03
6.450000e-06	-6.791484e-09	-1.680744e-08	-3.635585e+01	-2.754058e+03
6.460000e-06	-6.845054e-09	-1.686828e-08	-3.664255e+01	-2.763907e+03
6.470000e-06	-6.898000e-09	-1.692799e-08	-3.692593e+01	-2.773630e+03
6.480000e-06	-6.950387e-09	-1.698653e-08	-3.720634e+01	-2.783220e+03
6.490000e-06	-7.002247e-09	-1.704412e-08	-3.748395e+01	-2.792664e+03
6.500000e-06	-7.053591e-09	-1.710084e-08	-3.775875e+01	-2.801949e+03
6.510000e-06	-7.104387e-09	-1.715623e-08	-3.803060e+01	-2.811059e+03
6.520000e-06	-7.154576e-09	-1.721033e-08	-3.829918e+01	-2.819984e+03
6.530000e-06	-7.204076e-09	-1.726349e-08	-3.856400e+01	-2.828712e+03
6.540000e-06	-7.252805e-09	-1.731539e-08	-3.882470e+01	-2.837235e+03
6.550000e-06	-7.300770e-09	-1.736551e-08	-3.908145e+01	-2.845552e+03
6.560000e-06	-7.348078e-09	-1.741414e-08	-3.933471e+01	-2.853662e+03
6.570000e-06	-7.394863e-09	-1.746255e-08	-3.958517e+01	-2.861570e+03
6.580000e-06	-7.441242e-09	-1.751074e-08	-3.983347e+01	-2.869285e+03
6.590000e-06	-7.487234e-09	-1.755746e-08	-4.007964e+01	-2.876818e+03
6.600000e-06	-7.532786e-09	-1.760223e-08	-4.032345e+01	-2.884182e+03
6.610000e-06	-7.577859e-09	-1.764596e-08	-4.056476e+01	-2.891392e+03
6.620000e-06	-7.622492e-09	-1.768937e-08	-4.080374e+01	-2.898462e+03
6.630000e-06	-7.666744e-09	-1.773175e-08	-4.104062e+01	-2.905406e+03
6.640000e-06	-7.710600e-09	-1.777292e-08	-4.127536e+01	-2.912235e+03
6.650000e-06	-7.754002e-09	-1.781361e-08	-4.150766e+01	-2.918958e+03
6.660000e-06	-7.796890e-09	-1.785440e-08	-4.173724e+01	-2.925584e+03
6.670000e-06	-7.839240e-09	-1.789480e-08	-4.196398e+01	-2.932115e+03
6.680000e-06	-7.881053e-09	-1.793410e-08	-4.218785e+01	-2.938554e+03
6.690000e-06	-7.922304e-09	-1.797271e-08	-4.240874e+01	-2.944900e+03
6.700000e-06	-7.963027e-09	-1.801121e-08	-4.262675e+01	-2.951152e+03
6.710000e-06	-8.003305e-09	-1.804916e-08	-4.284231e+01	-2.957308e+03
6.720000e-06	-8.043120e-09	-1.808608e-08	-4.305542e+01	-2.963363e+03
6.730000e-06	-8.082341e-09	-1.812219e-08	-4.326535e+01	-2.969316e+03
6.740000e-06	-8.120786e-09	-1.815800e-08	-4.347117e+01	-2.975164e+03
6.750000e-06	-8.158393e-09	-1.819342e-08	-4.367252e+01	-2.980906e+03
6.760000e-06	-8.195292e-09	-1.822785e-08	-4.387008e+01	-2.986540e+03
6.770000e-06	-8.231657e-09	-1.826166e-08	-4.406479e+01	-2.992065e+03
6.780000e-06	-8.267566e-09	-1.829553e-08	-4.425700e+01	-2.997482e+03
6.790000e-06	-8.302958e-09	-1.832913e-08	-4.444641e+01	-3.002789e+03
6.800000e-06	-8.337770e-09	-1.836188e-08	-4.463268e+01	-3.007987e+03
6.810000e-06	-8.371968e-09	-1.839402e-08	-4.481568e+01	-3.013073e+03
6.820000e-06	-8.405533e-09	-1.842507e-08	-4.499533e+01	-3.018045e+03
6.830000e-06	-8.438508e-09	-1.845427e-08	-4.517181e+01	-3.022900e+03
6.840000e-06	-8.470978e-09	-1.848227e-08	-4.534560e+01	-3.027633e+03
6.850000e-06	-8.502972e-09	-1.850980e-08	-4.551676e+01	-3.032239e+03
6.860000e-06	-8.534360e-09	-1.853702e-08	-4.568462e+01	-3.036714e+03
6.870000e-06	-8.564928e-09	-1.856418e-08	-4.584812e+01	-3.041053e+03
6.880000e-06	-8.594578e-09	-1.859075e-08	-4.600675e+01	-3.045252e+03
6.890000e-06	-8.623453e-09	-1.861602e-08	-4.616128e+01	-3.049309e+03
6.900000e-06	-8.651802e-09	-1.864010e-08	-4.631296e+01	-3.053223e+03
6.910000e-06	-8.679704e-09	-1.866324e-08	-4.646220e+01	-3.056995e+03
6.920000e-06	-8.707044e-09	-1.868513e-08	-4.660846e+01	-3.060630e+03
6.930000e-06	-8.733754e-09	-1.870566e-08	-4.675140e+01	-3.064133e+03
6.940000e-06	-8.759829e-09	-1.872600e-08	-4.689092e+01	-3.067512e+03
6.950000e-06	-8.785243e-09	-1.874672e-08	-4.702687e+01	-3.070775e+03
6.960000e-06	-8.810042e-09	-1.876712e-08	-4.715953e+01	-3.073934e+03
6.970000e-06	-8.834366e-09	-1.878704e-08	-4.728962e+01	-3.076998e+03
6.980000e-06	-8.858233e-09	-1.880674e-08	-4.741718e+01	-3.079978e+03
6.990000e-06	-8.881417e-09	-1.882612e-08	-4.754103e+01	-3.082880e+03
7.000000e-06	-8.903695e-09	-1.884436e-08	-4.766010e+01	-3.085713e+03
7.010000e-06	-8.925066e-09	-1.886132e-08	-4.777443e+01	-3.088481e+03
7.020000e-06	-8.945734e-09	-1.887792e-08	-4.788509e+01	-3.091187e+03
7.030000e-06	-8.965912e-09	-1.889441e-08	-4.799309e+01	-3.093831e+03
7.040000e-06	-8.985616e-09	-1.891067e-08	-4.809847e+01	-3.096412e+03
7.050000e-06	-9.004731e-09	-1.892677e-08	-4.820069e+01	-3.098926e+03
7.060000e-06	-9.023211e-09	-1.894233e-08	-4.829955e+01	-3.101369e+03
7.070000e-06	-9.041085e-09	-1.895755e-08	-4.839510e+01	-3.103736e+03
7.080000e-06	-9.058333e-09	-1.897264e-08	-4.848730e+01	-3.106023e+03
7.090000e-06	-9.074986e-09	-1.898723e-08	-4.857643e+01	-3.108227e+03
7.100000e-06	-9.091157e-09	-1.900117e-08	-4.866294e+01	-3.110343e+03
7.110000e-06	-9.106713e-09	-1.901428e-08	-4.874597e+01	-3.112372e+03
7.120000e-06	-9.121346e-09	-1.902657e-08	-4.882399e+01	-3.114312e+03
7.130000e-06	-9.134938e-09	-1.903808e-08	-4.889662e+01	-3.116165e+03
7.140000e-06	-9.147677e-09	-1.904897e-08	-4.896479e+01	-3.117935e+03
7.150000e-06	-9.159758e-09	-1.905944e-08	-4.902939e+01	-3.119623e+03
7.160000e-06	-9.171200e-09	-1.906953e-08	-4.909052e+01	-3.121234e+03
7.170000e-06	-9.181980e-09	-1.907917e-08	-4.914816e+01	-3.122770e+03
7.180000e-06	-9.192124e-09	-1.908832e-08	-4.920243e+01	-3.124234e+03
7.190000e-06	-9.201629e-09	-1.909725e-08	-4.925330e+01	-3.125627e+03
7.200000e-06	-9.210511e-09	-1.910589e-08	-4.930081e+01	-3.126948e+03
7.210000e-06	-9.218879e-09	-1.911367e-08	-4.934551e+01	-3.128195e+03
7.220000e-06	-9.226748e-09	-1.912053e-08	-4.938746e+01	-3.129365e+03
7.230000e-06	-9.233906e-09	-1.912688e-08	-4.942557e+01	-3.130452e+03
7.240000e-06	-9.240116e-09	-1.913324e-08	-4.945862e+01	-3.131450e+03
7.250000e-06	-9.245399e-09	-1.913925e-08	-4.948682e+01	-3.132352e+03
7.260000e-06	-9.249991e-09	-1.914427e-08	-4.951142e+01	-3.133152e+03
7.270000e-06	-9.254084e-09	-1.914866e-08	-4.953327e+01	-3.133844e+03
7.280000e-06	-9.257644e-09	-1.915281e-08	-4.955224e+01	-3.134421e+03
7.290000e-06	-9.260579e-09	-1.915621e-08	-4.956791e+01	-3.134880e+03
7.300000e-06	-9.262937e-09	-1.915775e-08	-4.958046e+01	-3.135218e+03
7.310000e-06	-9.264663e-09	-1.915732e-08	-4.958957e+01	-3.135435e+03
7.320000e-06	-9.265693e-09	-1.915631e-08	-4.959501e+01	-3.135531e+03
