# Concentracion g/m^3_=_53300.0
# C_Vs_to_Am_M_A/Vsm_=_128687336408.14134
# pendiente_HvsI_1/m_=_3716.3
# ordenada_HvsI_A/m_=_1297.0
# frecuencia_Hz_=_135905.59341821686
# Promedio de 34 ciclos

Tiempo_(s)	Campo_(V.s)	Magnetizacion_(V.s)	Campo_(kA/m)	Magnetizacion_(A/m)
0.000000e+00	-7.718642e-10	-5.236356e-09	-5.012986e+00	-7.893864e+02
1.000000e-08	-7.718564e-10	-5.242722e-09	-5.012930e+00	-7.895231e+02
2.000000e-08	-7.718262e-10	-5.241652e-09	-5.012742e+00	-7.896085e+02
3.000000e-08	-7.717914e-10	-5.254682e-09	-5.012521e+00	-7.896445e+02
4.000000e-08	-7.717232e-10	-5.265338e-09	-5.012065e+00	-7.896325e+02
5.000000e-08	-7.715822e-10	-5.242140e-09	-5.011141e+00	-7.895740e+02
6.000000e-08	-7.713512e-10	-5.227364e-09	-5.009646e+00	-7.894701e+02
7.000000e-08	-7.710425e-10	-5.244211e-09	-5.007655e+00	-7.893217e+02
8.000000e-08	-7.706825e-10	-5.240514e-09	-5.005345e+00	-7.891291e+02
9.000000e-08	-7.702799e-10	-5.222308e-09	-5.002755e+00	-7.888923e+02
1.000000e-07	-7.698087e-10	-5.231056e-09	-4.999691e+00	-7.886109e+02
1.100000e-07	-7.692313e-10	-5.242084e-09	-4.995936e+00	-7.882841e+02
1.200000e-07	-7.685488e-10	-5.232364e-09	-4.991499e+00	-7.879107e+02
1.300000e-07	-7.677841e-10	-5.225105e-09	-4.986530e+00	-7.874894e+02
1.400000e-07	-7.669611e-10	-5.223717e-09	-4.981191e+00	-7.870188e+02
1.500000e-07	-7.660983e-10	-5.215484e-09	-4.975583e+00	-7.864975e+02
1.600000e-07	-7.652030e-10	-5.209748e-09	-4.969762e+00	-7.859241e+02
1.700000e-07	-7.642778e-10	-5.208912e-09	-4.963748e+00	-7.852974e+02
1.800000e-07	-7.633188e-10	-5.202184e-09	-4.957513e+00	-7.846165e+02
1.900000e-07	-7.623211e-10	-5.194447e-09	-4.951035e+00	-7.838808e+02
2.000000e-07	-7.612772e-10	-5.193281e-09	-4.944258e+00	-7.830901e+02
2.100000e-07	-7.601761e-10	-5.190010e-09	-4.937100e+00	-7.822444e+02
2.200000e-07	-7.590159e-10	-5.179569e-09	-4.929558e+00	-7.813441e+02
2.300000e-07	-7.578001e-10	-5.169977e-09	-4.921658e+00	-7.803898e+02
2.400000e-07	-7.565277e-10	-5.164719e-09	-4.913384e+00	-7.793824e+02
2.500000e-07	-7.551981e-10	-5.159498e-09	-4.904742e+00	-7.783228e+02
2.600000e-07	-7.538148e-10	-5.152761e-09	-4.895762e+00	-7.772119e+02
2.700000e-07	-7.523748e-10	-5.144738e-09	-4.886408e+00	-7.760508e+02
2.800000e-07	-7.508773e-10	-5.134632e-09	-4.876686e+00	-7.748401e+02
2.900000e-07	-7.493225e-10	-5.124470e-09	-4.866595e+00	-7.735806e+02
3.000000e-07	-7.477086e-10	-5.116593e-09	-4.856112e+00	-7.722726e+02
3.100000e-07	-7.460480e-10	-5.108460e-09	-4.845319e+00	-7.709164e+02
3.200000e-07	-7.443565e-10	-5.098365e-09	-4.834328e+00	-7.695118e+02
3.300000e-07	-7.426413e-10	-5.087889e-09	-4.823187e+00	-7.680586e+02
3.400000e-07	-7.408967e-10	-5.077355e-09	-4.811857e+00	-7.665565e+02
3.500000e-07	-7.391082e-10	-5.066216e-09	-4.800245e+00	-7.650049e+02
3.600000e-07	-7.372636e-10	-5.054536e-09	-4.788263e+00	-7.634034e+02
3.700000e-07	-7.353481e-10	-5.041923e-09	-4.775820e+00	-7.617517e+02
3.800000e-07	-7.333526e-10	-5.029139e-09	-4.762865e+00	-7.600495e+02
3.900000e-07	-7.312678e-10	-5.018161e-09	-4.749337e+00	-7.582968e+02
4.000000e-07	-7.290858e-10	-5.008166e-09	-4.735167e+00	-7.564938e+02
4.100000e-07	-7.268140e-10	-4.996168e-09	-4.720398e+00	-7.546410e+02
4.200000e-07	-7.244653e-10	-4.981981e-09	-4.705132e+00	-7.527394e+02
4.300000e-07	-7.220591e-10	-4.968044e-09	-4.689505e+00	-7.507899e+02
4.400000e-07	-7.196046e-10	-4.955252e-09	-4.673569e+00	-7.487939e+02
4.500000e-07	-7.171058e-10	-4.943404e-09	-4.657343e+00	-7.467529e+02
4.600000e-07	-7.145640e-10	-4.931667e-09	-4.640843e+00	-7.446682e+02
4.700000e-07	-7.119773e-10	-4.918067e-09	-4.624056e+00	-7.425415e+02
4.800000e-07	-7.093442e-10	-4.902774e-09	-4.606965e+00	-7.403741e+02
4.900000e-07	-7.066580e-10	-4.888185e-09	-4.589528e+00	-7.381672e+02
5.000000e-07	-7.039093e-10	-4.874348e-09	-4.571699e+00	-7.359218e+02
5.100000e-07	-7.010962e-10	-4.858992e-09	-4.553456e+00	-7.336383e+02
5.200000e-07	-6.982225e-10	-4.842625e-09	-4.534804e+00	-7.313173e+02
5.300000e-07	-6.952907e-10	-4.827282e-09	-4.515780e+00	-7.289585e+02
5.400000e-07	-6.922985e-10	-4.812661e-09	-4.496379e+00	-7.265616e+02
5.500000e-07	-6.892363e-10	-4.798370e-09	-4.476520e+00	-7.241261e+02
5.600000e-07	-6.861060e-10	-4.783481e-09	-4.456208e+00	-7.216510e+02
5.700000e-07	-6.828974e-10	-4.766310e-09	-4.435386e+00	-7.191356e+02
5.800000e-07	-6.796100e-10	-4.748276e-09	-4.414078e+00	-7.165787e+02
5.900000e-07	-6.762584e-10	-4.731785e-09	-4.392363e+00	-7.139795e+02
6.000000e-07	-6.728431e-10	-4.716181e-09	-4.370215e+00	-7.113370e+02
6.100000e-07	-6.693735e-10	-4.699516e-09	-4.347705e+00	-7.086505e+02
6.200000e-07	-6.658546e-10	-4.681457e-09	-4.324869e+00	-7.059196e+02
6.300000e-07	-6.622907e-10	-4.663093e-09	-4.301736e+00	-7.031439e+02
6.400000e-07	-6.586907e-10	-4.645296e-09	-4.278374e+00	-7.003231e+02
6.500000e-07	-6.550552e-10	-4.627583e-09	-4.254770e+00	-6.974574e+02
6.600000e-07	-6.513853e-10	-4.608806e-09	-4.230942e+00	-6.945467e+02
6.700000e-07	-6.476854e-10	-4.588880e-09	-4.206924e+00	-6.915911e+02
6.800000e-07	-6.439535e-10	-4.568743e-09	-4.182702e+00	-6.885909e+02
6.900000e-07	-6.401793e-10	-4.548870e-09	-4.158209e+00	-6.855459e+02
7.000000e-07	-6.363552e-10	-4.529170e-09	-4.133379e+00	-6.824562e+02
7.100000e-07	-6.324776e-10	-4.509024e-09	-4.108198e+00	-6.793213e+02
7.200000e-07	-6.285475e-10	-4.487824e-09	-4.082679e+00	-6.761410e+02
7.300000e-07	-6.245734e-10	-4.466328e-09	-4.056872e+00	-6.729144e+02
7.400000e-07	-6.205574e-10	-4.445342e-09	-4.030804e+00	-6.696408e+02
7.500000e-07	-6.165038e-10	-4.424206e-09	-4.004488e+00	-6.663193e+02
7.600000e-07	-6.124231e-10	-4.401744e-09	-3.977985e+00	-6.629489e+02
7.700000e-07	-6.083232e-10	-4.378169e-09	-3.951358e+00	-6.595284e+02
7.800000e-07	-6.042046e-10	-4.354878e-09	-3.924613e+00	-6.560569e+02
7.900000e-07	-6.000634e-10	-4.332582e-09	-3.897723e+00	-6.525335e+02
8.000000e-07	-5.958920e-10	-4.310144e-09	-3.870634e+00	-6.489572e+02
8.100000e-07	-5.916843e-10	-4.285963e-09	-3.843317e+00	-6.453273e+02
8.200000e-07	-5.874325e-10	-4.260397e-09	-3.815711e+00	-6.416434e+02
8.300000e-07	-5.831326e-10	-4.234875e-09	-3.787784e+00	-6.379049e+02
8.400000e-07	-5.787870e-10	-4.209746e-09	-3.759568e+00	-6.341117e+02
8.500000e-07	-5.743945e-10	-4.184641e-09	-3.731055e+00	-6.302634e+02
8.600000e-07	-5.699584e-10	-4.159013e-09	-3.702258e+00	-6.263600e+02
8.700000e-07	-5.654862e-10	-4.132497e-09	-3.673217e+00	-6.224011e+02
8.800000e-07	-5.609792e-10	-4.105622e-09	-3.643948e+00	-6.183867e+02
8.900000e-07	-5.564339e-10	-4.078432e-09	-3.614445e+00	-6.143164e+02
9.000000e-07	-5.518538e-10	-4.050251e-09	-3.584713e+00	-6.101899e+02
9.100000e-07	-5.472363e-10	-4.021008e-09	-3.554714e+00	-6.060066e+02
9.200000e-07	-5.425748e-10	-3.991875e-09	-3.524431e+00	-6.017662e+02
9.300000e-07	-5.378707e-10	-3.963265e-09	-3.493886e+00	-5.974682e+02
9.400000e-07	-5.331235e-10	-3.934018e-09	-3.463071e+00	-5.931119e+02
9.500000e-07	-5.283345e-10	-3.903869e-09	-3.431985e+00	-5.886972e+02
9.600000e-07	-5.235113e-10	-3.873647e-09	-3.400660e+00	-5.842239e+02
9.700000e-07	-5.186597e-10	-3.843220e-09	-3.369149e+00	-5.796919e+02
9.800000e-07	-5.137809e-10	-3.812347e-09	-3.337464e+00	-5.751017e+02
9.900000e-07	-5.088791e-10	-3.781576e-09	-3.305630e+00	-5.704540e+02
1.000000e-06	-5.039532e-10	-3.750839e-09	-3.273645e+00	-5.657497e+02
1.010000e-06	-4.990014e-10	-3.719207e-09	-3.241491e+00	-5.609901e+02
1.020000e-06	-4.940235e-10	-3.686411e-09	-3.209169e+00	-5.561769e+02
1.030000e-06	-4.890144e-10	-3.653377e-09	-3.176647e+00	-5.513118e+02
1.040000e-06	-4.839679e-10	-3.620271e-09	-3.143867e+00	-5.463968e+02
1.050000e-06	-4.788731e-10	-3.586785e-09	-3.110775e+00	-5.414338e+02
1.060000e-06	-4.737218e-10	-3.553138e-09	-3.077312e+00	-5.364246e+02
1.070000e-06	-4.685157e-10	-3.519636e-09	-3.043481e+00	-5.313711e+02
1.080000e-06	-4.632499e-10	-3.486159e-09	-3.009261e+00	-5.262748e+02
1.090000e-06	-4.579213e-10	-3.452340e-09	-2.974637e+00	-5.211368e+02
1.100000e-06	-4.525365e-10	-3.418059e-09	-2.939662e+00	-5.159580e+02
1.110000e-06	-4.470965e-10	-3.383004e-09	-2.904336e+00	-5.107391e+02
1.120000e-06	-4.416074e-10	-3.347885e-09	-2.868689e+00	-5.054802e+02
1.130000e-06	-4.360739e-10	-3.313290e-09	-2.832746e+00	-5.001816e+02
1.140000e-06	-4.304975e-10	-3.278355e-09	-2.796517e+00	-4.948429e+02
1.150000e-06	-4.248849e-10	-3.242707e-09	-2.760052e+00	-4.894641e+02
1.160000e-06	-4.192441e-10	-3.206809e-09	-2.723413e+00	-4.840450e+02
1.170000e-06	-4.135829e-10	-3.170968e-09	-2.686645e+00	-4.785854e+02
1.180000e-06	-4.079040e-10	-3.134859e-09	-2.649762e+00	-4.730855e+02
1.190000e-06	-4.022098e-10	-3.098354e-09	-2.612778e+00	-4.675456e+02
1.200000e-06	-3.965013e-10	-3.061293e-09	-2.575704e+00	-4.619663e+02
1.210000e-06	-3.907806e-10	-3.023887e-09	-2.538548e+00	-4.563485e+02
1.220000e-06	-3.850464e-10	-2.986523e-09	-2.501299e+00	-4.506933e+02
1.230000e-06	-3.792959e-10	-2.948611e-09	-2.463945e+00	-4.450021e+02
1.240000e-06	-3.735288e-10	-2.910382e-09	-2.426488e+00	-4.392761e+02
1.250000e-06	-3.677438e-10	-2.872341e-09	-2.388913e+00	-4.335170e+02
1.260000e-06	-3.619348e-10	-2.834041e-09	-2.351177e+00	-4.277260e+02
1.270000e-06	-3.560988e-10	-2.795412e-09	-2.313262e+00	-4.219044e+02
1.280000e-06	-3.502349e-10	-2.757055e-09	-2.275166e+00	-4.160532e+02
1.290000e-06	-3.443425e-10	-2.718723e-09	-2.236892e+00	-4.101730e+02
1.300000e-06	-3.384213e-10	-2.679543e-09	-2.198428e+00	-4.042643e+02
1.310000e-06	-3.324703e-10	-2.639971e-09	-2.159765e+00	-3.983270e+02
1.320000e-06	-3.264903e-10	-2.600930e-09	-2.120913e+00	-3.923609e+02
1.330000e-06	-3.204844e-10	-2.562014e-09	-2.081892e+00	-3.863656e+02
1.340000e-06	-3.144535e-10	-2.521886e-09	-2.042708e+00	-3.803403e+02
1.350000e-06	-3.084003e-10	-2.480714e-09	-2.003380e+00	-3.742845e+02
1.360000e-06	-3.023304e-10	-2.439956e-09	-1.963954e+00	-3.681972e+02
1.370000e-06	-2.962430e-10	-2.399968e-09	-1.924423e+00	-3.620780e+02
1.380000e-06	-2.901415e-10	-2.360080e-09	-1.884794e+00	-3.559264e+02
1.390000e-06	-2.840276e-10	-2.319649e-09	-1.845083e+00	-3.497423e+02
1.400000e-06	-2.778994e-10	-2.278421e-09	-1.805277e+00	-3.435257e+02
1.410000e-06	-2.717589e-10	-2.236817e-09	-1.765390e+00	-3.372772e+02
1.420000e-06	-2.656056e-10	-2.195415e-09	-1.725423e+00	-3.309973e+02
1.430000e-06	-2.594331e-10	-2.153485e-09	-1.685340e+00	-3.246870e+02
1.440000e-06	-2.532461e-10	-2.110291e-09	-1.645152e+00	-3.183473e+02
1.450000e-06	-2.470455e-10	-2.067250e-09	-1.604863e+00	-3.119795e+02
1.460000e-06	-2.408220e-10	-2.025477e-09	-1.564442e+00	-3.055846e+02
1.470000e-06	-2.345766e-10	-1.984007e-09	-1.523890e+00	-2.991638e+02
1.480000e-06	-2.283150e-10	-1.941546e-09	-1.483221e+00	-2.927180e+02
1.490000e-06	-2.220371e-10	-1.897971e-09	-1.442440e+00	-2.862477e+02
1.500000e-06	-2.157410e-10	-1.854319e-09	-1.401549e+00	-2.797536e+02
1.510000e-06	-2.094303e-10	-1.810964e-09	-1.360570e+00	-2.732356e+02
1.520000e-06	-2.031058e-10	-1.767118e-09	-1.319505e+00	-2.666936e+02
1.530000e-06	-1.967677e-10	-1.722754e-09	-1.278341e+00	-2.601274e+02
1.540000e-06	-1.904146e-10	-1.678579e-09	-1.237081e+00	-2.535362e+02
1.550000e-06	-1.840482e-10	-1.634773e-09	-1.195732e+00	-2.469193e+02
1.560000e-06	-1.776729e-10	-1.591522e-09	-1.154312e+00	-2.402758e+02
1.570000e-06	-1.712858e-10	-1.548383e-09	-1.112817e+00	-2.336049e+02
1.580000e-06	-1.648792e-10	-1.504066e-09	-1.071199e+00	-2.269058e+02
1.590000e-06	-1.584556e-10	-1.458400e-09	-1.029472e+00	-2.201777e+02
1.600000e-06	-1.520221e-10	-1.412451e-09	-9.876838e-01	-2.134199e+02
1.610000e-06	-1.455778e-10	-1.367088e-09	-9.458254e-01	-2.066319e+02
1.620000e-06	-1.391267e-10	-1.322388e-09	-9.039116e-01	-1.998136e+02
1.630000e-06	-1.326697e-10	-1.277166e-09	-8.619554e-01	-1.929647e+02
1.640000e-06	-1.262038e-10	-1.230475e-09	-8.199479e-01	-1.860852e+02
1.650000e-06	-1.197315e-10	-1.183396e-09	-7.779035e-01	-1.791755e+02
1.660000e-06	-1.132546e-10	-1.136882e-09	-7.358353e-01	-1.722357e+02
1.670000e-06	-1.067729e-10	-1.090367e-09	-6.937388e-01	-1.652665e+02
1.680000e-06	-1.002884e-10	-1.043319e-09	-6.516199e-01	-1.582684e+02
1.690000e-06	-9.379981e-11	-9.959893e-10	-6.094752e-01	-1.512421e+02
1.700000e-06	-8.730882e-11	-9.490041e-10	-5.673112e-01	-1.441885e+02
1.710000e-06	-8.081491e-11	-9.025077e-10	-5.251336e-01	-1.371086e+02
1.720000e-06	-7.431698e-11	-8.560596e-10	-4.829325e-01	-1.300035e+02
1.730000e-06	-6.781724e-11	-8.085722e-10	-4.407133e-01	-1.228743e+02
1.740000e-06	-6.131420e-11	-7.596243e-10	-3.984738e-01	-1.157224e+02
1.750000e-06	-5.480857e-11	-7.106547e-10	-3.562195e-01	-1.085491e+02
1.760000e-06	-4.830172e-11	-6.627958e-10	-3.139593e-01	-1.013560e+02
1.770000e-06	-4.179275e-11	-6.153935e-10	-2.716855e-01	-9.414448e+01
1.780000e-06	-3.528127e-11	-5.672517e-10	-2.294000e-01	-8.691607e+01
1.790000e-06	-2.876946e-11	-5.184472e-10	-1.871149e-01	-7.967217e+01
1.800000e-06	-2.225956e-11	-4.696208e-10	-1.448403e-01	-7.241411e+01
1.810000e-06	-1.575081e-11	-4.208052e-10	-1.025656e-01	-6.514303e+01
1.820000e-06	-9.241480e-12	-3.720044e-10	-6.028321e-02	-5.785989e+01
1.830000e-06	-2.730740e-12	-3.235587e-10	-1.799603e-02	-5.056541e+01
1.840000e-06	3.780611e-12	-2.752181e-10	2.429211e-02	-4.326010e+01
1.850000e-06	1.029191e-11	-2.266495e-10	6.657471e-02	-3.594421e+01
1.860000e-06	1.680324e-11	-1.779659e-10	1.088589e-01	-2.861782e+01
1.870000e-06	2.331502e-11	-1.294143e-10	1.511506e-01	-2.128086e+01
1.880000e-06	2.982720e-11	-8.037573e-11	1.934388e-01	-1.393319e+01
1.890000e-06	3.633828e-11	-3.084726e-11	2.357187e-01	-6.574661e+00
1.900000e-06	4.284695e-11	1.822938e-11	2.779896e-01	7.947577e-01
1.910000e-06	4.935396e-11	6.696211e-11	3.202472e-01	8.174929e+00
1.920000e-06	5.585993e-11	1.157330e-10	3.624944e-01	1.556545e+01
1.930000e-06	6.236194e-11	1.648526e-10	4.047228e-01	2.296562e+01
1.940000e-06	6.886171e-11	2.145706e-10	4.469404e-01	3.037433e+01
1.950000e-06	7.535961e-11	2.643520e-10	4.891411e-01	3.779016e+01
1.960000e-06	8.185307e-11	3.139583e-10	5.313165e-01	4.521131e+01
1.970000e-06	8.834396e-11	3.638513e-10	5.734731e-01	5.263567e+01
1.980000e-06	9.483296e-11	4.140076e-10	6.156081e-01	6.006091e+01
1.990000e-06	1.013174e-10	4.637455e-10	6.577208e-01	6.748454e+01
2.000000e-06	1.077978e-10	5.126041e-10	6.998124e-01	7.490405e+01
2.010000e-06	1.142753e-10	5.612075e-10	7.418854e-01	8.231697e+01
2.020000e-06	1.207499e-10	6.103014e-10	7.839433e-01	8.972101e+01
2.030000e-06	1.272197e-10	6.595260e-10	8.259657e-01	9.711411e+01
2.040000e-06	1.336824e-10	7.081675e-10	8.679395e-01	1.044945e+02
2.050000e-06	1.401394e-10	7.566762e-10	9.098822e-01	1.118608e+02
2.060000e-06	1.465870e-10	8.057386e-10	9.517647e-01	1.192119e+02
2.070000e-06	1.530234e-10	8.550588e-10	9.935723e-01	1.265470e+02
2.080000e-06	1.594498e-10	9.038180e-10	1.035310e+00	1.338657e+02
2.090000e-06	1.658627e-10	9.519085e-10	1.076960e+00	1.411676e+02
2.100000e-06	1.722580e-10	9.996811e-10	1.118514e+00	1.484526e+02
2.110000e-06	1.786380e-10	1.047576e-09	1.159961e+00	1.557203e+02
2.120000e-06	1.850019e-10	1.095995e-09	1.201298e+00	1.629707e+02
2.130000e-06	1.913503e-10	1.144362e-09	1.242542e+00	1.702033e+02
2.140000e-06	1.976874e-10	1.192424e-09	1.283709e+00	1.774175e+02
2.150000e-06	2.040098e-10	1.240495e-09	1.324779e+00	1.846126e+02
2.160000e-06	2.103147e-10	1.288533e-09	1.365749e+00	1.917877e+02
2.170000e-06	2.166004e-10	1.336048e-09	1.406596e+00	1.989415e+02
2.180000e-06	2.228645e-10	1.382931e-09	1.447283e+00	2.060729e+02
2.190000e-06	2.291054e-10	1.430004e-09	1.487812e+00	2.131805e+02
2.200000e-06	2.353251e-10	1.477613e-09	1.528216e+00	2.202630e+02
2.210000e-06	2.415300e-10	1.525075e-09	1.568529e+00	2.273193e+02
2.220000e-06	2.477205e-10	1.572032e-09	1.608744e+00	2.343482e+02
2.230000e-06	2.538944e-10	1.618487e-09	1.648848e+00	2.413489e+02
2.240000e-06	2.600521e-10	1.664618e-09	1.688853e+00	2.483207e+02
2.250000e-06	2.661964e-10	1.710858e-09	1.728775e+00	2.552632e+02
2.260000e-06	2.723295e-10	1.756901e-09	1.768611e+00	2.621760e+02
2.270000e-06	2.784506e-10	1.803046e-09	1.808366e+00	2.690591e+02
2.280000e-06	2.845574e-10	1.849117e-09	1.848031e+00	2.759123e+02
2.290000e-06	2.906506e-10	1.894562e-09	1.887605e+00	2.827355e+02
2.300000e-06	2.967290e-10	1.939553e-09	1.927085e+00	2.895285e+02
2.310000e-06	3.027895e-10	1.984315e-09	1.966454e+00	2.962910e+02
2.320000e-06	3.088307e-10	2.028955e-09	2.005702e+00	3.030225e+02
2.330000e-06	3.148498e-10	2.073188e-09	2.044805e+00	3.097222e+02
2.340000e-06	3.208481e-10	2.117165e-09	2.083758e+00	3.163892e+02
2.350000e-06	3.268233e-10	2.161214e-09	2.122555e+00	3.230224e+02
2.360000e-06	3.327707e-10	2.205245e-09	2.161188e+00	3.296208e+02
2.370000e-06	3.386913e-10	2.248880e-09	2.199650e+00	3.361831e+02
2.380000e-06	3.445845e-10	2.291882e-09	2.237926e+00	3.427085e+02
2.390000e-06	3.504471e-10	2.334462e-09	2.275999e+00	3.491959e+02
2.400000e-06	3.562805e-10	2.376862e-09	2.313874e+00	3.556450e+02
2.410000e-06	3.620871e-10	2.418954e-09	2.351581e+00	3.620557e+02
2.420000e-06	3.678722e-10	2.460715e-09	2.389155e+00	3.684282e+02
2.430000e-06	3.736403e-10	2.502495e-09	2.426616e+00	3.747633e+02
2.440000e-06	3.793909e-10	2.544303e-09	2.463970e+00	3.810620e+02
2.450000e-06	3.851253e-10	2.586212e-09	2.501221e+00	3.873260e+02
2.460000e-06	3.908462e-10	2.627748e-09	2.538378e+00	3.935566e+02
2.470000e-06	3.965551e-10	2.668686e-09	2.575459e+00	3.997558e+02
2.480000e-06	4.022534e-10	2.709159e-09	2.612471e+00	4.059251e+02
2.490000e-06	4.079402e-10	2.748916e-09	2.649407e+00	4.120659e+02
2.500000e-06	4.136111e-10	2.788602e-09	2.686248e+00	4.181793e+02
2.510000e-06	4.192610e-10	2.828543e-09	2.722958e+00	4.242656e+02
2.520000e-06	4.248855e-10	2.868275e-09	2.759498e+00	4.303248e+02
2.530000e-06	4.304778e-10	2.907861e-09	2.795825e+00	4.363562e+02
2.540000e-06	4.360290e-10	2.947311e-09	2.831892e+00	4.423585e+02
2.550000e-06	4.415354e-10	2.986240e-09	2.867674e+00	4.483298e+02
2.560000e-06	4.469895e-10	3.024769e-09	2.903118e+00	4.542677e+02
2.570000e-06	4.523842e-10	3.063238e-09	2.938170e+00	4.601696e+02
2.580000e-06	4.577163e-10	3.101384e-09	2.972804e+00	4.660327e+02
2.590000e-06	4.629818e-10	3.139292e-09	3.007012e+00	4.718544e+02
2.600000e-06	4.681850e-10	3.177388e-09	3.040829e+00	4.776319e+02
2.610000e-06	4.733265e-10	3.214979e-09	3.074237e+00	4.833633e+02
2.620000e-06	4.784135e-10	3.251583e-09	3.107287e+00	4.890467e+02
2.630000e-06	4.834585e-10	3.287864e-09	3.140064e+00	4.946812e+02
2.640000e-06	4.884653e-10	3.324470e-09	3.172590e+00	5.002660e+02
2.650000e-06	4.934403e-10	3.360926e-09	3.204907e+00	5.058012e+02
2.660000e-06	4.983886e-10	3.396802e-09	3.237045e+00	5.112872e+02
2.670000e-06	5.033106e-10	3.432234e-09	3.269017e+00	5.167249e+02
2.680000e-06	5.082113e-10	3.467584e-09	3.300851e+00	5.221153e+02
2.690000e-06	5.130911e-10	3.503015e-09	3.332544e+00	5.274593e+02
2.700000e-06	5.179452e-10	3.537872e-09	3.364064e+00	5.327579e+02
2.710000e-06	5.227682e-10	3.571767e-09	3.395379e+00	5.380117e+02
2.720000e-06	5.275528e-10	3.605519e-09	3.426452e+00	5.432209e+02
2.730000e-06	5.322971e-10	3.639788e-09	3.457261e+00	5.483851e+02
2.740000e-06	5.369957e-10	3.673959e-09	3.487774e+00	5.535034e+02
2.750000e-06	5.416487e-10	3.707682e-09	3.517991e+00	5.585743e+02
2.760000e-06	5.462594e-10	3.741320e-09	3.547932e+00	5.635959e+02
2.770000e-06	5.508321e-10	3.774534e-09	3.577626e+00	5.685657e+02
2.780000e-06	5.553718e-10	3.806693e-09	3.607106e+00	5.734810e+02
2.790000e-06	5.598802e-10	3.838209e-09	3.636380e+00	5.783389e+02
2.800000e-06	5.643596e-10	3.869645e-09	3.665456e+00	5.831364e+02
2.810000e-06	5.688072e-10	3.901100e-09	3.694323e+00	5.878709e+02
2.820000e-06	5.732165e-10	3.932504e-09	3.722943e+00	5.925398e+02
2.830000e-06	5.775805e-10	3.963636e-09	3.751268e+00	5.971409e+02
2.840000e-06	5.818957e-10	3.994156e-09	3.779269e+00	6.016727e+02
2.850000e-06	5.861643e-10	4.023445e-09	3.806974e+00	6.061338e+02
2.860000e-06	5.903901e-10	4.052197e-09	3.834413e+00	6.105235e+02
2.870000e-06	5.945784e-10	4.080966e-09	3.861606e+00	6.148416e+02
2.880000e-06	5.987340e-10	4.109356e-09	3.888583e+00	6.190882e+02
2.890000e-06	6.028624e-10	4.138076e-09	3.915393e+00	6.232637e+02
2.900000e-06	6.069707e-10	4.166869e-09	3.942077e+00	6.273689e+02
2.910000e-06	6.110592e-10	4.194422e-09	3.968631e+00	6.314045e+02
2.920000e-06	6.151258e-10	4.220690e-09	3.995040e+00	6.353715e+02
2.930000e-06	6.191627e-10	4.246138e-09	4.021254e+00	6.392708e+02
2.940000e-06	6.231615e-10	4.271141e-09	4.047221e+00	6.431035e+02
2.950000e-06	6.271183e-10	4.295854e-09	4.072902e+00	6.468705e+02
2.960000e-06	6.310238e-10	4.320278e-09	4.098251e+00	6.505728e+02
2.970000e-06	6.348739e-10	4.344954e-09	4.123248e+00	6.542114e+02
2.980000e-06	6.386700e-10	4.369391e-09	4.147898e+00	6.577873e+02
2.990000e-06	6.424124e-10	4.392455e-09	4.172206e+00	6.613016e+02
3.000000e-06	6.461045e-10	4.414379e-09	4.196177e+00	6.647557e+02
3.010000e-06	6.497560e-10	4.436021e-09	4.219878e+00	6.681509e+02
3.020000e-06	6.533743e-10	4.457792e-09	4.243370e+00	6.714888e+02
3.030000e-06	6.569616e-10	4.479646e-09	4.266659e+00	6.747710e+02
3.040000e-06	6.605177e-10	4.501149e-09	4.289747e+00	6.779992e+02
3.050000e-06	6.640407e-10	4.522241e-09	4.312625e+00	6.811752e+02
3.060000e-06	6.675280e-10	4.543228e-09	4.335262e+00	6.843007e+02
3.070000e-06	6.709668e-10	4.563737e-09	4.357574e+00	6.873774e+02
3.080000e-06	6.743462e-10	4.583125e-09	4.379500e+00	6.904068e+02
3.090000e-06	6.776623e-10	4.601468e-09	4.401011e+00	6.933901e+02
3.100000e-06	6.809092e-10	4.619744e-09	4.422067e+00	6.963283e+02
3.110000e-06	6.840826e-10	4.638203e-09	4.442654e+00	6.992220e+02
3.120000e-06	6.871808e-10	4.656380e-09	4.462777e+00	7.020718e+02
3.130000e-06	6.902071e-10	4.674471e-09	4.482447e+00	7.048779e+02
3.140000e-06	6.931758e-10	4.692277e-09	4.501736e+00	7.076402e+02
3.150000e-06	6.960992e-10	4.709084e-09	4.520711e+00	7.103589e+02
3.160000e-06	6.989774e-10	4.724953e-09	4.539386e+00	7.130338e+02
3.170000e-06	7.018050e-10	4.740782e-09	4.557736e+00	7.156650e+02
3.180000e-06	7.045738e-10	4.756903e-09	4.575708e+00	7.182527e+02
3.190000e-06	7.072825e-10	4.772864e-09	4.593295e+00	7.207974e+02
3.200000e-06	7.099368e-10	4.788436e-09	4.610521e+00	7.232997e+02
3.210000e-06	7.125389e-10	4.803420e-09	4.627402e+00	7.257607e+02
3.220000e-06	7.150937e-10	4.818165e-09	4.643986e+00	7.281816e+02
3.230000e-06	7.176093e-10	4.832450e-09	4.660320e+00	7.305636e+02
3.240000e-06	7.200846e-10	4.846213e-09	4.676393e+00	7.329082e+02
3.250000e-06	7.225125e-10	4.860187e-09	4.692146e+00	7.352167e+02
3.260000e-06	7.248818e-10	4.874321e-09	4.707507e+00	7.374902e+02
3.270000e-06	7.271778e-10	4.888329e-09	4.722400e+00	7.397295e+02
3.280000e-06	7.293886e-10	4.901672e-09	4.736748e+00	7.419350e+02
3.290000e-06	7.315092e-10	4.914373e-09	4.750508e+00	7.441063e+02
3.300000e-06	7.335407e-10	4.926804e-09	4.763699e+00	7.462426e+02
3.310000e-06	7.354873e-10	4.939250e-09	4.776324e+00	7.483422e+02
3.320000e-06	7.373568e-10	4.951691e-09	4.788437e+00	7.504031e+02
3.330000e-06	7.391627e-10	4.963967e-09	4.800167e+00	7.524224e+02
3.340000e-06	7.409255e-10	4.976380e-09	4.811618e+00	7.543969e+02
3.350000e-06	7.426573e-10	4.988801e-09	4.822862e+00	7.563233e+02
3.360000e-06	7.443600e-10	5.000885e-09	4.833920e+00	7.581980e+02
3.370000e-06	7.460338e-10	5.012297e-09	4.844795e+00	7.600176e+02
3.380000e-06	7.476722e-10	5.022994e-09	4.855440e+00	7.617789e+02
3.390000e-06	7.492626e-10	5.033549e-09	4.865766e+00	7.634794e+02
3.400000e-06	7.507998e-10	5.043985e-09	4.875746e+00	7.651172e+02
3.410000e-06	7.522809e-10	5.053711e-09	4.885361e+00	7.666910e+02
3.420000e-06	7.537018e-10	5.063259e-09	4.894577e+00	7.682005e+02
3.430000e-06	7.550663e-10	5.073235e-09	4.903429e+00	7.696462e+02
3.440000e-06	7.563816e-10	5.082433e-09	4.911966e+00	7.710294e+02
3.450000e-06	7.576494e-10	5.089504e-09	4.920205e+00	7.723521e+02
3.460000e-06	7.588627e-10	5.094888e-09	4.928096e+00	7.736168e+02
3.470000e-06	7.600132e-10	5.102170e-09	4.935567e+00	7.748262e+02
3.480000e-06	7.610956e-10	5.112712e-09	4.942593e+00	7.759835e+02
3.490000e-06	7.621204e-10	5.121475e-09	4.949245e+00	7.770915e+02
3.500000e-06	7.631094e-10	5.127635e-09	4.955669e+00	7.781530e+02
3.510000e-06	7.640708e-10	5.135413e-09	4.961924e+00	7.791704e+02
3.520000e-06	7.650031e-10	5.142782e-09	4.967992e+00	7.801452e+02
3.530000e-06	7.659008e-10	5.147628e-09	4.973829e+00	7.810786e+02
3.540000e-06	7.667580e-10	5.153559e-09	4.979400e+00	7.819711e+02
3.550000e-06	7.675717e-10	5.160773e-09	4.984688e+00	7.828223e+02
3.560000e-06	7.683398e-10	5.167125e-09	4.989689e+00	7.836314e+02
3.570000e-06	7.690513e-10	5.174109e-09	4.994330e+00	7.843969e+02
3.580000e-06	7.696897e-10	5.181846e-09	4.998489e+00	7.851171e+02
3.590000e-06	7.702361e-10	5.185675e-09	5.002042e+00	7.857900e+02
3.600000e-06	7.706864e-10	5.183031e-09	5.004955e+00	7.864135e+02
3.610000e-06	7.710455e-10	5.181626e-09	5.007265e+00	7.869855e+02
3.620000e-06	7.713129e-10	5.187983e-09	5.008987e+00	7.875044e+02
3.630000e-06	7.715052e-10	5.194478e-09	5.010233e+00	7.879689e+02
3.640000e-06	7.716489e-10	5.196426e-09	5.011173e+00	7.883779e+02
3.650000e-06	7.717678e-10	5.202686e-09	5.011954e+00	7.887311e+02
3.660000e-06	7.718686e-10	5.213313e-09	5.012619e+00	7.890287e+02
3.670000e-06	7.719430e-10	5.216479e-09	5.013116e+00	7.892711e+02
3.680000e-06	7.719684e-10	5.213024e-09	5.013296e+00	7.894596e+02
3.690000e-06	7.719244e-10	5.209618e-09	5.013022e+00	7.895954e+02
3.700000e-06	7.718102e-10	5.200983e-09	5.012288e+00	7.896800e+02
3.710000e-06	7.716296e-10	5.191811e-09	5.011116e+00	7.897152e+02
3.720000e-06	7.713923e-10	5.205984e-09	5.009574e+00	7.897024e+02
3.730000e-06	7.711228e-10	5.222869e-09	5.007830e+00	7.896432e+02
3.740000e-06	7.708152e-10	5.212243e-09	5.005839e+00	7.895386e+02
3.750000e-06	7.704536e-10	5.208919e-09	5.003494e+00	7.893895e+02
3.760000e-06	7.700475e-10	5.221959e-09	5.000855e+00	7.891962e+02
3.770000e-06	7.695953e-10	5.216947e-09	4.997919e+00	7.889587e+02
3.780000e-06	7.690811e-10	5.201057e-09	4.994588e+00	7.886766e+02
3.790000e-06	7.684958e-10	5.198022e-09	4.990797e+00	7.883490e+02
3.800000e-06	7.678577e-10	5.200631e-09	4.986664e+00	7.879748e+02
3.810000e-06	7.671932e-10	5.201056e-09	4.982351e+00	7.875528e+02
3.820000e-06	7.665085e-10	5.201778e-09	4.977909e+00	7.870813e+02
3.830000e-06	7.657964e-10	5.198759e-09	4.973294e+00	7.865591e+02
3.840000e-06	7.650432e-10	5.192973e-09	4.968418e+00	7.859848e+02
3.850000e-06	7.642336e-10	5.189822e-09	4.963165e+00	7.853572e+02
3.860000e-06	7.633529e-10	5.186537e-09	4.957426e+00	7.846753e+02
3.870000e-06	7.623937e-10	5.178838e-09	4.951187e+00	7.839387e+02
3.880000e-06	7.613536e-10	5.170987e-09	4.944439e+00	7.831470e+02
3.890000e-06	7.602225e-10	5.168329e-09	4.937101e+00	7.823004e+02
3.900000e-06	7.590002e-10	5.167530e-09	4.929162e+00	7.813991e+02
3.910000e-06	7.576948e-10	5.161944e-09	4.920688e+00	7.804439e+02
3.920000e-06	7.563187e-10	5.152657e-09	4.911756e+00	7.794356e+02
3.930000e-06	7.548904e-10	5.144546e-09	4.902486e+00	7.783751e+02
3.940000e-06	7.534224e-10	5.138334e-09	4.892966e+00	7.772634e+02
3.950000e-06	7.519228e-10	5.132929e-09	4.883244e+00	7.761014e+02
3.960000e-06	7.503919e-10	5.126631e-09	4.873309e+00	7.748900e+02
3.970000e-06	7.488281e-10	5.117718e-09	4.863150e+00	7.736297e+02
3.980000e-06	7.472240e-10	5.107278e-09	4.852733e+00	7.723209e+02
3.990000e-06	7.455570e-10	5.097466e-09	4.841906e+00	7.709638e+02
4.000000e-06	7.438214e-10	5.087890e-09	4.830636e+00	7.695584e+02
4.010000e-06	7.420268e-10	5.077748e-09	4.818989e+00	7.681044e+02
4.020000e-06	7.401832e-10	5.068172e-09	4.807029e+00	7.666014e+02
4.030000e-06	7.383034e-10	5.059959e-09	4.794831e+00	7.650490e+02
4.040000e-06	7.363841e-10	5.052375e-09	4.782381e+00	7.634467e+02
4.050000e-06	7.344142e-10	5.044194e-09	4.769601e+00	7.617941e+02
4.060000e-06	7.323881e-10	5.033530e-09	4.756449e+00	7.600910e+02
4.070000e-06	7.303011e-10	5.020522e-09	4.742894e+00	7.583374e+02
4.080000e-06	7.281496e-10	5.008107e-09	4.728917e+00	7.565336e+02
4.090000e-06	7.259375e-10	4.997017e-09	4.714559e+00	7.546800e+02
4.100000e-06	7.236750e-10	4.985216e-09	4.699878e+00	7.527776e+02
4.110000e-06	7.213694e-10	4.971212e-09	4.684913e+00	7.508273e+02
4.120000e-06	7.190192e-10	4.956189e-09	4.669666e+00	7.488306e+02
4.130000e-06	7.166164e-10	4.941478e-09	4.654083e+00	7.467888e+02
4.140000e-06	7.141427e-10	4.927050e-09	4.638032e+00	7.447035e+02
4.150000e-06	7.115850e-10	4.912731e-09	4.621424e+00	7.425761e+02
4.160000e-06	7.089409e-10	4.897865e-09	4.604252e+00	7.404081e+02
4.170000e-06	7.062058e-10	4.882675e-09	4.586492e+00	7.382005e+02
4.180000e-06	7.033844e-10	4.868062e-09	4.568170e+00	7.359544e+02
4.190000e-06	7.004839e-10	4.853734e-09	4.549335e+00	7.336703e+02
4.200000e-06	6.975142e-10	4.838462e-09	4.530060e+00	7.313486e+02
4.210000e-06	6.944946e-10	4.821461e-09	4.510461e+00	7.289892e+02
4.220000e-06	6.914394e-10	4.803835e-09	4.490627e+00	7.265916e+02
4.230000e-06	6.883545e-10	4.787497e-09	4.470604e+00	7.241554e+02
4.240000e-06	6.852420e-10	4.772314e-09	4.450407e+00	7.216797e+02
4.250000e-06	6.821012e-10	4.756318e-09	4.430028e+00	7.191635e+02
4.260000e-06	6.789269e-10	4.738484e-09	4.409419e+00	7.166059e+02
4.270000e-06	6.757080e-10	4.719833e-09	4.388522e+00	7.140060e+02
4.280000e-06	6.724365e-10	4.701035e-09	4.367281e+00	7.113627e+02
4.290000e-06	6.691087e-10	4.682039e-09	4.345671e+00	7.086756e+02
4.300000e-06	6.657232e-10	4.663061e-09	4.323696e+00	7.059439e+02
4.310000e-06	6.622903e-10	4.644069e-09	4.301414e+00	7.031674e+02
4.320000e-06	6.588185e-10	4.625048e-09	4.278882e+00	7.003459e+02
4.330000e-06	6.553087e-10	4.606309e-09	4.256101e+00	6.974794e+02
4.340000e-06	6.517610e-10	4.587294e-09	4.233071e+00	6.945680e+02
4.350000e-06	6.481691e-10	4.566904e-09	4.209753e+00	6.916118e+02
4.360000e-06	6.445275e-10	4.545269e-09	4.186121e+00	6.886108e+02
4.370000e-06	6.408344e-10	4.523959e-09	4.162153e+00	6.855651e+02
4.380000e-06	6.370909e-10	4.504021e-09	4.137860e+00	6.824746e+02
4.390000e-06	6.333033e-10	4.484177e-09	4.113276e+00	6.793390e+02
4.400000e-06	6.294790e-10	4.463244e-09	4.088445e+00	6.761578e+02
4.410000e-06	6.256266e-10	4.441822e-09	4.063438e+00	6.729305e+02
4.420000e-06	6.217535e-10	4.420140e-09	4.038305e+00	6.696561e+02
4.430000e-06	6.178644e-10	4.397743e-09	4.013061e+00	6.663338e+02
4.440000e-06	6.139525e-10	4.374964e-09	3.987669e+00	6.629624e+02
4.450000e-06	6.100098e-10	4.351670e-09	3.962088e+00	6.595411e+02
4.460000e-06	6.060270e-10	4.327294e-09	3.936249e+00	6.560687e+02
4.470000e-06	6.019913e-10	4.303068e-09	3.910055e+00	6.525444e+02
4.480000e-06	5.978944e-10	4.279980e-09	3.883451e+00	6.489672e+02
4.490000e-06	5.937264e-10	4.256770e-09	3.856377e+00	6.453364e+02
4.500000e-06	5.894815e-10	4.232484e-09	3.828800e+00	6.416515e+02
4.510000e-06	5.851551e-10	4.207685e-09	3.800708e+00	6.379122e+02
4.520000e-06	5.807547e-10	4.182613e-09	3.772141e+00	6.341180e+02
4.530000e-06	5.762902e-10	4.157102e-09	3.743146e+00	6.302689e+02
4.540000e-06	5.717659e-10	4.130776e-09	3.713765e+00	6.263645e+02
4.550000e-06	5.671930e-10	4.103923e-09	3.684068e+00	6.224047e+02
4.560000e-06	5.625846e-10	4.077741e-09	3.654139e+00	6.183894e+02
4.570000e-06	5.579489e-10	4.052253e-09	3.624040e+00	6.143182e+02
4.580000e-06	5.532876e-10	4.026284e-09	3.593781e+00	6.101907e+02
4.590000e-06	5.486051e-10	3.999277e-09	3.563384e+00	6.060065e+02
4.600000e-06	5.439017e-10	3.971650e-09	3.532840e+00	6.017651e+02
4.610000e-06	5.391756e-10	3.943664e-09	3.502151e+00	5.974660e+02
4.620000e-06	5.344228e-10	3.915186e-09	3.471299e+00	5.931088e+02
4.630000e-06	5.296373e-10	3.886050e-09	3.440230e+00	5.886931e+02
4.640000e-06	5.248123e-10	3.856669e-09	3.408899e+00	5.842187e+02
4.650000e-06	5.199448e-10	3.827696e-09	3.377303e+00	5.796857e+02
4.660000e-06	5.150379e-10	3.798581e-09	3.345454e+00	5.750945e+02
4.670000e-06	5.100926e-10	3.768454e-09	3.313348e+00	5.704458e+02
4.680000e-06	5.051070e-10	3.737271e-09	3.280976e+00	5.657405e+02
4.690000e-06	5.000873e-10	3.705502e-09	3.248378e+00	5.609800e+02
4.700000e-06	4.950375e-10	3.673673e-09	3.215580e+00	5.561659e+02
4.710000e-06	4.899567e-10	3.641786e-09	3.182582e+00	5.512999e+02
4.720000e-06	4.848455e-10	3.609645e-09	3.149391e+00	5.463841e+02
4.730000e-06	4.796987e-10	3.576827e-09	3.115975e+00	5.414203e+02
4.740000e-06	4.745121e-10	3.543699e-09	3.082296e+00	5.364104e+02
4.750000e-06	4.692861e-10	3.510760e-09	3.048364e+00	5.313562e+02
4.760000e-06	4.640236e-10	3.477437e-09	3.014197e+00	5.262591e+02
4.770000e-06	4.587249e-10	3.443518e-09	2.979787e+00	5.211204e+02
4.780000e-06	4.533882e-10	3.409285e-09	2.945123e+00	5.159410e+02
4.790000e-06	4.480150e-10	3.375022e-09	2.910221e+00	5.107214e+02
4.800000e-06	4.426130e-10	3.340378e-09	2.875144e+00	5.054619e+02
4.810000e-06	4.371882e-10	3.304926e-09	2.839923e+00	5.001626e+02
4.820000e-06	4.317431e-10	3.269189e-09	2.804569e+00	4.948233e+02
4.830000e-06	4.262825e-10	3.233733e-09	2.769118e+00	4.894439e+02
4.840000e-06	4.208093e-10	3.198440e-09	2.733585e+00	4.840240e+02
4.850000e-06	4.153236e-10	3.162585e-09	2.697973e+00	4.785638e+02
4.860000e-06	4.098243e-10	3.125793e-09	2.662273e+00	4.730632e+02
4.870000e-06	4.043100e-10	3.088555e-09	2.626476e+00	4.675226e+02
4.880000e-06	3.987761e-10	3.051302e-09	2.590550e+00	4.619427e+02
4.890000e-06	3.932187e-10	3.014318e-09	2.554459e+00	4.563242e+02
4.900000e-06	3.876347e-10	2.977187e-09	2.518199e+00	4.506684e+02
4.910000e-06	3.820157e-10	2.939521e-09	2.481718e+00	4.449766e+02
4.920000e-06	3.763574e-10	2.901664e-09	2.444978e+00	4.392501e+02
4.930000e-06	3.706604e-10	2.863862e-09	2.407990e+00	4.334904e+02
4.940000e-06	3.649232e-10	2.825694e-09	2.370737e+00	4.276990e+02
4.950000e-06	3.591426e-10	2.786626e-09	2.333192e+00	4.218769e+02
4.960000e-06	3.533141e-10	2.747295e-09	2.295321e+00	4.160252e+02
4.970000e-06	3.474375e-10	2.708539e-09	2.257143e+00	4.101445e+02
4.980000e-06	3.415187e-10	2.670093e-09	2.218701e+00	4.042353e+02
4.990000e-06	3.355589e-10	2.630759e-09	2.179982e+00	3.982976e+02
5.000000e-06	3.295560e-10	2.590632e-09	2.140980e+00	3.923311e+02
5.010000e-06	3.235101e-10	2.550685e-09	2.101711e+00	3.863352e+02
5.020000e-06	3.174247e-10	2.510946e-09	2.062200e+00	3.803095e+02
5.030000e-06	3.113048e-10	2.470822e-09	2.022465e+00	3.742531e+02
5.040000e-06	3.051552e-10	2.430219e-09	1.982528e+00	3.681653e+02
5.050000e-06	2.989825e-10	2.389409e-09	1.942444e+00	3.620455e+02
5.060000e-06	2.927939e-10	2.348374e-09	1.902264e+00	3.558934e+02
5.070000e-06	2.865893e-10	2.307492e-09	1.861980e+00	3.497087e+02
5.080000e-06	2.803668e-10	2.266319e-09	1.821581e+00	3.434916e+02
5.090000e-06	2.741305e-10	2.224571e-09	1.781085e+00	3.372425e+02
5.100000e-06	2.678827e-10	2.183208e-09	1.740511e+00	3.309621e+02
5.110000e-06	2.616215e-10	2.141911e-09	1.699852e+00	3.246512e+02
5.120000e-06	2.553485e-10	2.100217e-09	1.659119e+00	3.183111e+02
5.130000e-06	2.490654e-10	2.058660e-09	1.618318e+00	3.119428e+02
5.140000e-06	2.427700e-10	2.016861e-09	1.577438e+00	3.055475e+02
5.150000e-06	2.364627e-10	1.974152e-09	1.536482e+00	2.991263e+02
5.160000e-06	2.301467e-10	1.931082e-09	1.495466e+00	2.926800e+02
5.170000e-06	2.238192e-10	1.888330e-09	1.454376e+00	2.862094e+02
5.180000e-06	2.174815e-10	1.845516e-09	1.413216e+00	2.797149e+02
5.190000e-06	2.111339e-10	1.802578e-09	1.371996e+00	2.731965e+02
5.200000e-06	2.047750e-10	1.759874e-09	1.330701e+00	2.666542e+02
5.210000e-06	1.984038e-10	1.716914e-09	1.289320e+00	2.600876e+02
5.220000e-06	1.920192e-10	1.673356e-09	1.247859e+00	2.534959e+02
5.230000e-06	1.856241e-10	1.629260e-09	1.206333e+00	2.468786e+02
5.240000e-06	1.792195e-10	1.585100e-09	1.164737e+00	2.402347e+02
5.250000e-06	1.728042e-10	1.541445e-09	1.123048e+00	2.335634e+02
5.260000e-06	1.663755e-10	1.497876e-09	1.081263e+00	2.268638e+02
5.270000e-06	1.599304e-10	1.453816e-09	1.039384e+00	2.201351e+02
5.280000e-06	1.534729e-10	1.409239e-09	9.974532e-01	2.133768e+02
5.290000e-06	1.470037e-10	1.363990e-09	9.554506e-01	2.065884e+02
5.300000e-06	1.405186e-10	1.318699e-09	9.133285e-01	1.997695e+02
5.310000e-06	1.340203e-10	1.273965e-09	8.711126e-01	1.929200e+02
5.320000e-06	1.275096e-10	1.229193e-09	8.288131e-01	1.860401e+02
5.330000e-06	1.209873e-10	1.184252e-09	7.864508e-01	1.791298e+02
5.340000e-06	1.144623e-10	1.139288e-09	7.440707e-01	1.721895e+02
5.350000e-06	1.079362e-10	1.093941e-09	7.016675e-01	1.652198e+02
5.360000e-06	1.013986e-10	1.048137e-09	6.591873e-01	1.582212e+02
5.370000e-06	9.485316e-11	1.002115e-09	6.166599e-01	1.511945e+02
5.380000e-06	8.830017e-11	9.557322e-10	5.740739e-01	1.441405e+02
5.390000e-06	8.173901e-11	9.089436e-10	5.314353e-01	1.370602e+02
5.400000e-06	7.517073e-11	8.622233e-10	4.887600e-01	1.299547e+02
5.410000e-06	6.859362e-11	8.155171e-10	4.460325e-01	1.228251e+02
5.420000e-06	6.201209e-11	7.684042e-10	4.032796e-01	1.156728e+02
5.430000e-06	5.542597e-11	7.209773e-10	3.604925e-01	1.084992e+02
5.440000e-06	4.883378e-11	6.734270e-10	3.176589e-01	1.013058e+02
5.450000e-06	4.224036e-11	6.262997e-10	2.748140e-01	9.409401e+01
5.460000e-06	3.564449e-11	5.795039e-10	2.319640e-01	8.686533e+01
5.470000e-06	2.904520e-11	5.321797e-10	1.891002e-01	7.962119e+01
5.480000e-06	2.244702e-11	4.843838e-10	1.462439e-01	7.236289e+01
5.490000e-06	1.585042e-11	4.365370e-10	1.033916e-01	6.509160e+01
5.500000e-06	9.254749e-12	3.888209e-10	6.053980e-02	5.780825e+01
5.510000e-06	2.658721e-12	3.412758e-10	1.768661e-02	5.051358e+01
5.520000e-06	-3.939563e-12	2.934502e-10	-2.518059e-02	4.320808e+01
5.530000e-06	-1.053932e-11	2.451012e-10	-6.805438e-02	3.589202e+01
5.540000e-06	-1.714007e-11	1.965482e-10	-1.109314e-01	2.856546e+01
5.550000e-06	-2.374050e-11	1.481305e-10	-1.538029e-01	2.122834e+01
5.560000e-06	-3.033778e-11	9.981865e-11	-1.966579e-01	1.388051e+01
5.570000e-06	-3.693296e-11	5.136857e-11	-2.394937e-01	6.521842e+00
5.580000e-06	-4.352741e-11	2.537750e-12	-2.823288e-01	-8.477149e-01
5.590000e-06	-5.011992e-11	-4.654943e-11	-3.251551e-01	-8.228013e+00
5.600000e-06	-5.670522e-11	-9.516038e-11	-3.679389e-01	-1.561865e+01
5.610000e-06	-6.328308e-11	-1.432685e-10	-4.106822e-01	-2.301891e+01
5.620000e-06	-6.985532e-11	-1.915977e-10	-4.533828e-01	-3.042770e+01
5.630000e-06	-7.641863e-11	-2.400830e-10	-4.960178e-01	-3.784358e+01
5.640000e-06	-8.297303e-11	-2.884932e-10	-5.386042e-01	-4.526475e+01
5.650000e-06	-8.952121e-11	-3.370775e-10	-5.811597e-01	-5.268910e+01
5.660000e-06	-9.606193e-11	-3.858748e-10	-6.236536e-01	-6.011429e+01
5.670000e-06	-1.025977e-10	-4.347854e-10	-6.661154e-01	-6.753785e+01
5.680000e-06	-1.091255e-10	-4.840760e-10	-7.085304e-01	-7.495724e+01
5.690000e-06	-1.156433e-10	-5.333239e-10	-7.508768e-01	-8.237002e+01
5.700000e-06	-1.221530e-10	-5.820277e-10	-7.931750e-01	-8.977388e+01
5.710000e-06	-1.286503e-10	-6.307560e-10	-8.353844e-01	-9.716677e+01
5.720000e-06	-1.351352e-10	-6.800601e-10	-8.775072e-01	-1.045469e+02
5.730000e-06	-1.416064e-10	-7.292876e-10	-9.195530e-01	-1.119130e+02
5.740000e-06	-1.480642e-10	-7.774386e-10	-9.615091e-01	-1.192638e+02
5.750000e-06	-1.545118e-10	-8.251327e-10	-1.003396e+00	-1.265986e+02
5.760000e-06	-1.609481e-10	-8.732265e-10	-1.045204e+00	-1.339170e+02
5.770000e-06	-1.673699e-10	-9.215888e-10	-1.086918e+00	-1.412186e+02
5.780000e-06	-1.737782e-10	-9.696613e-10	-1.128555e+00	-1.485032e+02
5.790000e-06	-1.801736e-10	-1.017542e-09	-1.170098e+00	-1.557707e+02
5.800000e-06	-1.865534e-10	-1.065571e-09	-1.211547e+00	-1.630207e+02
5.810000e-06	-1.929225e-10	-1.113499e-09	-1.252922e+00	-1.702529e+02
5.820000e-06	-1.992827e-10	-1.160968e-09	-1.294225e+00	-1.774668e+02
5.830000e-06	-2.056300e-10	-1.207862e-09	-1.335455e+00	-1.846616e+02
5.840000e-06	-2.119687e-10	-1.254661e-09	-1.376621e+00	-1.918363e+02
5.850000e-06	-2.182980e-10	-1.301830e-09	-1.417715e+00	-1.989897e+02
5.860000e-06	-2.246153e-10	-1.349043e-09	-1.458739e+00	-2.061207e+02
5.870000e-06	-2.309247e-10	-1.395947e-09	-1.499710e+00	-2.132278e+02
5.880000e-06	-2.372231e-10	-1.442573e-09	-1.540604e+00	-2.203099e+02
5.890000e-06	-2.435097e-10	-1.488667e-09	-1.581420e+00	-2.273657e+02
5.900000e-06	-2.497881e-10	-1.534543e-09	-1.622182e+00	-2.343942e+02
5.910000e-06	-2.560571e-10	-1.580690e-09	-1.662889e+00	-2.413944e+02
5.920000e-06	-2.623134e-10	-1.626535e-09	-1.703521e+00	-2.483657e+02
5.930000e-06	-2.685560e-10	-1.671816e-09	-1.744060e+00	-2.553077e+02
5.940000e-06	-2.747865e-10	-1.717208e-09	-1.784509e+00	-2.622200e+02
5.950000e-06	-2.810042e-10	-1.762881e-09	-1.824881e+00	-2.691026e+02
5.960000e-06	-2.872052e-10	-1.808322e-09	-1.865152e+00	-2.759552e+02
5.970000e-06	-2.933880e-10	-1.853295e-09	-1.905304e+00	-2.827779e+02
5.980000e-06	-2.995492e-10	-1.897949e-09	-1.945325e+00	-2.895704e+02
5.990000e-06	-3.056840e-10	-1.942124e-09	-1.985173e+00	-2.963323e+02
6.000000e-06	-3.117929e-10	-1.986308e-09	-2.024833e+00	-3.030632e+02
6.010000e-06	-3.178651e-10	-2.030718e-09	-2.064257e+00	-3.097624e+02
6.020000e-06	-3.238978e-10	-2.074925e-09	-2.103422e+00	-3.164288e+02
6.030000e-06	-3.298912e-10	-2.119029e-09	-2.142342e+00	-3.230614e+02
6.040000e-06	-3.358400e-10	-2.162921e-09	-2.180992e+00	-3.296592e+02
6.050000e-06	-3.417489e-10	-2.206766e-09	-2.219378e+00	-3.362209e+02
6.060000e-06	-3.476157e-10	-2.250267e-09	-2.257495e+00	-3.427455e+02
6.070000e-06	-3.534359e-10	-2.292906e-09	-2.295310e+00	-3.492323e+02
6.080000e-06	-3.592096e-10	-2.335094e-09	-2.332814e+00	-3.556808e+02
6.090000e-06	-3.649384e-10	-2.377238e-09	-2.370018e+00	-3.620908e+02
6.100000e-06	-3.706225e-10	-2.419473e-09	-2.406929e+00	-3.684627e+02
6.110000e-06	-3.762673e-10	-2.461952e-09	-2.443596e+00	-3.747971e+02
6.120000e-06	-3.818785e-10	-2.504334e-09	-2.480049e+00	-3.810953e+02
6.130000e-06	-3.874564e-10	-2.545599e-09	-2.516281e+00	-3.873586e+02
6.140000e-06	-3.930050e-10	-2.585902e-09	-2.552317e+00	-3.935887e+02
6.150000e-06	-3.985321e-10	-2.626326e-09	-2.588212e+00	-3.997873e+02
6.160000e-06	-4.040412e-10	-2.667188e-09	-2.623989e+00	-4.059561e+02
6.170000e-06	-4.095338e-10	-2.708185e-09	-2.659651e+00	-4.120964e+02
6.180000e-06	-4.150148e-10	-2.749250e-09	-2.695235e+00	-4.182092e+02
6.190000e-06	-4.204856e-10	-2.790761e-09	-2.730752e+00	-4.242950e+02
6.200000e-06	-4.259449e-10	-2.832202e-09	-2.766194e+00	-4.303537e+02
6.210000e-06	-4.313894e-10	-2.872535e-09	-2.801535e+00	-4.363846e+02
6.220000e-06	-4.368130e-10	-2.911928e-09	-2.836747e+00	-4.423864e+02
6.230000e-06	-4.422156e-10	-2.951465e-09	-2.871839e+00	-4.483571e+02
6.240000e-06	-4.475904e-10	-2.991383e-09	-2.906748e+00	-4.542943e+02
6.250000e-06	-4.529293e-10	-3.031157e-09	-2.941420e+00	-4.601956e+02
6.260000e-06	-4.582321e-10	-3.070649e-09	-2.975848e+00	-4.660580e+02
6.270000e-06	-4.634931e-10	-3.109958e-09	-3.010012e+00	-4.718789e+02
6.280000e-06	-4.687148e-10	-3.148859e-09	-3.043934e+00	-4.776557e+02
6.290000e-06	-4.739008e-10	-3.187009e-09	-3.077616e+00	-4.833862e+02
6.300000e-06	-4.790507e-10	-3.224569e-09	-3.111053e+00	-4.890689e+02
6.310000e-06	-4.841666e-10	-3.262065e-09	-3.144273e+00	-4.947024e+02
6.320000e-06	-4.892487e-10	-3.299607e-09	-3.177276e+00	-5.002864e+02
6.330000e-06	-4.943016e-10	-3.336777e-09	-3.210074e+00	-5.058207e+02
6.340000e-06	-4.993225e-10	-3.373483e-09	-3.242661e+00	-5.113059e+02
6.350000e-06	-5.043070e-10	-3.410319e-09	-3.275033e+00	-5.167428e+02
6.360000e-06	-5.092531e-10	-3.447080e-09	-3.307161e+00	-5.221323e+02
6.370000e-06	-5.141565e-10	-3.483046e-09	-3.339010e+00	-5.274755e+02
6.380000e-06	-5.190198e-10	-3.518125e-09	-3.370595e+00	-5.327733e+02
6.390000e-06	-5.238440e-10	-3.552993e-09	-3.401921e+00	-5.380263e+02
6.400000e-06	-5.286275e-10	-3.588070e-09	-3.432986e+00	-5.432347e+02
6.410000e-06	-5.333758e-10	-3.622821e-09	-3.463819e+00	-5.483981e+02
6.420000e-06	-5.380963e-10	-3.656455e-09	-3.494471e+00	-5.535155e+02
6.430000e-06	-5.427957e-10	-3.689361e-09	-3.524987e+00	-5.585856e+02
6.440000e-06	-5.474770e-10	-3.722611e-09	-3.555388e+00	-5.636063e+02
6.450000e-06	-5.521409e-10	-3.755991e-09	-3.585670e+00	-5.685752e+02
6.460000e-06	-5.567831e-10	-3.788683e-09	-3.615812e+00	-5.734895e+02
6.470000e-06	-5.614005e-10	-3.820457e-09	-3.645793e+00	-5.783463e+02
6.480000e-06	-5.659859e-10	-3.851850e-09	-3.675567e+00	-5.831428e+02
6.490000e-06	-5.705304e-10	-3.883220e-09	-3.705078e+00	-5.878762e+02
6.500000e-06	-5.750237e-10	-3.914123e-09	-3.734260e+00	-5.925439e+02
6.510000e-06	-5.794560e-10	-3.944240e-09	-3.763058e+00	-5.971438e+02
6.520000e-06	-5.838199e-10	-3.973647e-09	-3.791406e+00	-6.016743e+02
6.530000e-06	-5.881088e-10	-4.002795e-09	-3.819272e+00	-6.061342e+02
6.540000e-06	-5.923270e-10	-4.031775e-09	-3.846691e+00	-6.105227e+02
6.550000e-06	-5.964724e-10	-4.060383e-09	-3.873629e+00	-6.148395e+02
6.560000e-06	-6.005475e-10	-4.088751e-09	-3.900091e+00	-6.190848e+02
6.570000e-06	-6.045620e-10	-4.116194e-09	-3.926154e+00	-6.232591e+02
6.580000e-06	-6.085261e-10	-4.142441e-09	-3.951896e+00	-6.273630e+02
6.590000e-06	-6.124546e-10	-4.168417e-09	-3.977405e+00	-6.313974e+02
6.600000e-06	-6.163574e-10	-4.194694e-09	-4.002748e+00	-6.353632e+02
6.610000e-06	-6.202391e-10	-4.220623e-09	-4.027957e+00	-6.392614e+02
6.620000e-06	-6.241007e-10	-4.245359e-09	-4.053034e+00	-6.430929e+02
6.630000e-06	-6.279384e-10	-4.269536e-09	-4.077959e+00	-6.468588e+02
6.640000e-06	-6.317448e-10	-4.294092e-09	-4.102690e+00	-6.505600e+02
6.650000e-06	-6.355141e-10	-4.318635e-09	-4.127179e+00	-6.541975e+02
6.660000e-06	-6.392387e-10	-4.342578e-09	-4.151365e+00	-6.577724e+02
6.670000e-06	-6.429095e-10	-4.365503e-09	-4.175202e+00	-6.612858e+02
6.680000e-06	-6.465296e-10	-4.387607e-09	-4.198710e+00	-6.647389e+02
6.690000e-06	-6.501035e-10	-4.410066e-09	-4.221917e+00	-6.681331e+02
6.700000e-06	-6.536336e-10	-4.432993e-09	-4.244847e+00	-6.714700e+02
6.710000e-06	-6.571268e-10	-4.455519e-09	-4.267535e+00	-6.747512e+02
6.720000e-06	-6.605828e-10	-4.477225e-09	-4.289982e+00	-6.779785e+02
6.730000e-06	-6.639978e-10	-4.498483e-09	-4.312164e+00	-6.811537e+02
6.740000e-06	-6.673690e-10	-4.519827e-09	-4.334064e+00	-6.842784e+02
6.750000e-06	-6.706925e-10	-4.540892e-09	-4.355657e+00	-6.873543e+02
6.760000e-06	-6.739653e-10	-4.561231e-09	-4.376927e+00	-6.903828e+02
6.770000e-06	-6.771887e-10	-4.580872e-09	-4.397858e+00	-6.933653e+02
6.780000e-06	-6.803680e-10	-4.600368e-09	-4.418485e+00	-6.963026e+02
6.790000e-06	-6.835081e-10	-4.620287e-09	-4.438874e+00	-6.991956e+02
6.800000e-06	-6.866155e-10	-4.640262e-09	-4.459058e+00	-7.020446e+02
6.810000e-06	-6.896948e-10	-4.659576e-09	-4.479050e+00	-7.048499e+02
6.820000e-06	-6.927427e-10	-4.678394e-09	-4.498837e+00	-7.076115e+02
6.830000e-06	-6.957515e-10	-4.697262e-09	-4.518372e+00	-7.103294e+02
6.840000e-06	-6.987075e-10	-4.715803e-09	-4.537567e+00	-7.130035e+02
6.850000e-06	-7.015917e-10	-4.734058e-09	-4.556309e+00	-7.156339e+02
6.860000e-06	-7.043896e-10	-4.752683e-09	-4.574486e+00	-7.182209e+02
6.870000e-06	-7.070957e-10	-4.770960e-09	-4.592059e+00	-7.207648e+02
6.880000e-06	-7.097162e-10	-4.788329e-09	-4.609070e+00	-7.232665e+02
6.890000e-06	-7.122555e-10	-4.805809e-09	-4.625562e+00	-7.257268e+02
6.900000e-06	-7.147210e-10	-4.823910e-09	-4.641581e+00	-7.281469e+02
6.910000e-06	-7.171248e-10	-4.841547e-09	-4.657189e+00	-7.305283e+02
6.920000e-06	-7.194747e-10	-4.858076e-09	-4.672448e+00	-7.328723e+02
6.930000e-06	-7.217803e-10	-4.874229e-09	-4.687417e+00	-7.351801e+02
6.940000e-06	-7.240445e-10	-4.890303e-09	-4.702121e+00	-7.374531e+02
6.950000e-06	-7.262620e-10	-4.906011e-09	-4.716524e+00	-7.396918e+02
6.960000e-06	-7.284266e-10	-4.921777e-09	-4.730584e+00	-7.418967e+02
6.970000e-06	-7.305359e-10	-4.937351e-09	-4.744279e+00	-7.440674e+02
6.980000e-06	-7.325857e-10	-4.952408e-09	-4.757591e+00	-7.462030e+02
6.990000e-06	-7.345761e-10	-4.967524e-09	-4.770526e+00	-7.483020e+02
7.000000e-06	-7.365150e-10	-4.982158e-09	-4.783125e+00	-7.503621e+02
7.010000e-06	-7.384090e-10	-4.995838e-09	-4.795433e+00	-7.523807e+02
7.020000e-06	-7.402633e-10	-5.009242e-09	-4.807479e+00	-7.543544e+02
7.030000e-06	-7.420748e-10	-5.022455e-09	-4.819254e+00	-7.562799e+02
7.040000e-06	-7.438364e-10	-5.035328e-09	-4.830715e+00	-7.581537e+02
7.050000e-06	-7.455392e-10	-5.048475e-09	-4.841787e+00	-7.599722e+02
7.060000e-06	-7.471828e-10	-5.061906e-09	-4.852471e+00	-7.617325e+02
7.070000e-06	-7.487743e-10	-5.074745e-09	-4.862821e+00	-7.634319e+02
7.080000e-06	-7.503203e-10	-5.086526e-09	-4.872862e+00	-7.650685e+02
7.090000e-06	-7.518295e-10	-5.097295e-09	-4.882655e+00	-7.666412e+02
7.100000e-06	-7.533100e-10	-5.106656e-09	-4.892264e+00	-7.681496e+02
7.110000e-06	-7.547659e-10	-5.114843e-09	-4.901721e+00	-7.695942e+02
7.120000e-06	-7.561970e-10	-5.124268e-09	-4.911019e+00	-7.709764e+02
7.130000e-06	-7.575974e-10	-5.136662e-09	-4.920122e+00	-7.722980e+02
7.140000e-06	-7.589470e-10	-5.148678e-09	-4.928905e+00	-7.735617e+02
7.150000e-06	-7.602124e-10	-5.155266e-09	-4.937139e+00	-7.747702e+02
7.160000e-06	-7.613568e-10	-5.158900e-09	-4.944591e+00	-7.759266e+02
7.170000e-06	-7.623781e-10	-5.165211e-09	-4.951254e+00	-7.770338e+02
7.180000e-06	-7.633145e-10	-5.171509e-09	-4.957353e+00	-7.780946e+02
7.190000e-06	-7.641996e-10	-5.176079e-09	-4.963103e+00	-7.791111e+02
7.200000e-06	-7.650370e-10	-5.183510e-09	-4.968540e+00	-7.800853e+02
7.210000e-06	-7.658124e-10	-5.191782e-09	-4.973583e+00	-7.810180e+02
7.220000e-06	-7.665274e-10	-5.197072e-09	-4.978232e+00	-7.819098e+02
7.230000e-06	-7.671988e-10	-5.202884e-09	-4.982591e+00	-7.827603e+02
7.240000e-06	-7.678349e-10	-5.209047e-09	-4.986725e+00	-7.835686e+02
7.250000e-06	-7.684333e-10	-5.211060e-09	-4.990623e+00	-7.843334e+02
7.260000e-06	-7.689864e-10	-5.211329e-09	-4.994223e+00	-7.850528e+02
7.270000e-06	-7.694982e-10	-5.215144e-09	-4.997547e+00	-7.857248e+02
7.280000e-06	-7.699973e-10	-5.223910e-09	-5.000788e+00	-7.863473e+02
7.290000e-06	-7.704922e-10	-5.235926e-09	-5.004010e+00	-7.869184e+02
7.300000e-06	-7.709459e-10	-5.242507e-09	-5.006964e+00	-7.874363e+02
7.310000e-06	-7.713091e-10	-5.239409e-09	-5.009332e+00	-7.878997e+02
7.320000e-06	-7.715618e-10	-5.238546e-09	-5.010990e+00	-7.883077e+02
7.330000e-06	-7.717032e-10	-5.240761e-09	-5.011923e+00	-7.886599e+02
7.340000e-06	-7.717769e-10	-5.233700e-09	-5.012413e+00	-7.889565e+02
7.350000e-06	-7.718329e-10	-5.227853e-09	-5.012784e+00	-7.891980e+02
