# Concentracion g/m^3_=_53300.0
# C_Vs_to_Am_M_A/Vsm_=_128687336408.14134
# pendiente_HvsI_1/m_=_3716.3
# ordenada_HvsI_A/m_=_1297.0
# frecuencia_Hz_=_136593.37737217423
# Promedio de 25 ciclos

Tiempo_(s)	Campo_(V.s)	Magnetizacion_(V.s)	Campo_(kA/m)	Magnetizacion_(A/m)
0.000000e+00	-1.085432e-08	-1.713001e-08	-5.765610e+01	-2.195130e+03
1.000000e-08	-1.085427e-08	-1.712964e-08	-5.765582e+01	-2.195161e+03
2.000000e-08	-1.085340e-08	-1.712906e-08	-5.765119e+01	-2.195144e+03
3.000000e-08	-1.085172e-08	-1.712869e-08	-5.764228e+01	-2.195074e+03
4.000000e-08	-1.084932e-08	-1.712790e-08	-5.762951e+01	-2.194943e+03
5.000000e-08	-1.084623e-08	-1.712699e-08	-5.761314e+01	-2.194747e+03
6.000000e-08	-1.084240e-08	-1.712532e-08	-5.759277e+01	-2.194478e+03
7.000000e-08	-1.083772e-08	-1.712227e-08	-5.756793e+01	-2.194135e+03
8.000000e-08	-1.083225e-08	-1.711877e-08	-5.753885e+01	-2.193717e+03
9.000000e-08	-1.082590e-08	-1.711599e-08	-5.750516e+01	-2.193229e+03
1.000000e-07	-1.081863e-08	-1.711133e-08	-5.746651e+01	-2.192680e+03
1.100000e-07	-1.081026e-08	-1.710172e-08	-5.742208e+01	-2.192082e+03
1.200000e-07	-1.080053e-08	-1.709551e-08	-5.737040e+01	-2.191452e+03
1.300000e-07	-1.078967e-08	-1.709787e-08	-5.731270e+01	-2.190807e+03
1.400000e-07	-1.077840e-08	-1.710164e-08	-5.725284e+01	-2.190167e+03
1.500000e-07	-1.076705e-08	-1.708726e-08	-5.719256e+01	-2.189549e+03
1.600000e-07	-1.075499e-08	-1.706433e-08	-5.712848e+01	-2.188968e+03
1.700000e-07	-1.074176e-08	-1.707334e-08	-5.705823e+01	-2.188434e+03
1.800000e-07	-1.072797e-08	-1.709050e-08	-5.698494e+01	-2.187952e+03
1.900000e-07	-1.071385e-08	-1.706564e-08	-5.690995e+01	-2.187520e+03
2.000000e-07	-1.069875e-08	-1.704349e-08	-5.682978e+01	-2.187129e+03
2.100000e-07	-1.068279e-08	-1.706139e-08	-5.674499e+01	-2.186767e+03
2.200000e-07	-1.066648e-08	-1.703999e-08	-5.665833e+01	-2.186413e+03
2.300000e-07	-1.064938e-08	-1.698278e-08	-5.656750e+01	-2.186047e+03
2.400000e-07	-1.063112e-08	-1.700004e-08	-5.647053e+01	-2.185645e+03
2.500000e-07	-1.061220e-08	-1.704793e-08	-5.637001e+01	-2.185187e+03
2.600000e-07	-1.059255e-08	-1.704009e-08	-5.626562e+01	-2.184654e+03
2.700000e-07	-1.057161e-08	-1.704072e-08	-5.615441e+01	-2.184035e+03
2.800000e-07	-1.054972e-08	-1.707520e-08	-5.603814e+01	-2.183322e+03
2.900000e-07	-1.052727e-08	-1.705645e-08	-5.591888e+01	-2.182517e+03
3.000000e-07	-1.050390e-08	-1.700935e-08	-5.579475e+01	-2.181626e+03
3.100000e-07	-1.047965e-08	-1.700469e-08	-5.566595e+01	-2.180663e+03
3.200000e-07	-1.045487e-08	-1.697697e-08	-5.553433e+01	-2.179643e+03
3.300000e-07	-1.042933e-08	-1.691994e-08	-5.539866e+01	-2.178586e+03
3.400000e-07	-1.040289e-08	-1.692278e-08	-5.525821e+01	-2.177509e+03
3.500000e-07	-1.037577e-08	-1.694573e-08	-5.511415e+01	-2.176426e+03
3.600000e-07	-1.034796e-08	-1.692374e-08	-5.496642e+01	-2.175345e+03
3.700000e-07	-1.031938e-08	-1.691265e-08	-5.481464e+01	-2.174267e+03
3.800000e-07	-1.029015e-08	-1.691874e-08	-5.465937e+01	-2.173185e+03
3.900000e-07	-1.026007e-08	-1.689860e-08	-5.449960e+01	-2.172084e+03
4.000000e-07	-1.022897e-08	-1.687859e-08	-5.433438e+01	-2.170940e+03
4.100000e-07	-1.019696e-08	-1.687165e-08	-5.416435e+01	-2.169724e+03
4.200000e-07	-1.016415e-08	-1.684924e-08	-5.399006e+01	-2.168403e+03
4.300000e-07	-1.013058e-08	-1.683027e-08	-5.381175e+01	-2.166946e+03
4.400000e-07	-1.009639e-08	-1.682055e-08	-5.363013e+01	-2.165320e+03
4.500000e-07	-1.006157e-08	-1.679484e-08	-5.344516e+01	-2.163501e+03
4.600000e-07	-1.002606e-08	-1.677369e-08	-5.325654e+01	-2.161473e+03
4.700000e-07	-9.989855e-09	-1.676222e-08	-5.306425e+01	-2.159229e+03
4.800000e-07	-9.952931e-09	-1.673730e-08	-5.286811e+01	-2.156771e+03
4.900000e-07	-9.915280e-09	-1.671630e-08	-5.266812e+01	-2.154116e+03
5.000000e-07	-9.876941e-09	-1.670338e-08	-5.246447e+01	-2.151288e+03
5.100000e-07	-9.837886e-09	-1.667538e-08	-5.225702e+01	-2.148317e+03
5.200000e-07	-9.798085e-09	-1.665073e-08	-5.204561e+01	-2.145241e+03
5.300000e-07	-9.757568e-09	-1.663712e-08	-5.183039e+01	-2.142097e+03
5.400000e-07	-9.716308e-09	-1.661026e-08	-5.161122e+01	-2.138920e+03
5.500000e-07	-9.674233e-09	-1.658165e-08	-5.138773e+01	-2.135739e+03
5.600000e-07	-9.631361e-09	-1.656499e-08	-5.116000e+01	-2.132577e+03
5.700000e-07	-9.587759e-09	-1.653944e-08	-5.092839e+01	-2.129445e+03
5.800000e-07	-9.543461e-09	-1.650912e-08	-5.069309e+01	-2.126344e+03
5.900000e-07	-9.498497e-09	-1.648828e-08	-5.045425e+01	-2.123262e+03
6.000000e-07	-9.452856e-09	-1.646337e-08	-5.021182e+01	-2.120182e+03
6.100000e-07	-9.406502e-09	-1.643348e-08	-4.996559e+01	-2.117077e+03
6.200000e-07	-9.359448e-09	-1.640933e-08	-4.971565e+01	-2.113915e+03
6.300000e-07	-9.311721e-09	-1.638317e-08	-4.946214e+01	-2.110666e+03
6.400000e-07	-9.263283e-09	-1.635349e-08	-4.920484e+01	-2.107300e+03
6.500000e-07	-9.214138e-09	-1.632595e-08	-4.894379e+01	-2.103795e+03
6.600000e-07	-9.164295e-09	-1.629574e-08	-4.867904e+01	-2.100134e+03
6.700000e-07	-9.113785e-09	-1.626349e-08	-4.841074e+01	-2.096311e+03
6.800000e-07	-9.062601e-09	-1.623437e-08	-4.813886e+01	-2.092331e+03
6.900000e-07	-9.010691e-09	-1.620432e-08	-4.786312e+01	-2.088207e+03
7.000000e-07	-8.958033e-09	-1.617263e-08	-4.758342e+01	-2.083958e+03
7.100000e-07	-8.904696e-09	-1.614156e-08	-4.730010e+01	-2.079610e+03
7.200000e-07	-8.850721e-09	-1.610789e-08	-4.701340e+01	-2.075191e+03
7.300000e-07	-8.796111e-09	-1.607281e-08	-4.672332e+01	-2.070726e+03
7.400000e-07	-8.740898e-09	-1.603960e-08	-4.643004e+01	-2.066239e+03
7.500000e-07	-8.685063e-09	-1.600535e-08	-4.613345e+01	-2.061743e+03
7.600000e-07	-8.628548e-09	-1.596910e-08	-4.583326e+01	-2.057247e+03
7.700000e-07	-8.571358e-09	-1.593400e-08	-4.552948e+01	-2.052747e+03
7.800000e-07	-8.513485e-09	-1.589858e-08	-4.522207e+01	-2.048231e+03
7.900000e-07	-8.454923e-09	-1.586124e-08	-4.491100e+01	-2.043680e+03
8.000000e-07	-8.395738e-09	-1.582307e-08	-4.459662e+01	-2.039068e+03
8.100000e-07	-8.335977e-09	-1.578380e-08	-4.427918e+01	-2.034368e+03
8.200000e-07	-8.275614e-09	-1.574314e-08	-4.395854e+01	-2.029550e+03
8.300000e-07	-8.214621e-09	-1.570213e-08	-4.363456e+01	-2.024591e+03
8.400000e-07	-8.152978e-09	-1.566146e-08	-4.330713e+01	-2.019472e+03
8.500000e-07	-8.090687e-09	-1.562079e-08	-4.297625e+01	-2.014181e+03
8.600000e-07	-8.027809e-09	-1.557810e-08	-4.264225e+01	-2.008715e+03
8.700000e-07	-7.964399e-09	-1.553457e-08	-4.230543e+01	-2.003083e+03
8.800000e-07	-7.900472e-09	-1.549113e-08	-4.196586e+01	-1.997298e+03
8.900000e-07	-7.836036e-09	-1.544598e-08	-4.162359e+01	-1.991381e+03
9.000000e-07	-7.771079e-09	-1.539910e-08	-4.127856e+01	-1.985356e+03
9.100000e-07	-7.705552e-09	-1.535154e-08	-4.093049e+01	-1.979247e+03
9.200000e-07	-7.639423e-09	-1.530413e-08	-4.057922e+01	-1.973076e+03
9.300000e-07	-7.572679e-09	-1.525671e-08	-4.022469e+01	-1.966858e+03
9.400000e-07	-7.505333e-09	-1.520791e-08	-3.986696e+01	-1.960601e+03
9.500000e-07	-7.437408e-09	-1.515785e-08	-3.950616e+01	-1.954303e+03
9.600000e-07	-7.368926e-09	-1.510647e-08	-3.914239e+01	-1.947954e+03
9.700000e-07	-7.299891e-09	-1.505351e-08	-3.877569e+01	-1.941534e+03
9.800000e-07	-7.230316e-09	-1.499970e-08	-3.840612e+01	-1.935017e+03
9.900000e-07	-7.160207e-09	-1.494484e-08	-3.803372e+01	-1.928373e+03
1.000000e-06	-7.089581e-09	-1.488903e-08	-3.765857e+01	-1.921571e+03
1.010000e-06	-7.018454e-09	-1.483293e-08	-3.728076e+01	-1.914582e+03
1.020000e-06	-6.946840e-09	-1.477580e-08	-3.690035e+01	-1.907383e+03
1.030000e-06	-6.874741e-09	-1.471769e-08	-3.651738e+01	-1.899957e+03
1.040000e-06	-6.802137e-09	-1.465901e-08	-3.613172e+01	-1.892298e+03
1.050000e-06	-6.728992e-09	-1.459947e-08	-3.574319e+01	-1.884411e+03
1.060000e-06	-6.655302e-09	-1.453867e-08	-3.535176e+01	-1.876309e+03
1.070000e-06	-6.581087e-09	-1.447562e-08	-3.495755e+01	-1.868011e+03
1.080000e-06	-6.506349e-09	-1.441068e-08	-3.456055e+01	-1.859545e+03
1.090000e-06	-6.431101e-09	-1.434457e-08	-3.416085e+01	-1.850938e+03
1.100000e-06	-6.355368e-09	-1.427750e-08	-3.375857e+01	-1.842216e+03
1.110000e-06	-6.279170e-09	-1.420934e-08	-3.335382e+01	-1.833399e+03
1.120000e-06	-6.202537e-09	-1.414018e-08	-3.294676e+01	-1.824502e+03
1.130000e-06	-6.125489e-09	-1.406977e-08	-3.253750e+01	-1.815528e+03
1.140000e-06	-6.048036e-09	-1.399811e-08	-3.212608e+01	-1.806469e+03
1.150000e-06	-5.970177e-09	-1.392540e-08	-3.171251e+01	-1.797308e+03
1.160000e-06	-5.891912e-09	-1.385183e-08	-3.129679e+01	-1.788019e+03
1.170000e-06	-5.813259e-09	-1.377703e-08	-3.087900e+01	-1.778568e+03
1.180000e-06	-5.734196e-09	-1.370041e-08	-3.045903e+01	-1.768921e+03
1.190000e-06	-5.654658e-09	-1.362243e-08	-3.003653e+01	-1.759041e+03
1.200000e-06	-5.574637e-09	-1.354342e-08	-2.961148e+01	-1.748899e+03
1.210000e-06	-5.494153e-09	-1.346334e-08	-2.918396e+01	-1.738471e+03
1.220000e-06	-5.413189e-09	-1.338184e-08	-2.875390e+01	-1.727742e+03
1.230000e-06	-5.331745e-09	-1.329778e-08	-2.832129e+01	-1.716711e+03
1.240000e-06	-5.249862e-09	-1.321174e-08	-2.788634e+01	-1.705385e+03
1.250000e-06	-5.167582e-09	-1.312463e-08	-2.744928e+01	-1.693782e+03
1.260000e-06	-5.084926e-09	-1.303513e-08	-2.701023e+01	-1.681926e+03
1.270000e-06	-5.001894e-09	-1.294260e-08	-2.656918e+01	-1.669844e+03
1.280000e-06	-4.918509e-09	-1.284822e-08	-2.612626e+01	-1.657563e+03
1.290000e-06	-4.834794e-09	-1.275236e-08	-2.568158e+01	-1.645105e+03
1.300000e-06	-4.750750e-09	-1.265399e-08	-2.523516e+01	-1.632484e+03
1.310000e-06	-4.666387e-09	-1.255298e-08	-2.478703e+01	-1.619703e+03
1.320000e-06	-4.581689e-09	-1.245066e-08	-2.433713e+01	-1.606751e+03
1.330000e-06	-4.496653e-09	-1.234761e-08	-2.388544e+01	-1.593606e+03
1.340000e-06	-4.411299e-09	-1.224234e-08	-2.343205e+01	-1.580233e+03
1.350000e-06	-4.325619e-09	-1.213445e-08	-2.297694e+01	-1.566589e+03
1.360000e-06	-4.239598e-09	-1.202413e-08	-2.252001e+01	-1.552624e+03
1.370000e-06	-4.153257e-09	-1.191104e-08	-2.206138e+01	-1.538290e+03
1.380000e-06	-4.066638e-09	-1.179541e-08	-2.160128e+01	-1.523539e+03
1.390000e-06	-3.979762e-09	-1.167688e-08	-2.113981e+01	-1.508334e+03
1.400000e-06	-3.892640e-09	-1.155490e-08	-2.067704e+01	-1.492649e+03
1.410000e-06	-3.805279e-09	-1.142934e-08	-2.021299e+01	-1.476469e+03
1.420000e-06	-3.717668e-09	-1.130034e-08	-1.974762e+01	-1.459795e+03
1.430000e-06	-3.629805e-09	-1.116778e-08	-1.928090e+01	-1.442640e+03
1.440000e-06	-3.541692e-09	-1.103184e-08	-1.881286e+01	-1.425027e+03
1.450000e-06	-3.453327e-09	-1.089327e-08	-1.834349e+01	-1.406983e+03
1.460000e-06	-3.364714e-09	-1.075242e-08	-1.787279e+01	-1.388537e+03
1.470000e-06	-3.275831e-09	-1.060867e-08	-1.740066e+01	-1.369712e+03
1.480000e-06	-3.186661e-09	-1.046111e-08	-1.692701e+01	-1.350520e+03
1.490000e-06	-3.097208e-09	-1.030962e-08	-1.645185e+01	-1.330960e+03
1.500000e-06	-3.007511e-09	-1.015321e-08	-1.597540e+01	-1.311011e+03
1.510000e-06	-2.917611e-09	-9.991239e-09	-1.549787e+01	-1.290634e+03
1.520000e-06	-2.827524e-09	-9.824256e-09	-1.501934e+01	-1.269772e+03
1.530000e-06	-2.737259e-09	-9.652662e-09	-1.453987e+01	-1.248353e+03
1.540000e-06	-2.646828e-09	-9.477614e-09	-1.405952e+01	-1.226293e+03
1.550000e-06	-2.556237e-09	-9.298969e-09	-1.357832e+01	-1.203506e+03
1.560000e-06	-2.465486e-09	-9.113613e-09	-1.309626e+01	-1.179904e+03
1.570000e-06	-2.374565e-09	-8.920593e-09	-1.261331e+01	-1.155413e+03
1.580000e-06	-2.283477e-09	-8.721293e-09	-1.212947e+01	-1.129968e+03
1.590000e-06	-2.192227e-09	-8.516226e-09	-1.164477e+01	-1.103524e+03
1.600000e-06	-2.100804e-09	-8.305103e-09	-1.115914e+01	-1.076056e+03
1.610000e-06	-2.009208e-09	-8.086632e-09	-1.067260e+01	-1.047557e+03
1.620000e-06	-1.917435e-09	-7.859678e-09	-1.018512e+01	-1.018033e+03
1.630000e-06	-1.825479e-09	-7.625161e-09	-9.696667e+00	-9.874991e+02
1.640000e-06	-1.733349e-09	-7.383690e-09	-9.207291e+00	-9.559708e+02
1.650000e-06	-1.641073e-09	-7.132982e-09	-8.717139e+00	-9.234519e+02
1.660000e-06	-1.548687e-09	-6.871249e-09	-8.226399e+00	-8.899267e+02
1.670000e-06	-1.456223e-09	-6.599401e-09	-7.735253e+00	-8.553495e+02
1.680000e-06	-1.363705e-09	-6.317443e-09	-7.243811e+00	-8.196382e+02
1.690000e-06	-1.271110e-09	-6.023746e-09	-6.751967e+00	-7.826697e+02
1.700000e-06	-1.178427e-09	-5.717403e-09	-6.259650e+00	-7.442796e+02
1.710000e-06	-1.085674e-09	-5.397769e-09	-5.766962e+00	-7.042662e+02
1.720000e-06	-9.928554e-10	-5.064135e-09	-5.273929e+00	-6.623993e+02
1.730000e-06	-8.999593e-10	-4.715505e-09	-4.780483e+00	-6.184332e+02
1.740000e-06	-8.069775e-10	-4.350659e-09	-4.286582e+00	-5.721230e+02
1.750000e-06	-7.139083e-10	-3.968184e-09	-3.792216e+00	-5.232440e+02
1.760000e-06	-6.207711e-10	-3.566762e-09	-3.297488e+00	-4.716119e+02
1.770000e-06	-5.275933e-10	-3.145232e-09	-2.802545e+00	-4.171030e+02
1.780000e-06	-4.343733e-10	-2.703072e-09	-2.307379e+00	-3.596720e+02
1.790000e-06	-3.411126e-10	-2.240022e-09	-1.811995e+00	-2.993669e+02
1.800000e-06	-2.478367e-10	-1.755670e-09	-1.316531e+00	-2.363383e+02
1.810000e-06	-1.545791e-10	-1.249868e-09	-8.211641e-01	-1.708433e+02
1.820000e-06	-6.135663e-11	-7.239838e-10	-3.259842e-01	-1.032425e+02
1.830000e-06	3.183410e-11	-1.815289e-10	1.690274e-01	-3.399082e+01
1.840000e-06	1.250083e-10	3.732876e-10	6.639509e-01	3.637831e+01
1.850000e-06	2.181912e-10	9.353709e-10	1.158921e+00	1.072739e+02
1.860000e-06	3.113899e-10	1.497532e-09	1.653975e+00	1.780725e+02
1.870000e-06	4.045872e-10	2.051173e-09	2.149022e+00	2.481453e+02
1.880000e-06	4.977689e-10	2.589515e-09	2.643985e+00	3.168860e+02
1.890000e-06	5.909259e-10	3.107766e-09	3.138818e+00	3.837376e+02
1.900000e-06	6.840487e-10	3.601965e-09	3.633468e+00	4.482154e+02
1.910000e-06	7.771354e-10	4.070662e-09	4.127927e+00	5.099260e+02
1.920000e-06	8.701683e-10	4.513438e-09	4.622101e+00	5.685797e+02
1.930000e-06	9.631295e-10	4.930028e-09	5.115893e+00	6.239972e+02
1.940000e-06	1.056009e-09	5.321294e-09	5.609251e+00	6.761092e+02
1.950000e-06	1.148787e-09	5.689052e-09	6.102073e+00	7.249494e+02
1.960000e-06	1.241448e-09	6.035814e-09	6.594269e+00	7.706421e+02
1.970000e-06	1.333983e-09	6.363642e-09	7.085800e+00	8.133854e+02
1.980000e-06	1.426404e-09	6.673130e-09	7.576723e+00	8.534315e+02
1.990000e-06	1.518726e-09	6.965455e-09	8.067119e+00	8.910650e+02
2.000000e-06	1.610942e-09	7.243686e-09	8.556949e+00	9.265824e+02
2.010000e-06	1.703040e-09	7.509557e-09	9.046161e+00	9.602728e+02
2.020000e-06	1.795030e-09	7.762815e-09	9.534791e+00	9.924015e+02
2.030000e-06	1.886899e-09	8.004304e-09	1.002278e+01	1.023198e+03
2.040000e-06	1.978634e-09	8.236197e-09	1.051006e+01	1.052848e+03
2.050000e-06	2.070232e-09	8.459394e-09	1.099661e+01	1.081492e+03
2.060000e-06	2.161688e-09	8.674288e-09	1.148241e+01	1.109224e+03
2.070000e-06	2.252990e-09	8.881148e-09	1.196739e+01	1.136098e+03
2.080000e-06	2.344106e-09	9.079200e-09	1.245138e+01	1.162136e+03
2.090000e-06	2.435009e-09	9.268497e-09	1.293424e+01	1.187339e+03
2.100000e-06	2.525688e-09	9.450317e-09	1.341591e+01	1.211695e+03
2.110000e-06	2.616137e-09	9.626328e-09	1.389636e+01	1.235189e+03
2.120000e-06	2.706378e-09	9.797720e-09	1.437570e+01	1.257813e+03
2.130000e-06	2.796445e-09	9.964156e-09	1.485412e+01	1.279574e+03
2.140000e-06	2.886356e-09	1.012530e-08	1.533171e+01	1.300493e+03
2.150000e-06	2.976113e-09	1.028073e-08	1.580848e+01	1.320610e+03
2.160000e-06	3.065705e-09	1.043045e-08	1.628438e+01	1.339982e+03
2.170000e-06	3.155102e-09	1.057554e-08	1.675924e+01	1.358678e+03
2.180000e-06	3.244271e-09	1.071750e-08	1.723289e+01	1.376778e+03
2.190000e-06	3.333184e-09	1.085724e-08	1.770518e+01	1.394359e+03
2.200000e-06	3.421819e-09	1.099418e-08	1.817599e+01	1.411498e+03
2.210000e-06	3.510180e-09	1.112775e-08	1.864535e+01	1.428260e+03
2.220000e-06	3.598277e-09	1.125715e-08	1.911330e+01	1.444699e+03
2.230000e-06	3.686094e-09	1.138159e-08	1.957977e+01	1.460849e+03
2.240000e-06	3.773616e-09	1.150160e-08	2.004467e+01	1.476729e+03
2.250000e-06	3.860836e-09	1.161815e-08	2.050797e+01	1.492341e+03
2.260000e-06	3.947768e-09	1.173191e-08	2.096973e+01	1.507672e+03
2.270000e-06	4.034452e-09	1.184312e-08	2.143019e+01	1.522700e+03
2.280000e-06	4.120903e-09	1.195232e-08	2.188939e+01	1.537400e+03
2.290000e-06	4.207102e-09	1.206012e-08	2.234727e+01	1.551742e+03
2.300000e-06	4.293024e-09	1.216667e-08	2.280367e+01	1.565704e+03
2.310000e-06	4.378645e-09	1.227202e-08	2.325847e+01	1.579272e+03
2.320000e-06	4.463958e-09	1.237465e-08	2.371164e+01	1.592441e+03
2.330000e-06	4.548959e-09	1.247390e-08	2.416315e+01	1.605219e+03
2.340000e-06	4.633619e-09	1.257114e-08	2.461285e+01	1.617626e+03
2.350000e-06	4.717910e-09	1.266699e-08	2.506059e+01	1.629693e+03
2.360000e-06	4.801834e-09	1.276013e-08	2.550637e+01	1.641457e+03
2.370000e-06	4.885401e-09	1.284980e-08	2.595027e+01	1.652960e+03
2.380000e-06	4.968601e-09	1.293714e-08	2.639221e+01	1.664245e+03
2.390000e-06	5.051420e-09	1.302307e-08	2.683213e+01	1.675350e+03
2.400000e-06	5.133852e-09	1.310759e-08	2.726999e+01	1.686308e+03
2.410000e-06	5.215897e-09	1.319000e-08	2.770580e+01	1.697142e+03
2.420000e-06	5.297559e-09	1.327032e-08	2.813958e+01	1.707863e+03
2.430000e-06	5.378830e-09	1.334952e-08	2.857127e+01	1.718475e+03
2.440000e-06	5.459700e-09	1.342875e-08	2.900084e+01	1.728970e+03
2.450000e-06	5.540166e-09	1.350714e-08	2.942826e+01	1.739331e+03
2.460000e-06	5.620217e-09	1.358343e-08	2.985347e+01	1.749537e+03
2.470000e-06	5.699839e-09	1.365814e-08	3.027641e+01	1.759565e+03
2.480000e-06	5.779000e-09	1.373168e-08	3.069690e+01	1.769393e+03
2.490000e-06	5.857688e-09	1.380438e-08	3.111487e+01	1.779001e+03
2.500000e-06	5.935919e-09	1.387648e-08	3.153042e+01	1.788375e+03
2.510000e-06	6.013706e-09	1.394760e-08	3.194361e+01	1.797509e+03
2.520000e-06	6.091061e-09	1.401672e-08	3.235451e+01	1.806404e+03
2.530000e-06	6.167993e-09	1.408410e-08	3.276316e+01	1.815067e+03
2.540000e-06	6.244500e-09	1.415069e-08	3.316955e+01	1.823513e+03
2.550000e-06	6.320580e-09	1.421606e-08	3.357367e+01	1.831760e+03
2.560000e-06	6.396222e-09	1.427954e-08	3.397547e+01	1.839827e+03
2.570000e-06	6.471423e-09	1.434145e-08	3.437492e+01	1.847735e+03
2.580000e-06	6.546170e-09	1.440232e-08	3.477196e+01	1.855501e+03
2.590000e-06	6.620438e-09	1.446244e-08	3.516646e+01	1.863139e+03
2.600000e-06	6.694217e-09	1.452123e-08	3.555836e+01	1.870657e+03
2.610000e-06	6.767475e-09	1.457739e-08	3.594750e+01	1.878059e+03
2.620000e-06	6.840179e-09	1.463139e-08	3.633369e+01	1.885345e+03
2.630000e-06	6.912321e-09	1.468440e-08	3.671689e+01	1.892508e+03
2.640000e-06	6.983908e-09	1.473649e-08	3.709714e+01	1.899541e+03
2.650000e-06	7.054960e-09	1.478850e-08	3.747456e+01	1.906436e+03
2.660000e-06	7.125483e-09	1.484018e-08	3.784917e+01	1.913186e+03
2.670000e-06	7.195490e-09	1.489092e-08	3.822103e+01	1.919786e+03
2.680000e-06	7.264993e-09	1.494105e-08	3.859022e+01	1.926237e+03
2.690000e-06	7.333992e-09	1.499011e-08	3.895673e+01	1.932542e+03
2.700000e-06	7.402482e-09	1.503776e-08	3.932053e+01	1.938710e+03
2.710000e-06	7.470453e-09	1.508391e-08	3.968158e+01	1.944754e+03
2.720000e-06	7.537897e-09	1.512913e-08	4.003984e+01	1.950690e+03
2.730000e-06	7.604799e-09	1.517441e-08	4.039520e+01	1.956535e+03
2.740000e-06	7.671129e-09	1.522008e-08	4.074754e+01	1.962307e+03
2.750000e-06	7.736872e-09	1.526589e-08	4.109675e+01	1.968021e+03
2.760000e-06	7.802021e-09	1.531139e-08	4.144282e+01	1.973689e+03
2.770000e-06	7.866585e-09	1.535555e-08	4.178577e+01	1.979317e+03
2.780000e-06	7.930572e-09	1.539796e-08	4.212565e+01	1.984908e+03
2.790000e-06	7.993995e-09	1.543948e-08	4.246254e+01	1.990458e+03
2.800000e-06	8.056856e-09	1.547990e-08	4.279645e+01	1.995957e+03
2.810000e-06	8.119134e-09	1.551893e-08	4.312726e+01	2.001392e+03
2.820000e-06	8.180812e-09	1.555780e-08	4.345488e+01	2.006748e+03
2.830000e-06	8.241890e-09	1.559705e-08	4.377931e+01	2.012009e+03
2.840000e-06	8.302363e-09	1.563705e-08	4.410054e+01	2.017159e+03
2.850000e-06	8.362250e-09	1.567703e-08	4.441864e+01	2.022185e+03
2.860000e-06	8.421557e-09	1.571572e-08	4.473368e+01	2.027076e+03
2.870000e-06	8.480260e-09	1.575325e-08	4.504549e+01	2.031829e+03
2.880000e-06	8.538334e-09	1.578951e-08	4.535397e+01	2.036443e+03
2.890000e-06	8.595754e-09	1.582417e-08	4.565898e+01	2.040922e+03
2.900000e-06	8.652497e-09	1.585798e-08	4.596039e+01	2.045275e+03
2.910000e-06	8.708553e-09	1.589174e-08	4.625815e+01	2.049514e+03
2.920000e-06	8.763922e-09	1.592471e-08	4.655226e+01	2.053651e+03
2.930000e-06	8.818619e-09	1.595724e-08	4.684280e+01	2.057699e+03
2.940000e-06	8.872674e-09	1.598970e-08	4.712993e+01	2.061670e+03
2.950000e-06	8.926113e-09	1.602051e-08	4.741378e+01	2.065572e+03
2.960000e-06	8.978927e-09	1.604931e-08	4.769432e+01	2.069411e+03
2.970000e-06	9.031092e-09	1.607727e-08	4.797141e+01	2.073189e+03
2.980000e-06	9.082607e-09	1.610469e-08	4.824505e+01	2.076905e+03
2.990000e-06	9.133483e-09	1.613178e-08	4.851530e+01	2.080554e+03
3.000000e-06	9.183731e-09	1.615845e-08	4.878221e+01	2.084130e+03
3.010000e-06	9.233332e-09	1.618413e-08	4.904568e+01	2.087626e+03
3.020000e-06	9.282236e-09	1.620895e-08	4.930545e+01	2.091036e+03
3.030000e-06	9.330429e-09	1.623313e-08	4.956144e+01	2.094354e+03
3.040000e-06	9.377913e-09	1.625667e-08	4.981366e+01	2.097578e+03
3.050000e-06	9.424670e-09	1.627997e-08	5.006203e+01	2.100710e+03
3.060000e-06	9.470673e-09	1.630330e-08	5.030639e+01	2.103752e+03
3.070000e-06	9.515929e-09	1.632620e-08	5.054678e+01	2.106712e+03
3.080000e-06	9.560489e-09	1.634855e-08	5.078348e+01	2.109601e+03
3.090000e-06	9.604416e-09	1.637068e-08	5.101681e+01	2.112428e+03
3.100000e-06	9.647707e-09	1.639265e-08	5.124676e+01	2.115206e+03
3.110000e-06	9.690308e-09	1.641369e-08	5.147305e+01	2.117947e+03
3.120000e-06	9.732186e-09	1.643345e-08	5.169550e+01	2.120658e+03
3.130000e-06	9.773346e-09	1.645276e-08	5.191413e+01	2.123347e+03
3.140000e-06	9.813801e-09	1.647199e-08	5.212903e+01	2.126016e+03
3.150000e-06	9.853509e-09	1.649088e-08	5.233995e+01	2.128666e+03
3.160000e-06	9.892431e-09	1.650954e-08	5.254669e+01	2.131292e+03
3.170000e-06	9.930590e-09	1.652785e-08	5.274939e+01	2.133889e+03
3.180000e-06	9.968051e-09	1.654536e-08	5.294837e+01	2.136448e+03
3.190000e-06	1.000483e-08	1.656218e-08	5.314374e+01	2.138960e+03
3.200000e-06	1.004089e-08	1.657903e-08	5.333526e+01	2.141417e+03
3.210000e-06	1.007619e-08	1.659611e-08	5.352280e+01	2.143811e+03
3.220000e-06	1.011079e-08	1.661281e-08	5.370660e+01	2.146138e+03
3.230000e-06	1.014475e-08	1.662924e-08	5.388698e+01	2.148395e+03
3.240000e-06	1.017805e-08	1.664594e-08	5.406388e+01	2.150584e+03
3.250000e-06	1.021062e-08	1.666284e-08	5.423686e+01	2.152708e+03
3.260000e-06	1.024242e-08	1.667918e-08	5.440575e+01	2.154774e+03
3.270000e-06	1.027344e-08	1.669421e-08	5.457057e+01	2.156790e+03
3.280000e-06	1.030368e-08	1.670852e-08	5.473117e+01	2.158763e+03
3.290000e-06	1.033308e-08	1.672318e-08	5.488735e+01	2.160703e+03
3.300000e-06	1.036169e-08	1.673815e-08	5.503931e+01	2.162615e+03
3.310000e-06	1.038955e-08	1.675245e-08	5.518732e+01	2.164503e+03
3.320000e-06	1.041668e-08	1.676611e-08	5.533141e+01	2.166369e+03
3.330000e-06	1.044302e-08	1.677940e-08	5.547135e+01	2.168213e+03
3.340000e-06	1.046860e-08	1.679222e-08	5.560720e+01	2.170029e+03
3.350000e-06	1.049348e-08	1.680475e-08	5.573936e+01	2.171811e+03
3.360000e-06	1.051770e-08	1.681716e-08	5.586800e+01	2.173552e+03
3.370000e-06	1.054119e-08	1.682958e-08	5.599281e+01	2.175243e+03
3.380000e-06	1.056389e-08	1.684149e-08	5.611339e+01	2.176877e+03
3.390000e-06	1.058582e-08	1.685274e-08	5.622987e+01	2.178447e+03
3.400000e-06	1.060696e-08	1.686407e-08	5.634213e+01	2.179948e+03
3.410000e-06	1.062717e-08	1.687548e-08	5.644953e+01	2.181380e+03
3.420000e-06	1.064648e-08	1.688657e-08	5.655206e+01	2.182741e+03
3.430000e-06	1.066500e-08	1.689714e-08	5.665047e+01	2.184037e+03
3.440000e-06	1.068282e-08	1.690717e-08	5.674512e+01	2.185271e+03
3.450000e-06	1.069986e-08	1.691664e-08	5.683563e+01	2.186450e+03
3.460000e-06	1.071607e-08	1.692572e-08	5.692174e+01	2.187580e+03
3.470000e-06	1.073153e-08	1.693490e-08	5.700384e+01	2.188668e+03
3.480000e-06	1.074629e-08	1.694344e-08	5.708225e+01	2.189717e+03
3.490000e-06	1.076031e-08	1.695110e-08	5.715674e+01	2.190731e+03
3.500000e-06	1.077352e-08	1.695918e-08	5.722692e+01	2.191710e+03
3.510000e-06	1.078597e-08	1.696755e-08	5.729302e+01	2.192651e+03
3.520000e-06	1.079771e-08	1.697468e-08	5.735539e+01	2.193551e+03
3.530000e-06	1.080872e-08	1.698038e-08	5.741385e+01	2.194403e+03
3.540000e-06	1.081887e-08	1.698611e-08	5.746777e+01	2.195201e+03
3.550000e-06	1.082816e-08	1.699246e-08	5.751716e+01	2.195939e+03
3.560000e-06	1.083672e-08	1.699829e-08	5.756261e+01	2.196611e+03
3.570000e-06	1.084456e-08	1.700290e-08	5.760425e+01	2.197214e+03
3.580000e-06	1.085162e-08	1.700686e-08	5.764174e+01	2.197744e+03
3.590000e-06	1.085785e-08	1.701089e-08	5.767482e+01	2.198204e+03
3.600000e-06	1.086326e-08	1.701484e-08	5.770356e+01	2.198595e+03
3.610000e-06	1.086780e-08	1.701816e-08	5.772771e+01	2.198923e+03
3.620000e-06	1.087146e-08	1.702045e-08	5.774715e+01	2.199191e+03
3.630000e-06	1.087433e-08	1.702238e-08	5.776240e+01	2.199407e+03
3.640000e-06	1.087649e-08	1.702460e-08	5.777387e+01	2.199574e+03
3.650000e-06	1.087792e-08	1.702640e-08	5.778148e+01	2.199698e+03
3.660000e-06	1.087854e-08	1.702682e-08	5.778475e+01	2.199778e+03
3.670000e-06	1.087835e-08	1.702652e-08	5.778373e+01	2.199814e+03
3.680000e-06	1.087744e-08	1.702629e-08	5.777890e+01	2.199802e+03
3.690000e-06	1.087582e-08	1.702600e-08	5.777031e+01	2.199738e+03
3.700000e-06	1.087341e-08	1.702567e-08	5.775752e+01	2.199615e+03
3.710000e-06	1.087022e-08	1.702428e-08	5.774055e+01	2.199426e+03
3.720000e-06	1.086634e-08	1.702177e-08	5.771993e+01	2.199165e+03
3.730000e-06	1.086172e-08	1.701939e-08	5.769542e+01	2.198830e+03
3.740000e-06	1.085627e-08	1.701628e-08	5.766648e+01	2.198421e+03
3.750000e-06	1.085002e-08	1.701145e-08	5.763325e+01	2.197941e+03
3.760000e-06	1.084290e-08	1.701302e-08	5.759544e+01	2.197398e+03
3.770000e-06	1.083445e-08	1.701620e-08	5.755058e+01	2.196805e+03
3.780000e-06	1.082438e-08	1.700690e-08	5.749709e+01	2.196177e+03
3.790000e-06	1.081330e-08	1.698567e-08	5.743824e+01	2.195533e+03
3.800000e-06	1.080227e-08	1.698385e-08	5.737964e+01	2.194892e+03
3.810000e-06	1.079136e-08	1.700272e-08	5.732169e+01	2.194271e+03
3.820000e-06	1.077944e-08	1.699341e-08	5.725837e+01	2.193686e+03
3.830000e-06	1.076615e-08	1.694872e-08	5.718777e+01	2.193146e+03
3.840000e-06	1.075246e-08	1.695102e-08	5.711503e+01	2.192659e+03
3.850000e-06	1.073851e-08	1.701206e-08	5.704095e+01	2.192222e+03
3.860000e-06	1.072335e-08	1.701887e-08	5.696043e+01	2.191827e+03
3.870000e-06	1.070709e-08	1.697977e-08	5.687404e+01	2.191463e+03
3.880000e-06	1.069051e-08	1.697064e-08	5.678600e+01	2.191109e+03
3.890000e-06	1.067332e-08	1.694805e-08	5.669469e+01	2.190745e+03
3.900000e-06	1.065508e-08	1.689395e-08	5.659779e+01	2.190349e+03
3.910000e-06	1.063627e-08	1.690934e-08	5.649789e+01	2.189897e+03
3.920000e-06	1.061692e-08	1.699492e-08	5.639506e+01	2.189374e+03
3.930000e-06	1.059619e-08	1.702609e-08	5.628500e+01	2.188764e+03
3.940000e-06	1.057428e-08	1.701455e-08	5.616860e+01	2.188062e+03
3.950000e-06	1.055177e-08	1.702727e-08	5.604902e+01	2.187266e+03
3.960000e-06	1.052858e-08	1.699156e-08	5.592584e+01	2.186384e+03
3.970000e-06	1.050462e-08	1.689976e-08	5.579858e+01	2.185428e+03
3.980000e-06	1.047995e-08	1.686097e-08	5.566753e+01	2.184414e+03
3.990000e-06	1.045445e-08	1.686333e-08	5.553206e+01	2.183361e+03
4.000000e-06	1.042820e-08	1.684240e-08	5.539264e+01	2.182285e+03
4.010000e-06	1.040132e-08	1.685937e-08	5.524987e+01	2.181203e+03
4.020000e-06	1.037356e-08	1.692119e-08	5.510244e+01	2.180121e+03
4.030000e-06	1.034493e-08	1.693949e-08	5.495032e+01	2.179044e+03
4.040000e-06	1.031564e-08	1.693981e-08	5.479476e+01	2.177963e+03
4.050000e-06	1.028556e-08	1.695936e-08	5.463495e+01	2.176865e+03
4.060000e-06	1.025457e-08	1.694744e-08	5.447037e+01	2.175727e+03
4.070000e-06	1.022281e-08	1.692181e-08	5.430166e+01	2.174521e+03
4.080000e-06	1.019016e-08	1.691701e-08	5.412820e+01	2.173214e+03
4.090000e-06	1.015666e-08	1.689716e-08	5.395026e+01	2.171773e+03
4.100000e-06	1.012254e-08	1.687400e-08	5.376905e+01	2.170167e+03
4.110000e-06	1.008774e-08	1.686501e-08	5.358420e+01	2.168371e+03
4.120000e-06	1.005218e-08	1.684225e-08	5.339533e+01	2.166366e+03
4.130000e-06	1.001600e-08	1.682351e-08	5.320314e+01	2.164146e+03
4.140000e-06	9.979133e-09	1.681736e-08	5.300729e+01	2.161711e+03
4.150000e-06	9.941529e-09	1.678810e-08	5.280755e+01	2.159077e+03
4.160000e-06	9.903228e-09	1.676166e-08	5.260411e+01	2.156266e+03
4.170000e-06	9.864168e-09	1.675653e-08	5.239663e+01	2.153309e+03
4.180000e-06	9.824350e-09	1.673124e-08	5.218512e+01	2.150243e+03
4.190000e-06	9.783831e-09	1.670062e-08	5.196989e+01	2.147105e+03
4.200000e-06	9.742549e-09	1.668994e-08	5.175061e+01	2.143930e+03
4.210000e-06	9.700497e-09	1.666666e-08	5.152724e+01	2.140749e+03
4.220000e-06	9.657734e-09	1.663644e-08	5.130009e+01	2.137584e+03
4.230000e-06	9.614236e-09	1.662243e-08	5.106904e+01	2.134449e+03
4.240000e-06	9.570029e-09	1.659888e-08	5.083422e+01	2.131344e+03
4.250000e-06	9.525185e-09	1.656442e-08	5.059602e+01	2.128262e+03
4.260000e-06	9.479664e-09	1.654168e-08	5.035422e+01	2.125183e+03
4.270000e-06	9.433396e-09	1.651998e-08	5.010845e+01	2.122082e+03
4.280000e-06	9.386361e-09	1.649156e-08	4.985861e+01	2.118928e+03
4.290000e-06	9.338600e-09	1.646515e-08	4.960491e+01	2.115690e+03
4.300000e-06	9.290176e-09	1.643715e-08	4.934770e+01	2.112338e+03
4.310000e-06	9.241086e-09	1.640755e-08	4.908694e+01	2.108849e+03
4.320000e-06	9.191263e-09	1.638046e-08	4.882229e+01	2.105206e+03
4.330000e-06	9.140699e-09	1.635162e-08	4.855371e+01	2.101401e+03
4.340000e-06	9.089474e-09	1.632094e-08	4.828160e+01	2.097438e+03
4.350000e-06	9.037578e-09	1.629036e-08	4.800595e+01	2.093329e+03
4.360000e-06	8.984975e-09	1.625770e-08	4.772653e+01	2.089093e+03
4.370000e-06	8.931713e-09	1.622702e-08	4.744361e+01	2.084755e+03
4.380000e-06	8.877830e-09	1.619772e-08	4.715739e+01	2.080342e+03
4.390000e-06	8.823302e-09	1.616293e-08	4.686775e+01	2.075882e+03
4.400000e-06	8.768168e-09	1.612668e-08	4.657489e+01	2.071396e+03
4.410000e-06	8.712409e-09	1.609432e-08	4.627871e+01	2.066901e+03
4.420000e-06	8.655991e-09	1.606136e-08	4.597903e+01	2.062405e+03
4.430000e-06	8.598910e-09	1.602599e-08	4.567583e+01	2.057906e+03
4.440000e-06	8.541179e-09	1.599011e-08	4.536917e+01	2.053392e+03
4.450000e-06	8.482824e-09	1.595309e-08	4.505920e+01	2.048846e+03
4.460000e-06	8.423835e-09	1.591587e-08	4.474586e+01	2.044243e+03
4.470000e-06	8.364193e-09	1.587935e-08	4.442906e+01	2.039554e+03
4.480000e-06	8.303898e-09	1.584166e-08	4.410879e+01	2.034751e+03
4.490000e-06	8.242965e-09	1.580092e-08	4.378512e+01	2.029808e+03
4.500000e-06	8.181427e-09	1.575803e-08	4.345824e+01	2.024707e+03
4.510000e-06	8.119288e-09	1.571622e-08	4.312817e+01	2.019435e+03
4.520000e-06	8.056549e-09	1.567559e-08	4.279491e+01	2.013989e+03
4.530000e-06	7.993240e-09	1.563354e-08	4.245863e+01	2.008374e+03
4.540000e-06	7.929395e-09	1.559025e-08	4.211950e+01	2.002605e+03
4.550000e-06	7.865013e-09	1.554723e-08	4.177751e+01	1.996702e+03
4.560000e-06	7.800052e-09	1.550470e-08	4.143245e+01	1.990688e+03
4.570000e-06	7.734487e-09	1.546133e-08	4.108419e+01	1.984588e+03
4.580000e-06	7.668331e-09	1.541621e-08	4.073277e+01	1.978423e+03
4.590000e-06	7.601606e-09	1.536909e-08	4.037835e+01	1.972209e+03
4.600000e-06	7.534318e-09	1.532063e-08	4.002093e+01	1.965956e+03
4.610000e-06	7.466471e-09	1.527231e-08	3.966053e+01	1.959663e+03
4.620000e-06	7.398058e-09	1.522445e-08	3.929714e+01	1.953321e+03
4.630000e-06	7.329100e-09	1.517468e-08	3.893085e+01	1.946910e+03
4.640000e-06	7.259636e-09	1.512148e-08	3.856187e+01	1.940405e+03
4.650000e-06	7.189681e-09	1.506694e-08	3.819028e+01	1.933777e+03
4.660000e-06	7.119208e-09	1.501287e-08	3.781594e+01	1.926994e+03
4.670000e-06	7.048191e-09	1.495790e-08	3.743871e+01	1.920027e+03
4.680000e-06	6.976651e-09	1.490129e-08	3.705871e+01	1.912852e+03
4.690000e-06	6.904625e-09	1.484348e-08	3.667612e+01	1.905451e+03
4.700000e-06	6.832080e-09	1.478498e-08	3.629078e+01	1.897818e+03
4.710000e-06	6.758972e-09	1.472621e-08	3.590244e+01	1.889956e+03
4.720000e-06	6.685305e-09	1.466641e-08	3.551114e+01	1.881877e+03
4.730000e-06	6.611092e-09	1.460498e-08	3.511693e+01	1.873600e+03
4.740000e-06	6.536354e-09	1.454131e-08	3.471993e+01	1.865151e+03
4.750000e-06	6.461120e-09	1.447565e-08	3.432031e+01	1.856558e+03
4.760000e-06	6.385414e-09	1.441000e-08	3.391817e+01	1.847847e+03
4.770000e-06	6.309249e-09	1.434455e-08	3.351360e+01	1.839041e+03
4.780000e-06	6.232642e-09	1.427684e-08	3.310668e+01	1.830152e+03
4.790000e-06	6.155619e-09	1.420664e-08	3.269755e+01	1.821187e+03
4.800000e-06	6.078166e-09	1.413509e-08	3.228613e+01	1.812138e+03
4.810000e-06	6.000274e-09	1.406226e-08	3.187239e+01	1.802989e+03
4.820000e-06	5.921979e-09	1.398744e-08	3.145649e+01	1.793716e+03
4.830000e-06	5.843302e-09	1.391061e-08	3.103858e+01	1.784285e+03
4.840000e-06	5.764236e-09	1.383325e-08	3.061860e+01	1.774661e+03
4.850000e-06	5.684729e-09	1.375486e-08	3.019627e+01	1.764808e+03
4.860000e-06	5.604740e-09	1.367399e-08	2.977138e+01	1.754696e+03
4.870000e-06	5.524269e-09	1.359123e-08	2.934394e+01	1.744300e+03
4.880000e-06	5.443329e-09	1.350782e-08	2.891400e+01	1.733605e+03
4.890000e-06	5.361966e-09	1.342389e-08	2.848182e+01	1.722608e+03
4.900000e-06	5.280222e-09	1.333876e-08	2.804760e+01	1.711314e+03
4.910000e-06	5.198096e-09	1.325156e-08	2.761137e+01	1.699740e+03
4.920000e-06	5.115597e-09	1.316190e-08	2.717315e+01	1.687910e+03
4.930000e-06	5.032734e-09	1.307080e-08	2.673300e+01	1.675852e+03
4.940000e-06	4.949531e-09	1.297783e-08	2.629104e+01	1.663592e+03
4.950000e-06	4.865989e-09	1.288174e-08	2.584728e+01	1.651153e+03
4.960000e-06	4.782093e-09	1.278363e-08	2.540164e+01	1.638550e+03
4.970000e-06	4.697843e-09	1.268440e-08	2.495412e+01	1.625787e+03
4.980000e-06	4.613251e-09	1.258311e-08	2.450479e+01	1.612855e+03
4.990000e-06	4.528330e-09	1.247920e-08	2.405370e+01	1.599733e+03
5.000000e-06	4.443063e-09	1.237258e-08	2.360078e+01	1.586387e+03
5.010000e-06	4.357440e-09	1.226341e-08	2.314597e+01	1.572775e+03
5.020000e-06	4.271462e-09	1.215199e-08	2.268927e+01	1.558848e+03
5.030000e-06	4.185156e-09	1.203874e-08	2.223083e+01	1.544556e+03
5.040000e-06	4.098577e-09	1.192393e-08	2.177093e+01	1.529853e+03
5.050000e-06	4.011736e-09	1.180691e-08	2.130966e+01	1.514700e+03
5.060000e-06	3.924616e-09	1.168691e-08	2.084689e+01	1.499068e+03
5.070000e-06	3.837206e-09	1.156406e-08	2.038258e+01	1.482943e+03
5.080000e-06	3.749525e-09	1.143800e-08	1.991684e+01	1.466323e+03
5.090000e-06	3.661606e-09	1.130814e-08	1.944983e+01	1.449221e+03
5.100000e-06	3.573454e-09	1.117453e-08	1.898158e+01	1.431657e+03
5.110000e-06	3.485073e-09	1.103646e-08	1.851212e+01	1.413659e+03
5.120000e-06	3.396453e-09	1.089487e-08	1.804139e+01	1.395256e+03
5.130000e-06	3.307569e-09	1.075082e-08	1.756926e+01	1.376472e+03
5.140000e-06	3.218410e-09	1.060323e-08	1.709566e+01	1.357320e+03
5.150000e-06	3.128980e-09	1.045127e-08	1.662062e+01	1.337802e+03
5.160000e-06	3.039295e-09	1.029527e-08	1.614423e+01	1.317897e+03
5.170000e-06	2.949385e-09	1.013523e-08	1.566665e+01	1.297570e+03
5.180000e-06	2.859279e-09	9.970199e-09	1.518802e+01	1.276765e+03
5.190000e-06	2.768996e-09	9.800614e-09	1.470845e+01	1.255410e+03
5.200000e-06	2.678535e-09	9.626470e-09	1.422795e+01	1.233425e+03
5.210000e-06	2.587887e-09	9.447612e-09	1.374644e+01	1.210721e+03
5.220000e-06	2.497053e-09	9.265013e-09	1.326395e+01	1.187214e+03
5.230000e-06	2.406055e-09	9.076845e-09	1.278058e+01	1.162823e+03
5.240000e-06	2.314905e-09	8.881083e-09	1.229641e+01	1.137485e+03
5.250000e-06	2.223606e-09	8.678630e-09	1.181144e+01	1.111153e+03
5.260000e-06	2.132155e-09	8.469742e-09	1.132567e+01	1.083799e+03
5.270000e-06	2.040542e-09	8.253715e-09	1.083904e+01	1.055413e+03
5.280000e-06	1.948761e-09	8.030012e-09	1.035152e+01	1.026001e+03
5.290000e-06	1.856824e-09	7.798143e-09	9.863171e+00	9.955778e+02
5.300000e-06	1.764740e-09	7.558808e-09	9.374040e+00	9.641586e+02
5.310000e-06	1.672515e-09	7.311803e-09	8.884156e+00	9.317492e+02
5.320000e-06	1.580179e-09	7.055730e-09	8.393683e+00	8.983363e+02
5.330000e-06	1.487773e-09	6.789271e-09	7.902840e+00	8.638782e+02
5.340000e-06	1.395313e-09	6.511457e-09	7.411710e+00	8.282968e+02
5.350000e-06	1.302791e-09	6.221976e-09	6.920252e+00	7.914736e+02
5.360000e-06	1.210193e-09	5.921088e-09	6.428386e+00	7.532487e+02
5.370000e-06	1.117502e-09	5.608186e-09	5.936030e+00	7.134242e+02
5.380000e-06	1.024718e-09	5.281556e-09	5.443180e+00	6.717725e+02
5.390000e-06	9.318553e-10	4.939833e-09	4.949912e+00	6.280488e+02
5.400000e-06	8.389179e-10	4.582077e-09	4.456245e+00	5.820073e+02
5.410000e-06	7.459012e-10	4.207819e-09	3.962158e+00	5.334203e+02
5.420000e-06	6.528149e-10	3.815521e-09	3.467701e+00	4.820980e+02
5.430000e-06	5.596776e-10	3.403152e-09	2.972974e+00	4.279091e+02
5.440000e-06	4.664975e-10	2.969900e-09	2.478018e+00	3.707991e+02
5.450000e-06	3.732878e-10	2.515894e-09	1.982905e+00	3.108051e+02
5.460000e-06	2.800700e-10	2.041173e-09	1.487750e+00	2.480662e+02
5.470000e-06	1.868669e-10	1.545511e-09	9.926724e-01	1.828277e+02
5.480000e-06	9.369327e-11	1.029638e-09	4.977511e-01	1.154393e+02
5.490000e-06	5.374415e-13	4.947254e-10	2.924537e-03	4.634608e+01
5.500000e-06	-9.261111e-11	-5.630130e-11	-4.918633e-01	-2.392628e+01
5.510000e-06	-1.857529e-10	-6.172519e-10	-9.866150e-01	-9.479205e+01
5.520000e-06	-2.788976e-10	-1.180784e-09	-1.481383e+00	-1.656301e+02
5.530000e-06	-3.720437e-10	-1.739581e-09	-1.976157e+00	-2.358108e+02
5.540000e-06	-4.651782e-10	-2.286386e-09	-2.470870e+00	-3.047244e+02
5.550000e-06	-5.583000e-10	-2.815031e-09	-2.965516e+00	-3.718072e+02
5.560000e-06	-6.513955e-10	-3.320938e-09	-3.460022e+00	-4.365657e+02
5.570000e-06	-7.444452e-10	-3.801266e-09	-3.954284e+00	-4.985956e+02
5.580000e-06	-8.374336e-10	-4.255357e-09	-4.448222e+00	-5.575954e+02
5.590000e-06	-9.303509e-10	-4.685046e-09	-4.941781e+00	-6.133738e+02
5.600000e-06	-1.023198e-09	-5.091003e-09	-5.434970e+00	-6.658495e+02
5.610000e-06	-1.115934e-09	-5.472214e-09	-5.927563e+00	-7.150452e+02
5.620000e-06	-1.208544e-09	-5.830282e-09	-6.419488e+00	-7.610760e+02
5.630000e-06	-1.301046e-09	-6.168068e-09	-6.910844e+00	-8.041329e+02
5.640000e-06	-1.393436e-09	-6.486668e-09	-7.401600e+00	-8.444630e+02
5.650000e-06	-1.485732e-09	-6.787075e-09	-7.891864e+00	-8.823483e+02
5.660000e-06	-1.577939e-09	-7.071612e-09	-8.381650e+00	-9.180849e+02
5.670000e-06	-1.670042e-09	-7.343022e-09	-8.870881e+00	-9.519635e+02
5.680000e-06	-1.762046e-09	-7.602919e-09	-9.359593e+00	-9.842527e+02
5.690000e-06	-1.853939e-09	-7.852231e-09	-9.847706e+00	-1.015186e+03
5.700000e-06	-1.945695e-09	-8.090868e-09	-1.033510e+01	-1.044955e+03
5.710000e-06	-2.037308e-09	-8.317830e-09	-1.082173e+01	-1.073705e+03
5.720000e-06	-2.128790e-09	-8.534650e-09	-1.130767e+01	-1.101534e+03
5.730000e-06	-2.220126e-09	-8.743062e-09	-1.179282e+01	-1.128500e+03
5.740000e-06	-2.311283e-09	-8.942787e-09	-1.227703e+01	-1.154630e+03
5.750000e-06	-2.402267e-09	-9.134544e-09	-1.276032e+01	-1.179925e+03
5.760000e-06	-2.493056e-09	-9.320293e-09	-1.324258e+01	-1.204375e+03
5.770000e-06	-2.583626e-09	-9.501625e-09	-1.372367e+01	-1.227964e+03
5.780000e-06	-2.673990e-09	-9.679124e-09	-1.420367e+01	-1.250684e+03
5.790000e-06	-2.764167e-09	-9.851512e-09	-1.468267e+01	-1.272539e+03
5.800000e-06	-2.854161e-09	-1.001674e-08	-1.516070e+01	-1.293549e+03
5.810000e-06	-2.943970e-09	-1.017455e-08	-1.563775e+01	-1.313751e+03
5.820000e-06	-3.033584e-09	-1.032709e-08	-1.611376e+01	-1.333202e+03
5.830000e-06	-3.122991e-09	-1.047656e-08	-1.658868e+01	-1.351970e+03
5.840000e-06	-3.212171e-09	-1.062312e-08	-1.706238e+01	-1.370131e+03
5.850000e-06	-3.301098e-09	-1.076582e-08	-1.753474e+01	-1.387765e+03
5.860000e-06	-3.389764e-09	-1.090450e-08	-1.800572e+01	-1.404949e+03
5.870000e-06	-3.478165e-09	-1.103955e-08	-1.847529e+01	-1.421751e+03
5.880000e-06	-3.566301e-09	-1.117070e-08	-1.894346e+01	-1.438223e+03
5.890000e-06	-3.654166e-09	-1.129750e-08	-1.941018e+01	-1.454404e+03
5.900000e-06	-3.741742e-09	-1.142032e-08	-1.987537e+01	-1.470313e+03
5.910000e-06	-3.829032e-09	-1.154002e-08	-2.033903e+01	-1.485954e+03
5.920000e-06	-3.916034e-09	-1.165744e-08	-2.080117e+01	-1.501317e+03
5.930000e-06	-4.002759e-09	-1.177325e-08	-2.126184e+01	-1.516380e+03
5.940000e-06	-4.089223e-09	-1.188757e-08	-2.172112e+01	-1.531116e+03
5.950000e-06	-4.175413e-09	-1.199965e-08	-2.217895e+01	-1.545499e+03
5.960000e-06	-4.261310e-09	-1.210897e-08	-2.263521e+01	-1.559504e+03
5.970000e-06	-4.346895e-09	-1.221602e-08	-2.308982e+01	-1.573115e+03
5.980000e-06	-4.432160e-09	-1.232091e-08	-2.354274e+01	-1.586327e+03
5.990000e-06	-4.517108e-09	-1.242281e-08	-2.399396e+01	-1.599148e+03
6.000000e-06	-4.601718e-09	-1.252075e-08	-2.444340e+01	-1.611594e+03
6.010000e-06	-4.685964e-09	-1.261522e-08	-2.489090e+01	-1.623697e+03
6.020000e-06	-4.769839e-09	-1.270777e-08	-2.533642e+01	-1.635492e+03
6.030000e-06	-4.853345e-09	-1.279949e-08	-2.577999e+01	-1.647022e+03
6.040000e-06	-4.936482e-09	-1.289031e-08	-2.622160e+01	-1.658329e+03
6.050000e-06	-5.019238e-09	-1.297936e-08	-2.666119e+01	-1.669452e+03
6.060000e-06	-5.101617e-09	-1.306692e-08	-2.709877e+01	-1.680425e+03
6.070000e-06	-5.183632e-09	-1.315332e-08	-2.753442e+01	-1.691271e+03
6.080000e-06	-5.265289e-09	-1.323842e-08	-2.796816e+01	-1.702005e+03
6.090000e-06	-5.346582e-09	-1.332192e-08	-2.839997e+01	-1.712629e+03
6.100000e-06	-5.427474e-09	-1.340360e-08	-2.882966e+01	-1.723137e+03
6.110000e-06	-5.507945e-09	-1.348338e-08	-2.925710e+01	-1.733513e+03
6.120000e-06	-5.587990e-09	-1.356192e-08	-2.968229e+01	-1.743738e+03
6.130000e-06	-5.667593e-09	-1.363993e-08	-3.010512e+01	-1.753786e+03
6.140000e-06	-5.746752e-09	-1.371739e-08	-3.052560e+01	-1.763637e+03
6.150000e-06	-5.825487e-09	-1.379390e-08	-3.094383e+01	-1.773270e+03
6.160000e-06	-5.903801e-09	-1.386831e-08	-3.135982e+01	-1.782670e+03
6.170000e-06	-5.981684e-09	-1.394026e-08	-3.177352e+01	-1.791830e+03
6.180000e-06	-6.059122e-09	-1.401048e-08	-3.218486e+01	-1.800751e+03
6.190000e-06	-6.136121e-09	-1.407925e-08	-3.259386e+01	-1.809439e+03
6.200000e-06	-6.212690e-09	-1.414627e-08	-3.300058e+01	-1.817908e+03
6.210000e-06	-6.288828e-09	-1.421172e-08	-3.340501e+01	-1.826176e+03
6.220000e-06	-6.364527e-09	-1.427612e-08	-3.380711e+01	-1.834262e+03
6.230000e-06	-6.439784e-09	-1.433910e-08	-3.420686e+01	-1.842186e+03
6.240000e-06	-6.514580e-09	-1.440072e-08	-3.460416e+01	-1.849967e+03
6.250000e-06	-6.588887e-09	-1.446098e-08	-3.499887e+01	-1.857618e+03
6.260000e-06	-6.662683e-09	-1.451899e-08	-3.539086e+01	-1.865149e+03
6.270000e-06	-6.735947e-09	-1.457556e-08	-3.578002e+01	-1.872564e+03
6.280000e-06	-6.808667e-09	-1.463198e-08	-3.616630e+01	-1.879862e+03
6.290000e-06	-6.880827e-09	-1.468752e-08	-3.654960e+01	-1.887039e+03
6.300000e-06	-6.952394e-09	-1.474167e-08	-3.692975e+01	-1.894086e+03
6.310000e-06	-7.023376e-09	-1.479526e-08	-3.730680e+01	-1.900997e+03
6.320000e-06	-7.093805e-09	-1.484812e-08	-3.768090e+01	-1.907763e+03
6.330000e-06	-7.163712e-09	-1.489968e-08	-3.805223e+01	-1.914380e+03
6.340000e-06	-7.233122e-09	-1.495003e-08	-3.842093e+01	-1.920847e+03
6.350000e-06	-7.302037e-09	-1.499918e-08	-3.878699e+01	-1.927167e+03
6.360000e-06	-7.370478e-09	-1.504761e-08	-3.915054e+01	-1.933350e+03
6.370000e-06	-7.438459e-09	-1.509564e-08	-3.951164e+01	-1.939406e+03
6.380000e-06	-7.505939e-09	-1.514327e-08	-3.987008e+01	-1.945353e+03
6.390000e-06	-7.572885e-09	-1.519136e-08	-4.022568e+01	-1.951208e+03
6.400000e-06	-7.639276e-09	-1.523927e-08	-4.057835e+01	-1.956987e+03
6.410000e-06	-7.705092e-09	-1.528581e-08	-4.092794e+01	-1.962707e+03
6.420000e-06	-7.770310e-09	-1.533149e-08	-4.127437e+01	-1.968379e+03
6.430000e-06	-7.834925e-09	-1.537660e-08	-4.161759e+01	-1.974012e+03
6.440000e-06	-7.898937e-09	-1.542087e-08	-4.195761e+01	-1.979607e+03
6.450000e-06	-7.962351e-09	-1.546412e-08	-4.229446e+01	-1.985161e+03
6.460000e-06	-8.025180e-09	-1.550677e-08	-4.262820e+01	-1.990666e+03
6.470000e-06	-8.087425e-09	-1.554923e-08	-4.295883e+01	-1.996109e+03
6.480000e-06	-8.149098e-09	-1.559096e-08	-4.328643e+01	-2.001474e+03
6.490000e-06	-8.210196e-09	-1.563143e-08	-4.361097e+01	-2.006746e+03
6.500000e-06	-8.270686e-09	-1.567083e-08	-4.393228e+01	-2.011909e+03
6.510000e-06	-8.330578e-09	-1.570931e-08	-4.425041e+01	-2.016948e+03
6.520000e-06	-8.389878e-09	-1.574690e-08	-4.456540e+01	-2.021855e+03
6.530000e-06	-8.448574e-09	-1.578376e-08	-4.487719e+01	-2.026623e+03
6.540000e-06	-8.506655e-09	-1.582003e-08	-4.518570e+01	-2.031252e+03
6.550000e-06	-8.564086e-09	-1.585574e-08	-4.549076e+01	-2.035745e+03
6.560000e-06	-8.620845e-09	-1.589090e-08	-4.579226e+01	-2.040112e+03
6.570000e-06	-8.676931e-09	-1.592572e-08	-4.609018e+01	-2.044363e+03
6.580000e-06	-8.732348e-09	-1.595964e-08	-4.638454e+01	-2.048510e+03
6.590000e-06	-8.787126e-09	-1.599187e-08	-4.667551e+01	-2.052568e+03
6.600000e-06	-8.841275e-09	-1.602266e-08	-4.696314e+01	-2.056546e+03
6.610000e-06	-8.894789e-09	-1.605290e-08	-4.724740e+01	-2.060455e+03
6.620000e-06	-8.947672e-09	-1.608323e-08	-4.752830e+01	-2.064301e+03
6.630000e-06	-8.999937e-09	-1.611322e-08	-4.780593e+01	-2.068085e+03
6.640000e-06	-9.051588e-09	-1.614247e-08	-4.808029e+01	-2.071808e+03
6.650000e-06	-9.102592e-09	-1.617102e-08	-4.835121e+01	-2.075464e+03
6.660000e-06	-9.152930e-09	-1.619854e-08	-4.861860e+01	-2.079049e+03
6.670000e-06	-9.202604e-09	-1.622511e-08	-4.888246e+01	-2.082554e+03
6.680000e-06	-9.251602e-09	-1.625127e-08	-4.914273e+01	-2.085973e+03
6.690000e-06	-9.299903e-09	-1.627690e-08	-4.939929e+01	-2.089301e+03
6.700000e-06	-9.347472e-09	-1.630233e-08	-4.965197e+01	-2.092536e+03
6.710000e-06	-9.394274e-09	-1.632815e-08	-4.990057e+01	-2.095677e+03
6.720000e-06	-9.440303e-09	-1.635405e-08	-5.014507e+01	-2.098729e+03
6.730000e-06	-9.485559e-09	-1.637935e-08	-5.038547e+01	-2.101698e+03
6.740000e-06	-9.530073e-09	-1.640334e-08	-5.062191e+01	-2.104594e+03
6.750000e-06	-9.573902e-09	-1.642596e-08	-5.085473e+01	-2.107427e+03
6.760000e-06	-9.617099e-09	-1.644830e-08	-5.108418e+01	-2.110210e+03
6.770000e-06	-9.659678e-09	-1.647085e-08	-5.131035e+01	-2.112954e+03
6.780000e-06	-9.701582e-09	-1.649347e-08	-5.153294e+01	-2.115668e+03
6.790000e-06	-9.742740e-09	-1.651668e-08	-5.175156e+01	-2.118359e+03
6.800000e-06	-9.783136e-09	-1.653983e-08	-5.196614e+01	-2.121031e+03
6.810000e-06	-9.822816e-09	-1.656156e-08	-5.217691e+01	-2.123682e+03
6.820000e-06	-9.861820e-09	-1.658237e-08	-5.238410e+01	-2.126312e+03
6.830000e-06	-9.900135e-09	-1.660304e-08	-5.258762e+01	-2.128912e+03
6.840000e-06	-9.937721e-09	-1.662364e-08	-5.278727e+01	-2.131475e+03
6.850000e-06	-9.974584e-09	-1.664406e-08	-5.298308e+01	-2.133993e+03
6.860000e-06	-1.001076e-08	-1.666428e-08	-5.317522e+01	-2.136456e+03
6.870000e-06	-1.004624e-08	-1.668405e-08	-5.336369e+01	-2.138857e+03
6.880000e-06	-1.008098e-08	-1.670337e-08	-5.354823e+01	-2.141191e+03
6.890000e-06	-1.011497e-08	-1.672209e-08	-5.372881e+01	-2.143456e+03
6.900000e-06	-1.014828e-08	-1.673997e-08	-5.390570e+01	-2.145652e+03
6.910000e-06	-1.018091e-08	-1.675731e-08	-5.407906e+01	-2.147783e+03
6.920000e-06	-1.021282e-08	-1.677498e-08	-5.424856e+01	-2.149855e+03
6.930000e-06	-1.024391e-08	-1.679281e-08	-5.441366e+01	-2.151876e+03
6.940000e-06	-1.027415e-08	-1.680971e-08	-5.457434e+01	-2.153853e+03
6.950000e-06	-1.030364e-08	-1.682609e-08	-5.473094e+01	-2.155796e+03
6.960000e-06	-1.033238e-08	-1.684190e-08	-5.488364e+01	-2.157711e+03
6.970000e-06	-1.036036e-08	-1.685667e-08	-5.503223e+01	-2.159601e+03
6.980000e-06	-1.038754e-08	-1.687071e-08	-5.517664e+01	-2.161470e+03
6.990000e-06	-1.041400e-08	-1.688526e-08	-5.531720e+01	-2.163316e+03
7.000000e-06	-1.043978e-08	-1.690047e-08	-5.545413e+01	-2.165135e+03
7.010000e-06	-1.046482e-08	-1.691525e-08	-5.558715e+01	-2.166921e+03
7.020000e-06	-1.048908e-08	-1.692937e-08	-5.571597e+01	-2.168667e+03
7.030000e-06	-1.051258e-08	-1.694260e-08	-5.584080e+01	-2.170364e+03
7.040000e-06	-1.053538e-08	-1.695450e-08	-5.596191e+01	-2.172004e+03
7.050000e-06	-1.055742e-08	-1.696572e-08	-5.607901e+01	-2.173581e+03
7.060000e-06	-1.057859e-08	-1.697696e-08	-5.619144e+01	-2.175090e+03
7.070000e-06	-1.059884e-08	-1.698849e-08	-5.629901e+01	-2.176529e+03
7.080000e-06	-1.061817e-08	-1.700032e-08	-5.640170e+01	-2.177898e+03
7.090000e-06	-1.063666e-08	-1.701181e-08	-5.649990e+01	-2.179201e+03
7.100000e-06	-1.065446e-08	-1.702278e-08	-5.659447e+01	-2.180441e+03
7.110000e-06	-1.067161e-08	-1.703316e-08	-5.668554e+01	-2.181626e+03
7.120000e-06	-1.068806e-08	-1.704191e-08	-5.677295e+01	-2.182761e+03
7.130000e-06	-1.070379e-08	-1.704922e-08	-5.685650e+01	-2.183853e+03
7.140000e-06	-1.071872e-08	-1.705654e-08	-5.693580e+01	-2.184907e+03
7.150000e-06	-1.073286e-08	-1.706381e-08	-5.701092e+01	-2.185924e+03
7.160000e-06	-1.074628e-08	-1.707097e-08	-5.708222e+01	-2.186907e+03
7.170000e-06	-1.075897e-08	-1.707842e-08	-5.714959e+01	-2.187852e+03
7.180000e-06	-1.077083e-08	-1.708565e-08	-5.721258e+01	-2.188757e+03
7.190000e-06	-1.078188e-08	-1.709171e-08	-5.727130e+01	-2.189614e+03
7.200000e-06	-1.079219e-08	-1.709697e-08	-5.732605e+01	-2.190419e+03
7.210000e-06	-1.080173e-08	-1.710176e-08	-5.737676e+01	-2.191163e+03
7.220000e-06	-1.081046e-08	-1.710574e-08	-5.742311e+01	-2.191843e+03
7.230000e-06	-1.081837e-08	-1.710944e-08	-5.746511e+01	-2.192452e+03
7.240000e-06	-1.082553e-08	-1.711368e-08	-5.750318e+01	-2.192991e+03
7.250000e-06	-1.083196e-08	-1.711826e-08	-5.753730e+01	-2.193458e+03
7.260000e-06	-1.083751e-08	-1.712214e-08	-5.756682e+01	-2.193857e+03
7.270000e-06	-1.084217e-08	-1.712519e-08	-5.759158e+01	-2.194191e+03
7.280000e-06	-1.084606e-08	-1.712762e-08	-5.761219e+01	-2.194465e+03
7.290000e-06	-1.084920e-08	-1.712875e-08	-5.762892e+01	-2.194686e+03
7.300000e-06	-1.085155e-08	-1.712911e-08	-5.764138e+01	-2.194859e+03
7.310000e-06	-1.085310e-08	-1.712946e-08	-5.764960e+01	-2.194987e+03
7.320000e-06	-1.085393e-08	-1.712972e-08	-5.765400e+01	-2.195072e+03
