# Concentracion g/m^3_=_53300.0
# C_Vs_to_Am_M_A/Vsm_=_128687336408.14134
# pendiente_HvsI_1/m_=_3716.3
# ordenada_HvsI_A/m_=_1297.0
# frecuencia_Hz_=_136134.27377512172
# Promedio de 27 ciclos

Tiempo_(s)	Campo_(V.s)	Magnetizacion_(V.s)	Campo_(kA/m)	Magnetizacion_(A/m)
0.000000e+00	-5.648931e-09	-1.615733e-08	-3.099849e+01	-2.074310e+03
1.000000e-08	-5.648946e-09	-1.615645e-08	-3.099857e+01	-2.074236e+03
2.000000e-08	-5.648606e-09	-1.615446e-08	-3.099670e+01	-2.074097e+03
3.000000e-08	-5.647777e-09	-1.615233e-08	-3.099216e+01	-2.073898e+03
4.000000e-08	-5.646463e-09	-1.615021e-08	-3.098495e+01	-2.073641e+03
5.000000e-08	-5.644800e-09	-1.614735e-08	-3.097582e+01	-2.073330e+03
6.000000e-08	-5.642802e-09	-1.614403e-08	-3.096485e+01	-2.072965e+03
7.000000e-08	-5.640395e-09	-1.614141e-08	-3.095164e+01	-2.072546e+03
8.000000e-08	-5.637494e-09	-1.613842e-08	-3.093572e+01	-2.072074e+03
9.000000e-08	-5.633919e-09	-1.612712e-08	-3.091611e+01	-2.071547e+03
1.000000e-07	-5.629643e-09	-1.611425e-08	-3.089264e+01	-2.070963e+03
1.100000e-07	-5.625088e-09	-1.612056e-08	-3.086765e+01	-2.070321e+03
1.200000e-07	-5.620483e-09	-1.612859e-08	-3.084238e+01	-2.069619e+03
1.300000e-07	-5.615452e-09	-1.610446e-08	-3.081477e+01	-2.068856e+03
1.400000e-07	-5.609800e-09	-1.609135e-08	-3.078376e+01	-2.068032e+03
1.500000e-07	-5.603748e-09	-1.611643e-08	-3.075055e+01	-2.067145e+03
1.600000e-07	-5.597334e-09	-1.610144e-08	-3.071535e+01	-2.066198e+03
1.700000e-07	-5.590385e-09	-1.605502e-08	-3.067721e+01	-2.065189e+03
1.800000e-07	-5.582931e-09	-1.605976e-08	-3.063631e+01	-2.064120e+03
1.900000e-07	-5.575151e-09	-1.607605e-08	-3.059361e+01	-2.062991e+03
2.000000e-07	-5.567121e-09	-1.604967e-08	-3.054955e+01	-2.061805e+03
2.100000e-07	-5.558763e-09	-1.602430e-08	-3.050369e+01	-2.060560e+03
2.200000e-07	-5.550002e-09	-1.602772e-08	-3.045561e+01	-2.059257e+03
2.300000e-07	-5.540856e-09	-1.602860e-08	-3.040542e+01	-2.057896e+03
2.400000e-07	-5.531327e-09	-1.600866e-08	-3.035313e+01	-2.056475e+03
2.500000e-07	-5.521331e-09	-1.598273e-08	-3.029828e+01	-2.054994e+03
2.600000e-07	-5.510820e-09	-1.597176e-08	-3.024060e+01	-2.053451e+03
2.700000e-07	-5.499879e-09	-1.596913e-08	-3.018056e+01	-2.051845e+03
2.800000e-07	-5.488593e-09	-1.595253e-08	-3.011863e+01	-2.050174e+03
2.900000e-07	-5.476949e-09	-1.593116e-08	-3.005473e+01	-2.048437e+03
3.000000e-07	-5.464940e-09	-1.592336e-08	-2.998883e+01	-2.046634e+03
3.100000e-07	-5.452585e-09	-1.591225e-08	-2.992103e+01	-2.044764e+03
3.200000e-07	-5.439874e-09	-1.588693e-08	-2.985128e+01	-2.042828e+03
3.300000e-07	-5.426804e-09	-1.586788e-08	-2.977956e+01	-2.040826e+03
3.400000e-07	-5.413351e-09	-1.585825e-08	-2.970573e+01	-2.038759e+03
3.500000e-07	-5.399448e-09	-1.583909e-08	-2.962944e+01	-2.036629e+03
3.600000e-07	-5.385092e-09	-1.581581e-08	-2.955067e+01	-2.034435e+03
3.700000e-07	-5.370349e-09	-1.580608e-08	-2.946976e+01	-2.032180e+03
3.800000e-07	-5.355221e-09	-1.579400e-08	-2.938675e+01	-2.029862e+03
3.900000e-07	-5.339684e-09	-1.576368e-08	-2.930149e+01	-2.027481e+03
4.000000e-07	-5.323774e-09	-1.573889e-08	-2.921418e+01	-2.025037e+03
4.100000e-07	-5.307533e-09	-1.572991e-08	-2.912506e+01	-2.022528e+03
4.200000e-07	-5.290884e-09	-1.570893e-08	-2.903370e+01	-2.019951e+03
4.300000e-07	-5.273756e-09	-1.567685e-08	-2.893971e+01	-2.017303e+03
4.400000e-07	-5.256212e-09	-1.566045e-08	-2.884344e+01	-2.014583e+03
4.500000e-07	-5.238327e-09	-1.564779e-08	-2.874529e+01	-2.011787e+03
4.600000e-07	-5.220071e-09	-1.561739e-08	-2.864511e+01	-2.008914e+03
4.700000e-07	-5.201417e-09	-1.558838e-08	-2.854275e+01	-2.005961e+03
4.800000e-07	-5.182415e-09	-1.557109e-08	-2.843847e+01	-2.002929e+03
4.900000e-07	-5.163064e-09	-1.554582e-08	-2.833228e+01	-1.999816e+03
5.000000e-07	-5.143230e-09	-1.551501e-08	-2.822345e+01	-1.996625e+03
5.100000e-07	-5.122858e-09	-1.549452e-08	-2.811166e+01	-1.993356e+03
5.200000e-07	-5.102018e-09	-1.547140e-08	-2.799730e+01	-1.990011e+03
5.300000e-07	-5.080766e-09	-1.543804e-08	-2.788067e+01	-1.986593e+03
5.400000e-07	-5.059132e-09	-1.541103e-08	-2.776196e+01	-1.983102e+03
5.500000e-07	-5.037141e-09	-1.538801e-08	-2.764128e+01	-1.979542e+03
5.600000e-07	-5.014842e-09	-1.535448e-08	-2.751892e+01	-1.975912e+03
5.700000e-07	-4.992252e-09	-1.532159e-08	-2.739495e+01	-1.972212e+03
5.800000e-07	-4.969272e-09	-1.529754e-08	-2.726885e+01	-1.968442e+03
5.900000e-07	-4.945819e-09	-1.526790e-08	-2.714015e+01	-1.964598e+03
6.000000e-07	-4.921966e-09	-1.523314e-08	-2.700926e+01	-1.960678e+03
6.100000e-07	-4.897808e-09	-1.520431e-08	-2.687669e+01	-1.956678e+03
6.200000e-07	-4.873328e-09	-1.517327e-08	-2.674236e+01	-1.952594e+03
6.300000e-07	-4.848487e-09	-1.513565e-08	-2.660604e+01	-1.948421e+03
6.400000e-07	-4.823314e-09	-1.510208e-08	-2.646790e+01	-1.944156e+03
6.500000e-07	-4.797836e-09	-1.506992e-08	-2.632810e+01	-1.939795e+03
6.600000e-07	-4.772031e-09	-1.503221e-08	-2.618649e+01	-1.935337e+03
6.700000e-07	-4.745816e-09	-1.499613e-08	-2.604264e+01	-1.930779e+03
6.800000e-07	-4.719157e-09	-1.496243e-08	-2.589634e+01	-1.926122e+03
6.900000e-07	-4.692139e-09	-1.492333e-08	-2.574808e+01	-1.921368e+03
7.000000e-07	-4.664848e-09	-1.488279e-08	-2.559833e+01	-1.916518e+03
7.100000e-07	-4.637285e-09	-1.484494e-08	-2.544707e+01	-1.911575e+03
7.200000e-07	-4.609412e-09	-1.480447e-08	-2.529412e+01	-1.906543e+03
7.300000e-07	-4.581219e-09	-1.476267e-08	-2.513941e+01	-1.901424e+03
7.400000e-07	-4.552734e-09	-1.472435e-08	-2.498310e+01	-1.896221e+03
7.500000e-07	-4.523967e-09	-1.468476e-08	-2.482524e+01	-1.890936e+03
7.600000e-07	-4.494850e-09	-1.464184e-08	-2.466546e+01	-1.885569e+03
7.700000e-07	-4.465290e-09	-1.459949e-08	-2.450325e+01	-1.880120e+03
7.800000e-07	-4.435282e-09	-1.455617e-08	-2.433858e+01	-1.874589e+03
7.900000e-07	-4.404910e-09	-1.450975e-08	-2.417191e+01	-1.868972e+03
8.000000e-07	-4.374222e-09	-1.446358e-08	-2.400351e+01	-1.863266e+03
8.100000e-07	-4.343201e-09	-1.441811e-08	-2.383328e+01	-1.857469e+03
8.200000e-07	-4.311798e-09	-1.437125e-08	-2.366096e+01	-1.851576e+03
8.300000e-07	-4.279974e-09	-1.432372e-08	-2.348633e+01	-1.845584e+03
8.400000e-07	-4.247748e-09	-1.427575e-08	-2.330949e+01	-1.839492e+03
8.500000e-07	-4.215214e-09	-1.422580e-08	-2.313095e+01	-1.833297e+03
8.600000e-07	-4.182441e-09	-1.417490e-08	-2.295112e+01	-1.826998e+03
8.700000e-07	-4.149426e-09	-1.412507e-08	-2.276995e+01	-1.820595e+03
8.800000e-07	-4.116155e-09	-1.407532e-08	-2.258737e+01	-1.814089e+03
8.900000e-07	-4.082650e-09	-1.402415e-08	-2.240351e+01	-1.807481e+03
9.000000e-07	-4.048923e-09	-1.397169e-08	-2.221843e+01	-1.800769e+03
9.100000e-07	-4.014939e-09	-1.391829e-08	-2.203195e+01	-1.793955e+03
9.200000e-07	-3.980678e-09	-1.386368e-08	-2.184394e+01	-1.787036e+03
9.300000e-07	-3.946131e-09	-1.380848e-08	-2.165436e+01	-1.780010e+03
9.400000e-07	-3.911306e-09	-1.375298e-08	-2.146326e+01	-1.772871e+03
9.500000e-07	-3.876239e-09	-1.369569e-08	-2.127083e+01	-1.765613e+03
9.600000e-07	-3.840938e-09	-1.363649e-08	-2.107712e+01	-1.758228e+03
9.700000e-07	-3.805358e-09	-1.357720e-08	-2.088187e+01	-1.750706e+03
9.800000e-07	-3.769437e-09	-1.351725e-08	-2.068476e+01	-1.743038e+03
9.900000e-07	-3.733164e-09	-1.345487e-08	-2.048571e+01	-1.735213e+03
1.000000e-06	-3.696594e-09	-1.339089e-08	-2.028503e+01	-1.727222e+03
1.010000e-06	-3.659790e-09	-1.332649e-08	-2.008306e+01	-1.719057e+03
1.020000e-06	-3.622764e-09	-1.326117e-08	-1.987989e+01	-1.710713e+03
1.030000e-06	-3.585493e-09	-1.319488e-08	-1.967536e+01	-1.702186e+03
1.040000e-06	-3.547942e-09	-1.312711e-08	-1.946930e+01	-1.693476e+03
1.050000e-06	-3.510122e-09	-1.305682e-08	-1.926176e+01	-1.684587e+03
1.060000e-06	-3.472069e-09	-1.298479e-08	-1.905295e+01	-1.675524e+03
1.070000e-06	-3.433794e-09	-1.291265e-08	-1.884292e+01	-1.666295e+03
1.080000e-06	-3.395285e-09	-1.284051e-08	-1.863160e+01	-1.656909e+03
1.090000e-06	-3.356501e-09	-1.276755e-08	-1.841877e+01	-1.647377e+03
1.100000e-06	-3.317397e-09	-1.269338e-08	-1.820418e+01	-1.637708e+03
1.110000e-06	-3.277968e-09	-1.261785e-08	-1.798782e+01	-1.627911e+03
1.120000e-06	-3.238266e-09	-1.254105e-08	-1.776995e+01	-1.617993e+03
1.130000e-06	-3.198356e-09	-1.246341e-08	-1.755095e+01	-1.607955e+03
1.140000e-06	-3.158279e-09	-1.238507e-08	-1.733102e+01	-1.597798e+03
1.150000e-06	-3.118025e-09	-1.230565e-08	-1.711013e+01	-1.587517e+03
1.160000e-06	-3.077553e-09	-1.222523e-08	-1.688804e+01	-1.577106e+03
1.170000e-06	-3.036838e-09	-1.214444e-08	-1.666462e+01	-1.566552e+03
1.180000e-06	-2.995889e-09	-1.206262e-08	-1.643991e+01	-1.555844e+03
1.190000e-06	-2.954720e-09	-1.197886e-08	-1.621399e+01	-1.544966e+03
1.200000e-06	-2.913346e-09	-1.189288e-08	-1.598695e+01	-1.533904e+03
1.210000e-06	-2.871795e-09	-1.180475e-08	-1.575894e+01	-1.522643e+03
1.220000e-06	-2.830068e-09	-1.171518e-08	-1.552997e+01	-1.511171e+03
1.230000e-06	-2.788132e-09	-1.162483e-08	-1.529985e+01	-1.499478e+03
1.240000e-06	-2.745952e-09	-1.153349e-08	-1.506838e+01	-1.487556e+03
1.250000e-06	-2.703509e-09	-1.143947e-08	-1.483548e+01	-1.475401e+03
1.260000e-06	-2.660811e-09	-1.134259e-08	-1.460117e+01	-1.463012e+03
1.270000e-06	-2.617890e-09	-1.124444e-08	-1.436564e+01	-1.450390e+03
1.280000e-06	-2.574793e-09	-1.114442e-08	-1.412915e+01	-1.437538e+03
1.290000e-06	-2.531546e-09	-1.104145e-08	-1.389183e+01	-1.424459e+03
1.300000e-06	-2.488155e-09	-1.093657e-08	-1.365372e+01	-1.411159e+03
1.310000e-06	-2.444605e-09	-1.083098e-08	-1.341474e+01	-1.397639e+03
1.320000e-06	-2.400876e-09	-1.072496e-08	-1.317478e+01	-1.383898e+03
1.330000e-06	-2.356969e-09	-1.061779e-08	-1.293384e+01	-1.369936e+03
1.340000e-06	-2.312895e-09	-1.050871e-08	-1.269198e+01	-1.355747e+03
1.350000e-06	-2.268670e-09	-1.039748e-08	-1.244930e+01	-1.341321e+03
1.360000e-06	-2.224300e-09	-1.028418e-08	-1.220582e+01	-1.326647e+03
1.370000e-06	-2.179784e-09	-1.016869e-08	-1.196153e+01	-1.311711e+03
1.380000e-06	-2.135135e-09	-1.005101e-08	-1.171652e+01	-1.296496e+03
1.390000e-06	-2.090363e-09	-9.930690e-09	-1.147084e+01	-1.280987e+03
1.400000e-06	-2.045466e-09	-9.807202e-09	-1.122446e+01	-1.265166e+03
1.410000e-06	-2.000431e-09	-9.680747e-09	-1.097734e+01	-1.249018e+03
1.420000e-06	-1.955243e-09	-9.551787e-09	-1.072937e+01	-1.232530e+03
1.430000e-06	-1.909866e-09	-9.420167e-09	-1.048036e+01	-1.215691e+03
1.440000e-06	-1.864274e-09	-9.285538e-09	-1.023017e+01	-1.198491e+03
1.450000e-06	-1.818474e-09	-9.148194e-09	-9.978848e+00	-1.180925e+03
1.460000e-06	-1.772473e-09	-9.008057e-09	-9.726416e+00	-1.162989e+03
1.470000e-06	-1.726291e-09	-8.865571e-09	-9.472996e+00	-1.144678e+03
1.480000e-06	-1.679973e-09	-8.721642e-09	-9.218822e+00	-1.125991e+03
1.490000e-06	-1.633540e-09	-8.575388e-09	-8.964024e+00	-1.106924e+03
1.500000e-06	-1.586993e-09	-8.425097e-09	-8.708597e+00	-1.087470e+03
1.510000e-06	-1.540346e-09	-8.270205e-09	-8.452622e+00	-1.067622e+03
1.520000e-06	-1.493613e-09	-8.111347e-09	-8.196175e+00	-1.047368e+03
1.530000e-06	-1.446778e-09	-7.949160e-09	-7.939168e+00	-1.026693e+03
1.540000e-06	-1.399838e-09	-7.783457e-09	-7.681584e+00	-1.005579e+03
1.550000e-06	-1.352797e-09	-7.614242e-09	-7.423448e+00	-9.840015e+02
1.560000e-06	-1.305656e-09	-7.442184e-09	-7.164758e+00	-9.619374e+02
1.570000e-06	-1.258423e-09	-7.267511e-09	-6.905567e+00	-9.393599e+02
1.580000e-06	-1.211107e-09	-7.089128e-09	-6.645924e+00	-9.162416e+02
1.590000e-06	-1.163702e-09	-6.904448e-09	-6.385789e+00	-8.925557e+02
1.600000e-06	-1.116201e-09	-6.712669e-09	-6.125124e+00	-8.682763e+02
1.610000e-06	-1.068620e-09	-6.515884e-09	-5.864023e+00	-8.433797e+02
1.620000e-06	-1.020972e-09	-6.314984e-09	-5.602560e+00	-8.178441e+02
1.630000e-06	-9.732638e-10	-6.109778e-09	-5.340758e+00	-7.916502e+02
1.640000e-06	-9.254959e-10	-5.900316e-09	-5.078632e+00	-7.647799e+02
1.650000e-06	-8.776720e-10	-5.686003e-09	-4.816198e+00	-7.372164e+02
1.660000e-06	-8.297983e-10	-5.465416e-09	-4.553491e+00	-7.089422e+02
1.670000e-06	-7.818845e-10	-5.238456e-09	-4.290565e+00	-6.799384e+02
1.680000e-06	-7.339356e-10	-5.006038e-09	-4.027445e+00	-6.501836e+02
1.690000e-06	-6.859439e-10	-4.767597e-09	-3.764091e+00	-6.196522e+02
1.700000e-06	-6.379062e-10	-4.522480e-09	-3.500484e+00	-5.883143e+02
1.710000e-06	-5.898287e-10	-4.271241e-09	-3.236659e+00	-5.561354e+02
1.720000e-06	-5.417152e-10	-4.013991e-09	-2.972636e+00	-5.230769e+02
1.730000e-06	-4.935615e-10	-3.749496e-09	-2.708393e+00	-4.890976e+02
1.740000e-06	-4.453669e-10	-3.476364e-09	-2.443925e+00	-4.541553e+02
1.750000e-06	-3.971259e-10	-3.193963e-09	-2.179203e+00	-4.182098e+02
1.760000e-06	-3.488397e-10	-2.903109e-09	-1.914233e+00	-3.812262e+02
1.770000e-06	-3.005308e-10	-2.605515e-09	-1.649138e+00	-3.431784e+02
1.780000e-06	-2.522165e-10	-2.301318e-09	-1.384013e+00	-3.040529e+02
1.790000e-06	-2.038954e-10	-1.988746e-09	-1.118851e+00	-2.638525e+02
1.800000e-06	-1.555697e-10	-1.666849e-09	-8.536641e-01	-2.225995e+02
1.810000e-06	-1.072479e-10	-1.337693e-09	-5.884986e-01	-1.803381e+02
1.820000e-06	-5.893213e-11	-1.003519e-09	-3.233660e-01	-1.371367e+02
1.830000e-06	-1.061342e-11	-6.630609e-10	-5.821725e-02	-9.308755e+01
1.840000e-06	3.772132e-11	-3.142291e-10	2.070194e-01	-4.830700e+01
1.850000e-06	8.606885e-11	4.113595e-11	4.723262e-01	-2.933207e+00
1.860000e-06	1.344117e-10	3.987454e-10	7.376074e-01	4.287668e+01
1.870000e-06	1.827489e-10	7.563268e-10	1.002858e+00	8.895052e+01
1.880000e-06	2.310758e-10	1.113804e-09	1.268051e+00	1.351060e+02
1.890000e-06	2.793817e-10	1.471436e-09	1.533129e+00	1.811558e+02
1.900000e-06	3.276634e-10	1.827874e-09	1.798075e+00	2.269137e+02
1.910000e-06	3.759153e-10	2.179903e-09	2.062857e+00	2.721995e+02
1.920000e-06	4.241389e-10	2.524819e-09	2.327484e+00	3.168444e+02
1.930000e-06	4.723229e-10	2.862458e-09	2.591893e+00	3.606959e+02
1.940000e-06	5.204607e-10	3.193573e-09	2.856049e+00	4.036208e+02
1.950000e-06	5.685616e-10	3.517053e-09	3.120003e+00	4.455082e+02
1.960000e-06	6.166252e-10	3.830760e-09	3.383752e+00	4.862711e+02
1.970000e-06	6.646497e-10	4.134172e-09	3.647286e+00	5.258463e+02
1.980000e-06	7.126343e-10	4.428310e-09	3.910601e+00	5.641942e+02
1.990000e-06	7.605758e-10	4.713903e-09	4.173680e+00	6.012970e+02
2.000000e-06	8.084700e-10	4.991061e-09	4.436500e+00	6.371562e+02
2.010000e-06	8.563184e-10	5.259238e-09	4.699067e+00	6.717896e+02
2.020000e-06	9.041170e-10	5.517228e-09	4.961362e+00	7.052283e+02
2.030000e-06	9.518574e-10	5.765502e-09	5.223337e+00	7.375136e+02
2.040000e-06	9.995360e-10	6.006197e-09	5.484973e+00	7.686928e+02
2.050000e-06	1.047140e-09	6.240120e-09	5.746200e+00	7.988177e+02
2.060000e-06	1.094667e-09	6.466255e-09	6.007004e+00	8.279408e+02
2.070000e-06	1.142114e-09	6.683578e-09	6.267371e+00	8.561142e+02
2.080000e-06	1.189475e-09	6.893451e-09	6.527263e+00	8.833878e+02
2.090000e-06	1.236750e-09	7.098331e-09	6.786683e+00	9.098086e+02
2.100000e-06	1.283937e-09	7.297894e-09	7.045624e+00	9.354201e+02
2.110000e-06	1.331038e-09	7.489962e-09	7.304092e+00	9.602623e+02
2.120000e-06	1.378047e-09	7.674270e-09	7.562049e+00	9.843722e+02
2.130000e-06	1.424957e-09	7.852821e-09	7.819467e+00	1.007784e+03
2.140000e-06	1.471772e-09	8.027286e-09	8.076365e+00	1.030529e+03
2.150000e-06	1.518486e-09	8.198071e-09	8.332707e+00	1.052637e+03
2.160000e-06	1.565087e-09	8.364707e-09	8.588432e+00	1.074138e+03
2.170000e-06	1.611570e-09	8.526652e-09	8.843507e+00	1.095059e+03
2.180000e-06	1.657923e-09	8.683658e-09	9.097872e+00	1.115426e+03
2.190000e-06	1.704132e-09	8.836133e-09	9.351440e+00	1.135266e+03
2.200000e-06	1.750174e-09	8.985282e-09	9.604097e+00	1.154604e+03
2.210000e-06	1.796030e-09	9.131096e-09	9.855732e+00	1.173464e+03
2.220000e-06	1.841692e-09	9.273249e-09	1.010630e+01	1.191867e+03
2.230000e-06	1.887153e-09	9.412707e-09	1.035577e+01	1.209835e+03
2.240000e-06	1.932422e-09	9.550014e-09	1.060418e+01	1.227388e+03
2.250000e-06	1.977533e-09	9.684164e-09	1.085173e+01	1.244542e+03
2.260000e-06	2.022505e-09	9.814590e-09	1.109851e+01	1.261314e+03
2.270000e-06	2.067355e-09	9.941969e-09	1.134463e+01	1.277718e+03
2.280000e-06	2.112083e-09	1.006620e-08	1.159007e+01	1.293766e+03
2.290000e-06	2.156675e-09	1.018688e-08	1.183477e+01	1.309471e+03
2.300000e-06	2.201126e-09	1.030446e-08	1.207869e+01	1.324843e+03
2.310000e-06	2.245433e-09	1.041902e-08	1.232183e+01	1.339891e+03
2.320000e-06	2.289588e-09	1.053114e-08	1.256413e+01	1.354627e+03
2.330000e-06	2.333586e-09	1.064224e-08	1.280557e+01	1.369059e+03
2.340000e-06	2.377414e-09	1.075209e-08	1.304607e+01	1.383198e+03
2.350000e-06	2.421071e-09	1.085988e-08	1.328564e+01	1.397052e+03
2.360000e-06	2.464569e-09	1.096572e-08	1.352433e+01	1.410631e+03
2.370000e-06	2.507925e-09	1.106944e-08	1.376225e+01	1.423945e+03
2.380000e-06	2.551151e-09	1.117135e-08	1.399946e+01	1.437003e+03
2.390000e-06	2.594237e-09	1.127207e-08	1.423589e+01	1.449815e+03
2.400000e-06	2.637147e-09	1.137075e-08	1.447135e+01	1.462389e+03
2.410000e-06	2.679830e-09	1.146626e-08	1.470558e+01	1.474734e+03
2.420000e-06	2.722248e-09	1.155907e-08	1.493835e+01	1.486858e+03
2.430000e-06	2.764397e-09	1.165070e-08	1.516964e+01	1.498768e+03
2.440000e-06	2.806291e-09	1.174096e-08	1.539953e+01	1.510473e+03
2.450000e-06	2.847969e-09	1.182928e-08	1.562824e+01	1.521979e+03
2.460000e-06	2.889462e-09	1.191567e-08	1.585593e+01	1.533293e+03
2.470000e-06	2.930765e-09	1.200045e-08	1.608258e+01	1.544423e+03
2.480000e-06	2.971859e-09	1.208432e-08	1.630809e+01	1.555374e+03
2.490000e-06	3.012736e-09	1.216719e-08	1.653240e+01	1.566153e+03
2.500000e-06	3.053394e-09	1.224847e-08	1.675551e+01	1.576767e+03
2.510000e-06	3.093829e-09	1.232798e-08	1.697739e+01	1.587220e+03
2.520000e-06	3.134060e-09	1.240629e-08	1.719816e+01	1.597518e+03
2.530000e-06	3.174117e-09	1.248368e-08	1.741797e+01	1.607665e+03
2.540000e-06	3.213989e-09	1.256035e-08	1.763677e+01	1.617664e+03
2.550000e-06	3.253625e-09	1.263658e-08	1.785427e+01	1.627516e+03
2.560000e-06	3.292966e-09	1.271158e-08	1.807016e+01	1.637221e+03
2.570000e-06	3.331988e-09	1.278478e-08	1.828429e+01	1.646779e+03
2.580000e-06	3.370698e-09	1.285667e-08	1.849671e+01	1.656186e+03
2.590000e-06	3.409141e-09	1.292755e-08	1.870767e+01	1.665438e+03
2.600000e-06	3.447342e-09	1.299731e-08	1.891729e+01	1.674532e+03
2.610000e-06	3.485297e-09	1.306600e-08	1.912557e+01	1.683462e+03
2.620000e-06	3.523014e-09	1.313398e-08	1.933255e+01	1.692223e+03
2.630000e-06	3.560494e-09	1.320136e-08	1.953822e+01	1.700810e+03
2.640000e-06	3.597742e-09	1.326782e-08	1.974261e+01	1.709222e+03
2.650000e-06	3.634778e-09	1.333264e-08	1.994585e+01	1.717455e+03
2.660000e-06	3.671617e-09	1.339514e-08	2.014800e+01	1.725511e+03
2.670000e-06	3.708237e-09	1.345535e-08	2.034895e+01	1.733392e+03
2.680000e-06	3.744565e-09	1.351424e-08	2.054831e+01	1.741103e+03
2.690000e-06	3.780533e-09	1.357230e-08	2.074568e+01	1.748651e+03
2.700000e-06	3.816142e-09	1.362946e-08	2.094108e+01	1.756045e+03
2.710000e-06	3.851457e-09	1.368586e-08	2.113487e+01	1.763295e+03
2.720000e-06	3.886524e-09	1.374180e-08	2.132730e+01	1.770411e+03
2.730000e-06	3.921335e-09	1.379692e-08	2.151833e+01	1.777406e+03
2.740000e-06	3.955875e-09	1.385040e-08	2.170787e+01	1.784289e+03
2.750000e-06	3.990139e-09	1.390216e-08	2.189589e+01	1.791070e+03
2.760000e-06	4.024133e-09	1.395279e-08	2.208243e+01	1.797758e+03
2.770000e-06	4.057888e-09	1.400282e-08	2.226766e+01	1.804359e+03
2.780000e-06	4.091426e-09	1.405296e-08	2.245170e+01	1.810878e+03
2.790000e-06	4.124714e-09	1.410360e-08	2.263437e+01	1.817318e+03
2.800000e-06	4.157692e-09	1.415386e-08	2.281533e+01	1.823678e+03
2.810000e-06	4.190349e-09	1.420290e-08	2.299454e+01	1.829959e+03
2.820000e-06	4.222722e-09	1.425083e-08	2.317219e+01	1.836158e+03
2.830000e-06	4.254803e-09	1.429781e-08	2.334823e+01	1.842274e+03
2.840000e-06	4.286542e-09	1.434369e-08	2.352240e+01	1.848302e+03
2.850000e-06	4.317930e-09	1.438855e-08	2.369464e+01	1.854241e+03
2.860000e-06	4.348991e-09	1.443288e-08	2.386508e+01	1.860088e+03
2.870000e-06	4.379739e-09	1.447749e-08	2.403382e+01	1.865843e+03
2.880000e-06	4.410176e-09	1.452249e-08	2.420084e+01	1.871505e+03
2.890000e-06	4.440264e-09	1.456681e-08	2.436594e+01	1.877075e+03
2.900000e-06	4.469928e-09	1.460951e-08	2.452873e+01	1.882552e+03
2.910000e-06	4.499159e-09	1.465070e-08	2.468913e+01	1.887939e+03
2.920000e-06	4.528047e-09	1.469117e-08	2.484766e+01	1.893237e+03
2.930000e-06	4.556652e-09	1.473167e-08	2.500463e+01	1.898447e+03
2.940000e-06	4.584956e-09	1.477193e-08	2.515994e+01	1.903569e+03
2.950000e-06	4.612932e-09	1.481098e-08	2.531346e+01	1.908602e+03
2.960000e-06	4.640578e-09	1.484912e-08	2.546517e+01	1.913545e+03
2.970000e-06	4.667934e-09	1.488684e-08	2.561528e+01	1.918395e+03
2.980000e-06	4.695015e-09	1.492378e-08	2.576389e+01	1.923149e+03
2.990000e-06	4.721745e-09	1.495999e-08	2.591057e+01	1.927802e+03
3.000000e-06	4.748027e-09	1.499577e-08	2.605479e+01	1.932351e+03
3.010000e-06	4.773886e-09	1.503104e-08	2.619670e+01	1.936791e+03
3.020000e-06	4.799430e-09	1.506533e-08	2.633687e+01	1.941120e+03
3.030000e-06	4.824681e-09	1.509806e-08	2.647543e+01	1.945336e+03
3.040000e-06	4.849612e-09	1.512943e-08	2.661224e+01	1.949437e+03
3.050000e-06	4.874221e-09	1.516012e-08	2.674728e+01	1.953424e+03
3.060000e-06	4.898527e-09	1.519057e-08	2.688066e+01	1.957302e+03
3.070000e-06	4.922555e-09	1.522083e-08	2.701251e+01	1.961074e+03
3.080000e-06	4.946277e-09	1.525006e-08	2.714269e+01	1.964747e+03
3.090000e-06	4.969573e-09	1.527807e-08	2.727053e+01	1.968327e+03
3.100000e-06	4.992392e-09	1.530512e-08	2.739574e+01	1.971822e+03
3.110000e-06	5.014828e-09	1.533056e-08	2.751886e+01	1.975240e+03
3.120000e-06	5.036944e-09	1.535441e-08	2.764022e+01	1.978589e+03
3.130000e-06	5.058721e-09	1.537830e-08	2.775972e+01	1.981876e+03
3.140000e-06	5.080138e-09	1.540250e-08	2.787725e+01	1.985104e+03
3.150000e-06	5.101178e-09	1.542627e-08	2.799270e+01	1.988279e+03
3.160000e-06	5.121798e-09	1.544982e-08	2.810586e+01	1.991403e+03
3.170000e-06	5.141929e-09	1.547310e-08	2.821633e+01	1.994476e+03
3.180000e-06	5.161564e-09	1.549569e-08	2.832407e+01	1.997497e+03
3.190000e-06	5.180797e-09	1.551751e-08	2.842961e+01	2.000466e+03
3.200000e-06	5.199690e-09	1.553828e-08	2.853329e+01	2.003379e+03
3.210000e-06	5.218243e-09	1.555800e-08	2.863510e+01	2.006235e+03
3.220000e-06	5.236454e-09	1.557774e-08	2.873503e+01	2.009031e+03
3.230000e-06	5.254334e-09	1.559776e-08	2.883315e+01	2.011765e+03
3.240000e-06	5.271910e-09	1.561723e-08	2.892960e+01	2.014438e+03
3.250000e-06	5.289142e-09	1.563582e-08	2.902416e+01	2.017049e+03
3.260000e-06	5.305902e-09	1.565395e-08	2.911613e+01	2.019599e+03
3.270000e-06	5.322180e-09	1.567189e-08	2.920545e+01	2.022091e+03
3.280000e-06	5.338079e-09	1.568936e-08	2.929270e+01	2.024528e+03
3.290000e-06	5.353626e-09	1.570620e-08	2.937801e+01	2.026912e+03
3.300000e-06	5.368807e-09	1.572274e-08	2.946132e+01	2.029248e+03
3.310000e-06	5.383630e-09	1.573934e-08	2.954266e+01	2.031538e+03
3.320000e-06	5.398125e-09	1.575578e-08	2.962220e+01	2.033783e+03
3.330000e-06	5.412298e-09	1.577209e-08	2.969997e+01	2.035986e+03
3.340000e-06	5.426046e-09	1.578840e-08	2.977542e+01	2.038145e+03
3.350000e-06	5.439298e-09	1.580442e-08	2.984813e+01	2.040260e+03
3.360000e-06	5.452129e-09	1.581934e-08	2.991854e+01	2.042328e+03
3.370000e-06	5.464617e-09	1.583319e-08	2.998707e+01	2.044346e+03
3.380000e-06	5.476752e-09	1.584690e-08	3.005366e+01	2.046312e+03
3.390000e-06	5.488518e-09	1.586054e-08	3.011823e+01	2.048220e+03
3.400000e-06	5.499930e-09	1.587405e-08	3.018085e+01	2.050069e+03
3.410000e-06	5.511008e-09	1.588804e-08	3.024164e+01	2.051855e+03
3.420000e-06	5.521673e-09	1.590235e-08	3.030016e+01	2.053576e+03
3.430000e-06	5.531817e-09	1.591580e-08	3.035583e+01	2.055232e+03
3.440000e-06	5.541479e-09	1.592803e-08	3.040885e+01	2.056824e+03
3.450000e-06	5.550748e-09	1.593926e-08	3.045972e+01	2.058352e+03
3.460000e-06	5.559640e-09	1.595002e-08	3.050851e+01	2.059820e+03
3.470000e-06	5.568161e-09	1.596086e-08	3.055527e+01	2.061230e+03
3.480000e-06	5.576349e-09	1.597137e-08	3.060020e+01	2.062584e+03
3.490000e-06	5.584235e-09	1.598147e-08	3.064347e+01	2.063885e+03
3.500000e-06	5.591772e-09	1.599226e-08	3.068483e+01	2.065136e+03
3.510000e-06	5.598905e-09	1.600306e-08	3.072398e+01	2.066337e+03
3.520000e-06	5.605629e-09	1.601252e-08	3.076087e+01	2.067487e+03
3.530000e-06	5.611907e-09	1.602054e-08	3.079532e+01	2.068585e+03
3.540000e-06	5.617718e-09	1.602771e-08	3.082721e+01	2.069628e+03
3.550000e-06	5.623086e-09	1.603496e-08	3.085666e+01	2.070612e+03
3.560000e-06	5.628041e-09	1.604257e-08	3.088386e+01	2.071531e+03
3.570000e-06	5.632555e-09	1.605004e-08	3.090863e+01	2.072381e+03
3.580000e-06	5.636546e-09	1.605673e-08	3.093053e+01	2.073155e+03
3.590000e-06	5.640033e-09	1.606310e-08	3.094966e+01	2.073850e+03
3.600000e-06	5.643136e-09	1.606958e-08	3.096669e+01	2.074460e+03
3.610000e-06	5.645878e-09	1.607506e-08	3.098174e+01	2.074983e+03
3.620000e-06	5.648227e-09	1.607854e-08	3.099463e+01	2.075418e+03
3.630000e-06	5.650197e-09	1.608081e-08	3.100544e+01	2.075764e+03
3.640000e-06	5.651834e-09	1.608217e-08	3.101442e+01	2.076022e+03
3.650000e-06	5.653110e-09	1.608356e-08	3.102142e+01	2.076197e+03
3.660000e-06	5.653903e-09	1.608633e-08	3.102577e+01	2.076291e+03
3.670000e-06	5.654199e-09	1.608875e-08	3.102740e+01	2.076310e+03
3.680000e-06	5.654102e-09	1.608967e-08	3.102686e+01	2.076257e+03
3.690000e-06	5.653645e-09	1.608973e-08	3.102435e+01	2.076139e+03
3.700000e-06	5.652806e-09	1.608847e-08	3.101975e+01	2.075959e+03
3.710000e-06	5.651596e-09	1.608606e-08	3.101311e+01	2.075720e+03
3.720000e-06	5.650062e-09	1.608335e-08	3.100470e+01	2.075427e+03
3.730000e-06	5.648196e-09	1.607984e-08	3.099445e+01	2.075079e+03
3.740000e-06	5.645868e-09	1.607447e-08	3.098168e+01	2.074678e+03
3.750000e-06	5.642975e-09	1.607172e-08	3.096580e+01	2.074223e+03
3.760000e-06	5.639448e-09	1.608060e-08	3.094645e+01	2.073714e+03
3.770000e-06	5.635326e-09	1.607887e-08	3.092383e+01	2.073149e+03
3.780000e-06	5.630931e-09	1.605251e-08	3.089971e+01	2.072526e+03
3.790000e-06	5.626392e-09	1.604648e-08	3.087480e+01	2.071843e+03
3.800000e-06	5.621417e-09	1.606398e-08	3.084751e+01	2.071100e+03
3.810000e-06	5.615820e-09	1.604639e-08	3.081679e+01	2.070296e+03
3.820000e-06	5.609757e-09	1.601976e-08	3.078352e+01	2.069429e+03
3.830000e-06	5.603420e-09	1.603829e-08	3.074874e+01	2.068501e+03
3.840000e-06	5.596722e-09	1.604866e-08	3.071199e+01	2.067512e+03
3.850000e-06	5.589521e-09	1.601599e-08	3.067247e+01	2.066463e+03
3.860000e-06	5.581929e-09	1.600045e-08	3.063081e+01	2.065353e+03
3.870000e-06	5.574104e-09	1.601485e-08	3.058787e+01	2.064185e+03
3.880000e-06	5.565901e-09	1.600438e-08	3.054286e+01	2.062959e+03
3.890000e-06	5.557116e-09	1.597248e-08	3.049465e+01	2.061675e+03
3.900000e-06	5.547840e-09	1.596415e-08	3.044374e+01	2.060333e+03
3.910000e-06	5.538253e-09	1.597457e-08	3.039114e+01	2.058932e+03
3.920000e-06	5.528273e-09	1.596573e-08	3.033637e+01	2.057470e+03
3.930000e-06	5.517784e-09	1.593815e-08	3.027881e+01	2.055948e+03
3.940000e-06	5.506919e-09	1.592508e-08	3.021919e+01	2.054362e+03
3.950000e-06	5.495789e-09	1.592740e-08	3.015811e+01	2.052712e+03
3.960000e-06	5.484239e-09	1.591173e-08	3.009474e+01	2.050997e+03
3.970000e-06	5.472136e-09	1.588092e-08	3.002832e+01	2.049215e+03
3.980000e-06	5.459620e-09	1.587228e-08	2.995964e+01	2.047367e+03
3.990000e-06	5.446814e-09	1.587845e-08	2.988937e+01	2.045452e+03
4.000000e-06	5.433624e-09	1.585973e-08	2.981698e+01	2.043471e+03
4.010000e-06	5.420011e-09	1.582818e-08	2.974228e+01	2.041425e+03
4.020000e-06	5.406068e-09	1.582064e-08	2.966577e+01	2.039315e+03
4.030000e-06	5.391813e-09	1.581682e-08	2.958755e+01	2.037142e+03
4.040000e-06	5.377143e-09	1.578489e-08	2.950704e+01	2.034907e+03
4.050000e-06	5.361977e-09	1.575626e-08	2.942382e+01	2.032609e+03
4.060000e-06	5.346362e-09	1.575655e-08	2.933813e+01	2.030249e+03
4.070000e-06	5.330352e-09	1.574485e-08	2.925028e+01	2.027826e+03
4.080000e-06	5.313961e-09	1.570804e-08	2.916033e+01	2.025338e+03
4.090000e-06	5.297225e-09	1.569102e-08	2.906850e+01	2.022783e+03
4.100000e-06	5.280172e-09	1.568844e-08	2.897492e+01	2.020158e+03
4.110000e-06	5.262785e-09	1.565722e-08	2.887950e+01	2.017462e+03
4.120000e-06	5.245091e-09	1.562193e-08	2.878241e+01	2.014691e+03
4.130000e-06	5.227075e-09	1.561609e-08	2.868355e+01	2.011843e+03
4.140000e-06	5.208673e-09	1.560221e-08	2.858257e+01	2.008916e+03
4.150000e-06	5.189871e-09	1.556387e-08	2.847939e+01	2.005909e+03
4.160000e-06	5.170675e-09	1.554318e-08	2.837405e+01	2.002823e+03
4.170000e-06	5.151054e-09	1.553483e-08	2.826638e+01	1.999657e+03
4.180000e-06	5.131001e-09	1.550168e-08	2.815634e+01	1.996413e+03
4.190000e-06	5.110560e-09	1.546681e-08	2.804417e+01	1.993093e+03
4.200000e-06	5.089713e-09	1.545249e-08	2.792977e+01	1.989698e+03
4.210000e-06	5.068378e-09	1.542714e-08	2.781270e+01	1.986231e+03
4.220000e-06	5.046536e-09	1.538928e-08	2.769284e+01	1.982693e+03
4.230000e-06	5.024291e-09	1.536773e-08	2.757077e+01	1.979085e+03
4.240000e-06	5.001731e-09	1.534662e-08	2.744697e+01	1.975408e+03
4.250000e-06	4.978852e-09	1.530974e-08	2.732142e+01	1.971661e+03
4.260000e-06	4.955620e-09	1.528098e-08	2.719393e+01	1.967841e+03
4.270000e-06	4.932038e-09	1.525998e-08	2.706453e+01	1.963946e+03
4.280000e-06	4.908162e-09	1.522586e-08	2.693351e+01	1.959972e+03
4.290000e-06	4.883983e-09	1.519181e-08	2.680083e+01	1.955916e+03
4.300000e-06	4.859379e-09	1.516658e-08	2.666581e+01	1.951772e+03
4.310000e-06	4.834296e-09	1.513264e-08	2.652817e+01	1.947537e+03
4.320000e-06	4.808832e-09	1.509488e-08	2.638843e+01	1.943208e+03
4.330000e-06	4.783055e-09	1.506570e-08	2.624698e+01	1.938781e+03
4.340000e-06	4.756943e-09	1.503224e-08	2.610369e+01	1.934256e+03
4.350000e-06	4.730492e-09	1.499312e-08	2.595855e+01	1.929631e+03
4.360000e-06	4.703721e-09	1.496036e-08	2.581164e+01	1.924908e+03
4.370000e-06	4.676664e-09	1.492593e-08	2.566316e+01	1.920089e+03
4.380000e-06	4.649330e-09	1.488452e-08	2.551317e+01	1.915176e+03
4.390000e-06	4.621623e-09	1.484689e-08	2.536113e+01	1.910172e+03
4.400000e-06	4.593459e-09	1.480980e-08	2.520657e+01	1.905081e+03
4.410000e-06	4.564911e-09	1.476729e-08	2.504992e+01	1.899905e+03
4.420000e-06	4.536072e-09	1.472766e-08	2.489166e+01	1.894646e+03
4.430000e-06	4.506944e-09	1.469032e-08	2.473183e+01	1.889306e+03
4.440000e-06	4.477523e-09	1.464816e-08	2.457038e+01	1.883884e+03
4.450000e-06	4.447791e-09	1.460560e-08	2.440722e+01	1.878379e+03
4.460000e-06	4.417712e-09	1.456439e-08	2.424216e+01	1.872790e+03
4.470000e-06	4.387284e-09	1.451972e-08	2.407519e+01	1.867114e+03
4.480000e-06	4.356469e-09	1.447408e-08	2.390609e+01	1.861346e+03
4.490000e-06	4.325213e-09	1.442964e-08	2.373458e+01	1.855484e+03
4.500000e-06	4.293560e-09	1.438300e-08	2.356088e+01	1.849525e+03
4.510000e-06	4.261610e-09	1.433609e-08	2.338555e+01	1.843466e+03
4.520000e-06	4.229414e-09	1.429085e-08	2.320888e+01	1.837304e+03
4.530000e-06	4.196955e-09	1.424331e-08	2.303076e+01	1.831039e+03
4.540000e-06	4.164216e-09	1.419320e-08	2.285110e+01	1.824670e+03
4.550000e-06	4.131192e-09	1.414295e-08	2.266988e+01	1.818197e+03
4.560000e-06	4.097894e-09	1.409180e-08	2.248716e+01	1.811622e+03
4.570000e-06	4.064357e-09	1.403953e-08	2.230313e+01	1.804944e+03
4.580000e-06	4.030572e-09	1.398724e-08	2.211773e+01	1.798163e+03
4.590000e-06	3.996443e-09	1.393449e-08	2.193045e+01	1.791278e+03
4.600000e-06	3.961904e-09	1.388073e-08	2.174092e+01	1.784287e+03
4.610000e-06	3.927011e-09	1.382627e-08	2.154944e+01	1.777185e+03
4.620000e-06	3.891854e-09	1.377097e-08	2.135652e+01	1.769966e+03
4.630000e-06	3.856464e-09	1.371447e-08	2.116232e+01	1.762623e+03
4.640000e-06	3.820820e-09	1.365645e-08	2.096672e+01	1.755147e+03
4.650000e-06	3.784912e-09	1.359715e-08	2.076968e+01	1.747527e+03
4.660000e-06	3.748750e-09	1.353704e-08	2.057124e+01	1.739754e+03
4.670000e-06	3.712342e-09	1.347543e-08	2.037145e+01	1.731818e+03
4.680000e-06	3.675719e-09	1.341265e-08	2.017047e+01	1.723710e+03
4.690000e-06	3.638903e-09	1.334958e-08	1.996845e+01	1.715424e+03
4.700000e-06	3.601838e-09	1.328533e-08	1.976505e+01	1.706957e+03
4.710000e-06	3.564432e-09	1.321910e-08	1.955979e+01	1.698307e+03
4.720000e-06	3.526659e-09	1.315144e-08	1.935251e+01	1.689475e+03
4.730000e-06	3.488560e-09	1.308209e-08	1.914344e+01	1.680468e+03
4.740000e-06	3.450214e-09	1.301045e-08	1.893302e+01	1.671291e+03
4.750000e-06	3.411664e-09	1.293724e-08	1.872148e+01	1.661955e+03
4.760000e-06	3.372904e-09	1.286359e-08	1.850878e+01	1.652469e+03
4.770000e-06	3.333913e-09	1.278947e-08	1.829482e+01	1.642844e+03
4.780000e-06	3.294691e-09	1.271455e-08	1.807958e+01	1.633088e+03
4.790000e-06	3.255243e-09	1.263883e-08	1.786312e+01	1.623208e+03
4.800000e-06	3.215583e-09	1.256173e-08	1.764548e+01	1.613209e+03
4.810000e-06	3.175742e-09	1.248241e-08	1.742685e+01	1.603090e+03
4.820000e-06	3.135737e-09	1.240085e-08	1.720732e+01	1.592850e+03
4.830000e-06	3.095536e-09	1.231781e-08	1.698672e+01	1.582482e+03
4.840000e-06	3.055071e-09	1.223366e-08	1.676467e+01	1.571976e+03
4.850000e-06	3.014277e-09	1.214894e-08	1.654081e+01	1.561319e+03
4.860000e-06	2.973157e-09	1.206404e-08	1.631517e+01	1.550498e+03
4.870000e-06	2.931774e-09	1.197906e-08	1.608808e+01	1.539497e+03
4.880000e-06	2.890176e-09	1.189361e-08	1.585981e+01	1.528302e+03
4.890000e-06	2.848378e-09	1.180645e-08	1.563044e+01	1.516900e+03
4.900000e-06	2.806389e-09	1.171678e-08	1.540003e+01	1.505279e+03
4.910000e-06	2.764211e-09	1.162460e-08	1.516858e+01	1.493432e+03
4.920000e-06	2.721847e-09	1.153088e-08	1.493611e+01	1.481352e+03
4.930000e-06	2.679307e-09	1.143624e-08	1.470267e+01	1.469039e+03
4.940000e-06	2.636595e-09	1.134014e-08	1.446828e+01	1.456492e+03
4.950000e-06	2.593719e-09	1.124235e-08	1.423300e+01	1.443714e+03
4.960000e-06	2.550699e-09	1.114280e-08	1.399693e+01	1.430709e+03
4.970000e-06	2.507548e-09	1.104094e-08	1.376014e+01	1.417480e+03
4.980000e-06	2.464255e-09	1.093605e-08	1.352257e+01	1.404031e+03
4.990000e-06	2.420800e-09	1.082826e-08	1.328411e+01	1.390362e+03
5.000000e-06	2.377159e-09	1.071799e-08	1.304463e+01	1.376472e+03
5.010000e-06	2.333319e-09	1.060585e-08	1.280406e+01	1.362357e+03
5.020000e-06	2.289298e-09	1.049310e-08	1.256250e+01	1.348009e+03
5.030000e-06	2.245120e-09	1.037967e-08	1.232007e+01	1.333417e+03
5.040000e-06	2.200800e-09	1.026481e-08	1.207686e+01	1.318567e+03
5.050000e-06	2.156336e-09	1.014830e-08	1.183287e+01	1.303445e+03
5.060000e-06	2.111724e-09	1.002956e-08	1.158805e+01	1.288032e+03
5.070000e-06	2.066944e-09	9.907785e-09	1.134233e+01	1.272314e+03
5.080000e-06	2.021974e-09	9.783173e-09	1.109555e+01	1.256274e+03
5.090000e-06	1.976823e-09	9.656070e-09	1.084778e+01	1.239897e+03
5.100000e-06	1.931498e-09	9.526382e-09	1.059906e+01	1.223173e+03
5.110000e-06	1.886001e-09	9.393964e-09	1.034940e+01	1.206090e+03
5.120000e-06	1.840347e-09	9.258465e-09	1.009888e+01	1.188644e+03
5.130000e-06	1.794548e-09	9.119661e-09	9.847553e+00	1.170828e+03
5.140000e-06	1.748605e-09	8.977785e-09	9.595443e+00	1.152639e+03
5.150000e-06	1.702523e-09	8.833412e-09	9.342565e+00	1.134074e+03
5.160000e-06	1.656313e-09	8.686601e-09	9.088988e+00	1.115130e+03
5.170000e-06	1.609987e-09	8.537128e-09	8.834775e+00	1.095803e+03
5.180000e-06	1.563553e-09	8.384826e-09	8.579971e+00	1.076083e+03
5.190000e-06	1.517013e-09	8.229188e-09	8.324581e+00	1.055962e+03
5.200000e-06	1.470356e-09	8.070164e-09	8.068552e+00	1.035426e+03
5.210000e-06	1.423576e-09	7.907180e-09	7.811847e+00	1.014456e+03
5.220000e-06	1.376665e-09	7.739210e-09	7.554425e+00	9.930308e+02
5.230000e-06	1.329610e-09	7.566547e-09	7.296211e+00	9.711273e+02
5.240000e-06	1.282409e-09	7.391207e-09	7.037193e+00	9.487190e+02
5.250000e-06	1.235064e-09	7.214120e-09	6.777388e+00	9.257788e+02
5.260000e-06	1.187588e-09	7.033888e-09	6.516864e+00	9.022795e+02
5.270000e-06	1.139998e-09	6.849366e-09	6.255711e+00	8.781950e+02
5.280000e-06	1.092302e-09	6.659574e-09	5.993982e+00	8.535008e+02
5.290000e-06	1.044516e-09	6.463975e-09	5.731755e+00	8.281744e+02
5.300000e-06	9.966558e-10	6.262737e-09	5.469123e+00	8.021958e+02
5.310000e-06	9.487432e-10	6.056100e-09	5.206203e+00	7.755465e+02
5.320000e-06	9.007892e-10	5.844778e-09	4.943055e+00	7.482094e+02
5.330000e-06	8.527949e-10	5.629086e-09	4.679687e+00	7.201673e+02
5.340000e-06	8.047594e-10	5.408363e-09	4.416092e+00	6.914021e+02
5.350000e-06	7.566811e-10	5.180979e-09	4.152262e+00	6.618931e+02
5.360000e-06	7.085607e-10	4.946146e-09	3.888202e+00	6.316162e+02
5.370000e-06	6.603955e-10	4.704784e-09	3.623895e+00	6.005431e+02
5.380000e-06	6.121932e-10	4.457112e-09	3.359385e+00	5.686405e+02
5.390000e-06	5.639619e-10	4.202919e-09	3.094716e+00	5.358713e+02
5.400000e-06	5.156887e-10	3.941734e-09	2.829817e+00	5.021948e+02
5.410000e-06	4.673662e-10	3.672812e-09	2.564647e+00	4.675688e+02
5.420000e-06	4.190132e-10	3.397155e-09	2.299310e+00	4.319524e+02
5.430000e-06	3.706380e-10	3.115219e-09	2.033852e+00	3.953084e+02
5.440000e-06	3.222352e-10	2.825022e-09	1.768241e+00	3.576076e+02
5.450000e-06	2.738181e-10	2.525757e-09	1.502553e+00	3.188319e+02
5.460000e-06	2.253919e-10	2.218400e-09	1.236814e+00	2.789784e+02
5.470000e-06	1.769527e-10	1.902695e-09	9.710042e-01	2.380630e+02
5.480000e-06	1.285045e-10	1.577962e-09	7.051449e-01	1.961224e+02
5.490000e-06	8.005595e-11	1.245024e-09	4.392834e-01	1.532172e+02
5.500000e-06	3.160341e-11	9.057564e-10	1.734003e-01	1.094317e+02
5.510000e-06	-1.686037e-11	5.618475e-10	-9.254459e-02	6.487482e+01
5.520000e-06	-6.532650e-11	2.132619e-10	-3.585023e-01	1.967774e+01
5.530000e-06	-1.137892e-10	-1.404809e-10	-6.244414e-01	-2.600813e+01
5.540000e-06	-1.622499e-10	-4.983751e-10	-8.903690e-01	-7.201504e+01
5.550000e-06	-2.107023e-10	-8.589347e-10	-1.156252e+00	-1.181634e+02
5.560000e-06	-2.591406e-10	-1.220141e-09	-1.422056e+00	-1.642671e+02
5.570000e-06	-3.075582e-10	-1.578993e-09	-1.687748e+00	-2.101387e+02
5.580000e-06	-3.559448e-10	-1.932803e-09	-1.953269e+00	-2.555957e+02
5.590000e-06	-4.042957e-10	-2.280992e-09	-2.218595e+00	-3.004651e+02
5.600000e-06	-4.526094e-10	-2.624291e-09	-2.483716e+00	-3.445886e+02
5.610000e-06	-5.008837e-10	-2.961929e-09	-2.748621e+00	-3.878264e+02
5.620000e-06	-5.491137e-10	-3.292037e-09	-3.013283e+00	-4.300603e+02
5.630000e-06	-5.973051e-10	-3.613385e-09	-3.277733e+00	-4.711954e+02
5.640000e-06	-6.454606e-10	-3.925794e-09	-3.541986e+00	-5.111608e+02
5.650000e-06	-6.935837e-10	-4.229127e-09	-3.806062e+00	-5.499094e+02
5.660000e-06	-7.416791e-10	-4.522138e-09	-4.069985e+00	-5.874164e+02
5.670000e-06	-7.897402e-10	-4.804630e-09	-4.333720e+00	-6.236775e+02
5.680000e-06	-8.377571e-10	-5.078263e-09	-4.597213e+00	-6.587055e+02
5.690000e-06	-8.857263e-10	-5.343542e-09	-4.860444e+00	-6.925276e+02
5.700000e-06	-9.336452e-10	-5.599804e-09	-5.123399e+00	-7.251820e+02
5.710000e-06	-9.815005e-10	-5.847251e-09	-5.386004e+00	-7.567145e+02
5.720000e-06	-1.029282e-09	-6.086667e-09	-5.648206e+00	-7.871756e+02
5.730000e-06	-1.076983e-09	-6.318020e-09	-5.909962e+00	-8.166179e+02
5.740000e-06	-1.124582e-09	-6.541175e-09	-6.171163e+00	-8.450937e+02
5.750000e-06	-1.172041e-09	-6.757003e-09	-6.431593e+00	-8.726539e+02
5.760000e-06	-1.219348e-09	-6.966142e-09	-6.691192e+00	-8.993464e+02
5.770000e-06	-1.266533e-09	-7.168162e-09	-6.950119e+00	-9.252159e+02
5.780000e-06	-1.313601e-09	-7.363182e-09	-7.208403e+00	-9.503034e+02
5.790000e-06	-1.360541e-09	-7.552229e-09	-7.465985e+00	-9.746469e+02
5.800000e-06	-1.407357e-09	-7.735776e-09	-7.722892e+00	-9.982813e+02
5.810000e-06	-1.454061e-09	-7.914836e-09	-7.979176e+00	-1.021239e+03
5.820000e-06	-1.500647e-09	-8.090009e-09	-8.234820e+00	-1.043551e+03
5.830000e-06	-1.547116e-09	-8.260485e-09	-8.489817e+00	-1.065246e+03
5.840000e-06	-1.593467e-09	-8.425839e-09	-8.744168e+00	-1.086351e+03
5.850000e-06	-1.639694e-09	-8.586426e-09	-8.997838e+00	-1.106896e+03
5.860000e-06	-1.685786e-09	-8.742781e-09	-9.250767e+00	-1.126904e+03
5.870000e-06	-1.731735e-09	-8.895343e-09	-9.502914e+00	-1.146402e+03
5.880000e-06	-1.777544e-09	-9.044279e-09	-9.754288e+00	-1.165414e+03
5.890000e-06	-1.823211e-09	-9.190146e-09	-1.000489e+01	-1.183963e+03
5.900000e-06	-1.868723e-09	-9.333745e-09	-1.025463e+01	-1.202070e+03
5.910000e-06	-1.914051e-09	-9.474743e-09	-1.050337e+01	-1.219756e+03
5.920000e-06	-1.959188e-09	-9.611488e-09	-1.075106e+01	-1.237038e+03
5.930000e-06	-2.004139e-09	-9.743138e-09	-1.099773e+01	-1.253932e+03
5.940000e-06	-2.048902e-09	-9.870831e-09	-1.124336e+01	-1.270454e+03
5.950000e-06	-2.093494e-09	-9.995493e-09	-1.148806e+01	-1.286616e+03
5.960000e-06	-2.137927e-09	-1.011753e-08	-1.173188e+01	-1.302431e+03
5.970000e-06	-2.182204e-09	-1.023699e-08	-1.197486e+01	-1.317909e+03
5.980000e-06	-2.226328e-09	-1.035440e-08	-1.221699e+01	-1.333062e+03
5.990000e-06	-2.270293e-09	-1.047062e-08	-1.245825e+01	-1.347898e+03
6.000000e-06	-2.314100e-09	-1.058523e-08	-1.269864e+01	-1.362427e+03
6.010000e-06	-2.357736e-09	-1.069690e-08	-1.293809e+01	-1.376660e+03
6.020000e-06	-2.401207e-09	-1.080539e-08	-1.317663e+01	-1.390605e+03
6.030000e-06	-2.444535e-09	-1.091200e-08	-1.341440e+01	-1.404273e+03
6.040000e-06	-2.487732e-09	-1.101739e-08	-1.365144e+01	-1.417672e+03
6.050000e-06	-2.530799e-09	-1.112130e-08	-1.388777e+01	-1.430812e+03
6.060000e-06	-2.573724e-09	-1.122299e-08	-1.412332e+01	-1.443702e+03
6.070000e-06	-2.616483e-09	-1.132202e-08	-1.435796e+01	-1.456352e+03
6.080000e-06	-2.659076e-09	-1.141846e-08	-1.459169e+01	-1.468771e+03
6.090000e-06	-2.701500e-09	-1.151226e-08	-1.482449e+01	-1.480965e+03
6.100000e-06	-2.743735e-09	-1.160399e-08	-1.505625e+01	-1.492944e+03
6.110000e-06	-2.785763e-09	-1.169414e-08	-1.528688e+01	-1.504715e+03
6.120000e-06	-2.827587e-09	-1.178297e-08	-1.551639e+01	-1.516284e+03
6.130000e-06	-2.869220e-09	-1.187104e-08	-1.574486e+01	-1.527660e+03
6.140000e-06	-2.910658e-09	-1.195898e-08	-1.597224e+01	-1.538849e+03
6.150000e-06	-2.951848e-09	-1.204648e-08	-1.619828e+01	-1.549857e+03
6.160000e-06	-2.992751e-09	-1.213252e-08	-1.642273e+01	-1.560692e+03
6.170000e-06	-3.033355e-09	-1.221639e-08	-1.664554e+01	-1.571358e+03
6.180000e-06	-3.073679e-09	-1.229859e-08	-1.686682e+01	-1.581863e+03
6.190000e-06	-3.113777e-09	-1.237959e-08	-1.708686e+01	-1.592211e+03
6.200000e-06	-3.153684e-09	-1.245931e-08	-1.730585e+01	-1.602407e+03
6.210000e-06	-3.193406e-09	-1.253802e-08	-1.752382e+01	-1.612453e+03
6.220000e-06	-3.232924e-09	-1.261567e-08	-1.774068e+01	-1.622353e+03
6.230000e-06	-3.272224e-09	-1.269275e-08	-1.795633e+01	-1.632106e+03
6.240000e-06	-3.311299e-09	-1.276930e-08	-1.817076e+01	-1.641711e+03
6.250000e-06	-3.350143e-09	-1.284374e-08	-1.838392e+01	-1.651168e+03
6.260000e-06	-3.388766e-09	-1.291523e-08	-1.859586e+01	-1.660471e+03
6.270000e-06	-3.427204e-09	-1.298513e-08	-1.880679e+01	-1.669616e+03
6.280000e-06	-3.465464e-09	-1.305448e-08	-1.901674e+01	-1.678600e+03
6.290000e-06	-3.503487e-09	-1.312273e-08	-1.922539e+01	-1.687416e+03
6.300000e-06	-3.541182e-09	-1.318950e-08	-1.943224e+01	-1.696060e+03
6.310000e-06	-3.578510e-09	-1.325444e-08	-1.963708e+01	-1.704529e+03
6.320000e-06	-3.615518e-09	-1.331811e-08	-1.984016e+01	-1.712820e+03
6.330000e-06	-3.652283e-09	-1.338117e-08	-2.004191e+01	-1.720933e+03
6.340000e-06	-3.688830e-09	-1.344295e-08	-2.024246e+01	-1.728870e+03
6.350000e-06	-3.725131e-09	-1.350272e-08	-2.044166e+01	-1.736636e+03
6.360000e-06	-3.761159e-09	-1.356144e-08	-2.063936e+01	-1.744236e+03
6.370000e-06	-3.796906e-09	-1.361990e-08	-2.083552e+01	-1.751679e+03
6.380000e-06	-3.832391e-09	-1.367699e-08	-2.103025e+01	-1.758974e+03
6.390000e-06	-3.867660e-09	-1.373271e-08	-2.122379e+01	-1.766133e+03
6.400000e-06	-3.902718e-09	-1.378786e-08	-2.141617e+01	-1.773166e+03
6.410000e-06	-3.937502e-09	-1.384205e-08	-2.160704e+01	-1.780084e+03
6.420000e-06	-3.971916e-09	-1.389477e-08	-2.179589e+01	-1.786897e+03
6.430000e-06	-4.005937e-09	-1.394680e-08	-2.198258e+01	-1.793615e+03
6.440000e-06	-4.039641e-09	-1.399890e-08	-2.216753e+01	-1.800244e+03
6.450000e-06	-4.073099e-09	-1.405043e-08	-2.235113e+01	-1.806789e+03
6.460000e-06	-4.106317e-09	-1.410108e-08	-2.253342e+01	-1.813254e+03
6.470000e-06	-4.139267e-09	-1.415107e-08	-2.271423e+01	-1.819640e+03
6.480000e-06	-4.171932e-09	-1.419998e-08	-2.289347e+01	-1.825947e+03
6.490000e-06	-4.204318e-09	-1.424824e-08	-2.307120e+01	-1.832173e+03
6.500000e-06	-4.236447e-09	-1.429642e-08	-2.324750e+01	-1.838316e+03
6.510000e-06	-4.268332e-09	-1.434408e-08	-2.342247e+01	-1.844373e+03
6.520000e-06	-4.299922e-09	-1.439101e-08	-2.359582e+01	-1.850341e+03
6.530000e-06	-4.331097e-09	-1.443781e-08	-2.376690e+01	-1.856218e+03
6.540000e-06	-4.361817e-09	-1.448440e-08	-2.393547e+01	-1.862003e+03
6.550000e-06	-4.392147e-09	-1.452936e-08	-2.410190e+01	-1.867695e+03
6.560000e-06	-4.422144e-09	-1.457247e-08	-2.426651e+01	-1.873294e+03
6.570000e-06	-4.451829e-09	-1.461472e-08	-2.442941e+01	-1.878802e+03
6.580000e-06	-4.481213e-09	-1.465669e-08	-2.459065e+01	-1.884218e+03
6.590000e-06	-4.510300e-09	-1.469844e-08	-2.475027e+01	-1.889545e+03
6.600000e-06	-4.539120e-09	-1.474000e-08	-2.490842e+01	-1.894783e+03
6.610000e-06	-4.567668e-09	-1.478141e-08	-2.506507e+01	-1.899933e+03
6.620000e-06	-4.595862e-09	-1.482239e-08	-2.521979e+01	-1.904995e+03
6.630000e-06	-4.623635e-09	-1.486219e-08	-2.537219e+01	-1.909968e+03
6.640000e-06	-4.651023e-09	-1.489991e-08	-2.552248e+01	-1.914848e+03
6.650000e-06	-4.678106e-09	-1.493590e-08	-2.567110e+01	-1.919633e+03
6.660000e-06	-4.704894e-09	-1.497132e-08	-2.581810e+01	-1.924320e+03
6.670000e-06	-4.731367e-09	-1.500610e-08	-2.596337e+01	-1.928903e+03
6.680000e-06	-4.757516e-09	-1.504011e-08	-2.610686e+01	-1.933379e+03
6.690000e-06	-4.783345e-09	-1.507403e-08	-2.624860e+01	-1.937744e+03
6.700000e-06	-4.808867e-09	-1.510753e-08	-2.638865e+01	-1.941997e+03
6.710000e-06	-4.834039e-09	-1.513967e-08	-2.652678e+01	-1.946135e+03
6.720000e-06	-4.858774e-09	-1.517030e-08	-2.666252e+01	-1.950159e+03
6.730000e-06	-4.883089e-09	-1.519971e-08	-2.679594e+01	-1.954072e+03
6.740000e-06	-4.907082e-09	-1.522861e-08	-2.692760e+01	-1.957878e+03
6.750000e-06	-4.930787e-09	-1.525720e-08	-2.705768e+01	-1.961582e+03
6.760000e-06	-4.954169e-09	-1.528494e-08	-2.718600e+01	-1.965191e+03
6.770000e-06	-4.977202e-09	-1.531202e-08	-2.731239e+01	-1.968713e+03
6.780000e-06	-4.999885e-09	-1.533950e-08	-2.743686e+01	-1.972156e+03
6.790000e-06	-5.022248e-09	-1.536686e-08	-2.755958e+01	-1.975526e+03
6.800000e-06	-5.044247e-09	-1.539294e-08	-2.768030e+01	-1.978832e+03
6.810000e-06	-5.065763e-09	-1.541841e-08	-2.779837e+01	-1.982079e+03
6.820000e-06	-5.086795e-09	-1.544362e-08	-2.791378e+01	-1.985271e+03
6.830000e-06	-5.107428e-09	-1.546852e-08	-2.802700e+01	-1.988411e+03
6.840000e-06	-5.127678e-09	-1.549346e-08	-2.813812e+01	-1.991501e+03
6.850000e-06	-5.147494e-09	-1.551799e-08	-2.824686e+01	-1.994539e+03
6.860000e-06	-5.166807e-09	-1.554175e-08	-2.835284e+01	-1.997525e+03
6.870000e-06	-5.185643e-09	-1.556552e-08	-2.845621e+01	-2.000457e+03
6.880000e-06	-5.204130e-09	-1.558959e-08	-2.855765e+01	-2.003331e+03
6.890000e-06	-5.222312e-09	-1.561258e-08	-2.865743e+01	-2.006147e+03
6.900000e-06	-5.240181e-09	-1.563389e-08	-2.875548e+01	-2.008901e+03
6.910000e-06	-5.257769e-09	-1.565493e-08	-2.885199e+01	-2.011594e+03
6.920000e-06	-5.275066e-09	-1.567648e-08	-2.894691e+01	-2.014225e+03
6.930000e-06	-5.292013e-09	-1.569851e-08	-2.903991e+01	-2.016794e+03
6.940000e-06	-5.308596e-09	-1.572088e-08	-2.913091e+01	-2.019305e+03
6.950000e-06	-5.324834e-09	-1.574240e-08	-2.922002e+01	-2.021759e+03
6.960000e-06	-5.340750e-09	-1.576212e-08	-2.930735e+01	-2.024161e+03
6.970000e-06	-5.356275e-09	-1.578097e-08	-2.939255e+01	-2.026512e+03
6.980000e-06	-5.371298e-09	-1.580012e-08	-2.947499e+01	-2.028816e+03
6.990000e-06	-5.385875e-09	-1.581916e-08	-2.955498e+01	-2.031076e+03
7.000000e-06	-5.400118e-09	-1.583739e-08	-2.963313e+01	-2.033292e+03
7.010000e-06	-5.414018e-09	-1.585528e-08	-2.970941e+01	-2.035466e+03
7.020000e-06	-5.427533e-09	-1.587320e-08	-2.978357e+01	-2.037595e+03
7.030000e-06	-5.440677e-09	-1.589068e-08	-2.985570e+01	-2.039679e+03
7.040000e-06	-5.453485e-09	-1.590707e-08	-2.992599e+01	-2.041714e+03
7.050000e-06	-5.465916e-09	-1.592213e-08	-2.999420e+01	-2.043697e+03
7.060000e-06	-5.477857e-09	-1.593642e-08	-3.005973e+01	-2.045624e+03
7.070000e-06	-5.489311e-09	-1.595098e-08	-3.012258e+01	-2.047492e+03
7.080000e-06	-5.500391e-09	-1.596595e-08	-3.018338e+01	-2.049299e+03
7.090000e-06	-5.511114e-09	-1.598067e-08	-3.024222e+01	-2.051041e+03
7.100000e-06	-5.521441e-09	-1.599474e-08	-3.029889e+01	-2.052718e+03
7.110000e-06	-5.531377e-09	-1.600812e-08	-3.035342e+01	-2.054331e+03
7.120000e-06	-5.540975e-09	-1.602066e-08	-3.040609e+01	-2.055880e+03
7.130000e-06	-5.550222e-09	-1.603230e-08	-3.045683e+01	-2.057367e+03
7.140000e-06	-5.558994e-09	-1.604330e-08	-3.050497e+01	-2.058795e+03
7.150000e-06	-5.567277e-09	-1.605382e-08	-3.055042e+01	-2.060167e+03
7.160000e-06	-5.575188e-09	-1.606420e-08	-3.059383e+01	-2.061485e+03
7.170000e-06	-5.582761e-09	-1.607463e-08	-3.063538e+01	-2.062752e+03
7.180000e-06	-5.589967e-09	-1.608444e-08	-3.067493e+01	-2.063969e+03
7.190000e-06	-5.596796e-09	-1.609346e-08	-3.071240e+01	-2.065136e+03
7.200000e-06	-5.603258e-09	-1.610199e-08	-3.074786e+01	-2.066251e+03
7.210000e-06	-5.609339e-09	-1.610967e-08	-3.078123e+01	-2.067312e+03
7.220000e-06	-5.614928e-09	-1.611663e-08	-3.081190e+01	-2.068316e+03
7.230000e-06	-5.619978e-09	-1.612343e-08	-3.083961e+01	-2.069257e+03
7.240000e-06	-5.624566e-09	-1.613005e-08	-3.086479e+01	-2.070129e+03
7.250000e-06	-5.628742e-09	-1.613614e-08	-3.088771e+01	-2.070929e+03
7.260000e-06	-5.632529e-09	-1.614158e-08	-3.090849e+01	-2.071650e+03
7.270000e-06	-5.635951e-09	-1.614604e-08	-3.092726e+01	-2.072288e+03
7.280000e-06	-5.639038e-09	-1.614951e-08	-3.094420e+01	-2.072839e+03
7.290000e-06	-5.641718e-09	-1.615244e-08	-3.095891e+01	-2.073303e+03
7.300000e-06	-5.643888e-09	-1.615462e-08	-3.097082e+01	-2.073677e+03
7.310000e-06	-5.645611e-09	-1.615622e-08	-3.098027e+01	-2.073964e+03
7.320000e-06	-5.646978e-09	-1.615761e-08	-3.098777e+01	-2.074166e+03
7.330000e-06	-5.647993e-09	-1.615819e-08	-3.099334e+01	-2.074285e+03
7.340000e-06	-5.648630e-09	-1.615775e-08	-3.099683e+01	-2.074328e+03
