# Concentracion g/m^3_=_53300.0
# C_Vs_to_Am_M_A/Vsm_=_128687336408.14134
# pendiente_HvsI_1/m_=_3716.3
# ordenada_HvsI_A/m_=_1297.0
# frecuencia_Hz_=_136160.032335574
# Promedio de 30 ciclos

Tiempo_(s)	Campo_(V.s)	Magnetizacion_(V.s)	Campo_(kA/m)	Magnetizacion_(A/m)
0.000000e+00	-6.356513e-09	-1.693946e-08	-3.470059e+01	-2.175917e+03
1.000000e-08	-6.356365e-09	-1.693847e-08	-3.469978e+01	-2.175834e+03
2.000000e-08	-6.355746e-09	-1.693762e-08	-3.469640e+01	-2.175689e+03
3.000000e-08	-6.354570e-09	-1.693688e-08	-3.468998e+01	-2.175486e+03
4.000000e-08	-6.352965e-09	-1.693538e-08	-3.468122e+01	-2.175226e+03
5.000000e-08	-6.350991e-09	-1.693189e-08	-3.467044e+01	-2.174910e+03
6.000000e-08	-6.348585e-09	-1.692692e-08	-3.465731e+01	-2.174538e+03
7.000000e-08	-6.345738e-09	-1.692217e-08	-3.464177e+01	-2.174110e+03
8.000000e-08	-6.342386e-09	-1.691807e-08	-3.462347e+01	-2.173624e+03
9.000000e-08	-6.338244e-09	-1.690846e-08	-3.460086e+01	-2.173079e+03
1.000000e-07	-6.333199e-09	-1.689731e-08	-3.457332e+01	-2.172474e+03
1.100000e-07	-6.327707e-09	-1.690326e-08	-3.454333e+01	-2.171809e+03
1.200000e-07	-6.322192e-09	-1.691039e-08	-3.451323e+01	-2.171082e+03
1.300000e-07	-6.316318e-09	-1.688784e-08	-3.448116e+01	-2.170295e+03
1.400000e-07	-6.309626e-09	-1.686516e-08	-3.444463e+01	-2.169449e+03
1.500000e-07	-6.302316e-09	-1.687934e-08	-3.440472e+01	-2.168546e+03
1.600000e-07	-6.294829e-09	-1.688789e-08	-3.436385e+01	-2.167587e+03
1.700000e-07	-6.287088e-09	-1.684978e-08	-3.432159e+01	-2.166576e+03
1.800000e-07	-6.278805e-09	-1.682459e-08	-3.427637e+01	-2.165514e+03
1.900000e-07	-6.270031e-09	-1.684802e-08	-3.422848e+01	-2.164402e+03
2.000000e-07	-6.260997e-09	-1.685652e-08	-3.417916e+01	-2.163242e+03
2.100000e-07	-6.251592e-09	-1.681596e-08	-3.412782e+01	-2.162031e+03
2.200000e-07	-6.241561e-09	-1.679300e-08	-3.407306e+01	-2.160768e+03
2.300000e-07	-6.231011e-09	-1.681179e-08	-3.401546e+01	-2.159451e+03
2.400000e-07	-6.220053e-09	-1.680617e-08	-3.395565e+01	-2.158076e+03
2.500000e-07	-6.208612e-09	-1.676589e-08	-3.389319e+01	-2.156638e+03
2.600000e-07	-6.196640e-09	-1.675278e-08	-3.382783e+01	-2.155134e+03
2.700000e-07	-6.184311e-09	-1.676390e-08	-3.376053e+01	-2.153559e+03
2.800000e-07	-6.171669e-09	-1.674430e-08	-3.369151e+01	-2.151909e+03
2.900000e-07	-6.158532e-09	-1.671517e-08	-3.361979e+01	-2.150183e+03
3.000000e-07	-6.144838e-09	-1.671511e-08	-3.354504e+01	-2.148379e+03
3.100000e-07	-6.130747e-09	-1.670683e-08	-3.346812e+01	-2.146496e+03
3.200000e-07	-6.116220e-09	-1.666952e-08	-3.338881e+01	-2.144537e+03
3.300000e-07	-6.101182e-09	-1.665567e-08	-3.330672e+01	-2.142504e+03
3.400000e-07	-6.085751e-09	-1.666184e-08	-3.322248e+01	-2.140399e+03
3.500000e-07	-6.069982e-09	-1.663458e-08	-3.313640e+01	-2.138226e+03
3.600000e-07	-6.053743e-09	-1.659689e-08	-3.304775e+01	-2.135990e+03
3.700000e-07	-6.036992e-09	-1.659668e-08	-3.295630e+01	-2.133692e+03
3.800000e-07	-6.019798e-09	-1.659126e-08	-3.286244e+01	-2.131336e+03
3.900000e-07	-6.002119e-09	-1.655045e-08	-3.276593e+01	-2.128921e+03
4.000000e-07	-5.983937e-09	-1.652674e-08	-3.266667e+01	-2.126448e+03
4.100000e-07	-5.965342e-09	-1.652772e-08	-3.256516e+01	-2.123915e+03
4.200000e-07	-5.946376e-09	-1.650271e-08	-3.246162e+01	-2.121318e+03
4.300000e-07	-5.926959e-09	-1.646746e-08	-3.235562e+01	-2.118655e+03
4.400000e-07	-5.907029e-09	-1.645762e-08	-3.224683e+01	-2.115920e+03
4.500000e-07	-5.886552e-09	-1.644012e-08	-3.213504e+01	-2.113108e+03
4.600000e-07	-5.865543e-09	-1.640160e-08	-3.202035e+01	-2.110217e+03
4.700000e-07	-5.844075e-09	-1.638009e-08	-3.190316e+01	-2.107242e+03
4.800000e-07	-5.822231e-09	-1.636755e-08	-3.178391e+01	-2.104181e+03
4.900000e-07	-5.800017e-09	-1.633470e-08	-3.166264e+01	-2.101034e+03
5.000000e-07	-5.777416e-09	-1.630484e-08	-3.153926e+01	-2.097801e+03
5.100000e-07	-5.754349e-09	-1.628894e-08	-3.141334e+01	-2.094483e+03
5.200000e-07	-5.730748e-09	-1.625973e-08	-3.128450e+01	-2.091085e+03
5.300000e-07	-5.706676e-09	-1.622365e-08	-3.115309e+01	-2.087609e+03
5.400000e-07	-5.682217e-09	-1.620150e-08	-3.101956e+01	-2.084059e+03
5.500000e-07	-5.657355e-09	-1.617572e-08	-3.088384e+01	-2.080440e+03
5.600000e-07	-5.632110e-09	-1.613997e-08	-3.074602e+01	-2.076754e+03
5.700000e-07	-5.606547e-09	-1.611258e-08	-3.060647e+01	-2.073001e+03
5.800000e-07	-5.580618e-09	-1.608771e-08	-3.046493e+01	-2.069184e+03
5.900000e-07	-5.554171e-09	-1.605309e-08	-3.032055e+01	-2.065299e+03
6.000000e-07	-5.527232e-09	-1.601958e-08	-3.017349e+01	-2.061345e+03
6.100000e-07	-5.499957e-09	-1.598914e-08	-3.002459e+01	-2.057316e+03
6.200000e-07	-5.472346e-09	-1.595477e-08	-2.987386e+01	-2.053208e+03
6.300000e-07	-5.444330e-09	-1.592115e-08	-2.972092e+01	-2.049015e+03
6.400000e-07	-5.415916e-09	-1.588945e-08	-2.956581e+01	-2.044731e+03
6.500000e-07	-5.387149e-09	-1.585401e-08	-2.940876e+01	-2.040351e+03
6.600000e-07	-5.358003e-09	-1.581831e-08	-2.924965e+01	-2.035871e+03
6.700000e-07	-5.328348e-09	-1.578359e-08	-2.908777e+01	-2.031287e+03
6.800000e-07	-5.298147e-09	-1.574562e-08	-2.892290e+01	-2.026600e+03
6.900000e-07	-5.267520e-09	-1.570702e-08	-2.875570e+01	-2.021808e+03
7.000000e-07	-5.236505e-09	-1.566983e-08	-2.858639e+01	-2.016914e+03
7.100000e-07	-5.205063e-09	-1.563067e-08	-2.841475e+01	-2.011921e+03
7.200000e-07	-5.173174e-09	-1.559170e-08	-2.824066e+01	-2.006833e+03
7.300000e-07	-5.140898e-09	-1.555360e-08	-2.806447e+01	-2.001653e+03
7.400000e-07	-5.108282e-09	-1.551111e-08	-2.788641e+01	-1.996385e+03
7.500000e-07	-5.075319e-09	-1.546623e-08	-2.770647e+01	-1.991032e+03
7.600000e-07	-5.042018e-09	-1.542361e-08	-2.752467e+01	-1.985596e+03
7.700000e-07	-5.008420e-09	-1.538035e-08	-2.734126e+01	-1.980077e+03
7.800000e-07	-4.974530e-09	-1.533501e-08	-2.715625e+01	-1.974474e+03
7.900000e-07	-4.940315e-09	-1.529026e-08	-2.696947e+01	-1.968784e+03
8.000000e-07	-4.905758e-09	-1.524503e-08	-2.678082e+01	-1.963005e+03
8.100000e-07	-4.870874e-09	-1.519843e-08	-2.659039e+01	-1.957131e+03
8.200000e-07	-4.835681e-09	-1.515167e-08	-2.639827e+01	-1.951159e+03
8.300000e-07	-4.800158e-09	-1.510434e-08	-2.620434e+01	-1.945083e+03
8.400000e-07	-4.764223e-09	-1.505554e-08	-2.600817e+01	-1.938900e+03
8.500000e-07	-4.727865e-09	-1.500607e-08	-2.580969e+01	-1.932606e+03
8.600000e-07	-4.691170e-09	-1.495594e-08	-2.560937e+01	-1.926200e+03
8.700000e-07	-4.654197e-09	-1.490555e-08	-2.540754e+01	-1.919680e+03
8.800000e-07	-4.616928e-09	-1.485470e-08	-2.520408e+01	-1.913047e+03
8.900000e-07	-4.579324e-09	-1.480247e-08	-2.499880e+01	-1.906300e+03
9.000000e-07	-4.541380e-09	-1.474855e-08	-2.479166e+01	-1.899440e+03
9.100000e-07	-4.503113e-09	-1.469341e-08	-2.458276e+01	-1.892466e+03
9.200000e-07	-4.464518e-09	-1.463746e-08	-2.437207e+01	-1.885379e+03
9.300000e-07	-4.425546e-09	-1.458117e-08	-2.415931e+01	-1.878177e+03
9.400000e-07	-4.386152e-09	-1.452426e-08	-2.394426e+01	-1.870855e+03
9.500000e-07	-4.346381e-09	-1.446610e-08	-2.372715e+01	-1.863409e+03
9.600000e-07	-4.306326e-09	-1.440711e-08	-2.350848e+01	-1.855833e+03
9.700000e-07	-4.266009e-09	-1.434762e-08	-2.328839e+01	-1.848117e+03
9.800000e-07	-4.225400e-09	-1.428645e-08	-2.306671e+01	-1.840254e+03
9.900000e-07	-4.184493e-09	-1.422273e-08	-2.284339e+01	-1.832234e+03
1.000000e-06	-4.143317e-09	-1.415722e-08	-2.261861e+01	-1.824050e+03
1.010000e-06	-4.101890e-09	-1.409085e-08	-2.239246e+01	-1.815694e+03
1.020000e-06	-4.060196e-09	-1.402398e-08	-2.216484e+01	-1.807161e+03
1.030000e-06	-4.018197e-09	-1.395635e-08	-2.193557e+01	-1.798449e+03
1.040000e-06	-3.975838e-09	-1.388749e-08	-2.170433e+01	-1.789559e+03
1.050000e-06	-3.933085e-09	-1.381660e-08	-2.147094e+01	-1.780492e+03
1.060000e-06	-3.890004e-09	-1.374362e-08	-2.123576e+01	-1.771254e+03
1.070000e-06	-3.846669e-09	-1.367017e-08	-2.099919e+01	-1.761854e+03
1.080000e-06	-3.803088e-09	-1.359670e-08	-2.076128e+01	-1.752299e+03
1.090000e-06	-3.759249e-09	-1.352174e-08	-2.052196e+01	-1.742598e+03
1.100000e-06	-3.715159e-09	-1.344484e-08	-2.028127e+01	-1.732760e+03
1.110000e-06	-3.670836e-09	-1.336685e-08	-2.003930e+01	-1.722790e+03
1.120000e-06	-3.626282e-09	-1.328888e-08	-1.979608e+01	-1.712693e+03
1.130000e-06	-3.581501e-09	-1.321076e-08	-1.955162e+01	-1.702469e+03
1.140000e-06	-3.536477e-09	-1.313182e-08	-1.930583e+01	-1.692114e+03
1.150000e-06	-3.491167e-09	-1.305116e-08	-1.905848e+01	-1.681623e+03
1.160000e-06	-3.445515e-09	-1.296836e-08	-1.880926e+01	-1.670985e+03
1.170000e-06	-3.399502e-09	-1.288438e-08	-1.855808e+01	-1.660187e+03
1.180000e-06	-3.353172e-09	-1.279970e-08	-1.830516e+01	-1.649215e+03
1.190000e-06	-3.306573e-09	-1.271319e-08	-1.805077e+01	-1.638053e+03
1.200000e-06	-3.259727e-09	-1.262425e-08	-1.779504e+01	-1.626686e+03
1.210000e-06	-3.212641e-09	-1.253366e-08	-1.753799e+01	-1.615101e+03
1.220000e-06	-3.165332e-09	-1.244184e-08	-1.727973e+01	-1.603285e+03
1.230000e-06	-3.117816e-09	-1.234807e-08	-1.702033e+01	-1.591232e+03
1.240000e-06	-3.070108e-09	-1.225209e-08	-1.675989e+01	-1.578935e+03
1.250000e-06	-3.022216e-09	-1.215411e-08	-1.649845e+01	-1.566393e+03
1.260000e-06	-2.974135e-09	-1.205463e-08	-1.623597e+01	-1.553606e+03
1.270000e-06	-2.925855e-09	-1.195395e-08	-1.597241e+01	-1.540578e+03
1.280000e-06	-2.877352e-09	-1.185178e-08	-1.570762e+01	-1.527312e+03
1.290000e-06	-2.828592e-09	-1.174733e-08	-1.544144e+01	-1.513813e+03
1.300000e-06	-2.779562e-09	-1.164024e-08	-1.517378e+01	-1.500084e+03
1.310000e-06	-2.730284e-09	-1.153149e-08	-1.490477e+01	-1.486125e+03
1.320000e-06	-2.680790e-09	-1.142163e-08	-1.463459e+01	-1.471934e+03
1.330000e-06	-2.631111e-09	-1.131005e-08	-1.436338e+01	-1.457506e+03
1.340000e-06	-2.581263e-09	-1.119598e-08	-1.409126e+01	-1.442831e+03
1.350000e-06	-2.531245e-09	-1.107959e-08	-1.381821e+01	-1.427897e+03
1.360000e-06	-2.481052e-09	-1.096137e-08	-1.354420e+01	-1.412687e+03
1.370000e-06	-2.430702e-09	-1.084061e-08	-1.326934e+01	-1.397185e+03
1.380000e-06	-2.380201e-09	-1.071654e-08	-1.299365e+01	-1.381371e+03
1.390000e-06	-2.329552e-09	-1.058923e-08	-1.271715e+01	-1.365228e+03
1.400000e-06	-2.278761e-09	-1.045904e-08	-1.243988e+01	-1.348738e+03
1.410000e-06	-2.227827e-09	-1.032668e-08	-1.216183e+01	-1.331887e+03
1.420000e-06	-2.176743e-09	-1.019233e-08	-1.188296e+01	-1.314663e+03
1.430000e-06	-2.125515e-09	-1.005545e-08	-1.160330e+01	-1.297056e+03
1.440000e-06	-2.074142e-09	-9.915735e-09	-1.132286e+01	-1.279061e+03
1.450000e-06	-2.022614e-09	-9.773000e-09	-1.104156e+01	-1.260674e+03
1.460000e-06	-1.970917e-09	-9.627514e-09	-1.075934e+01	-1.241892e+03
1.470000e-06	-1.919040e-09	-9.479919e-09	-1.047614e+01	-1.222713e+03
1.480000e-06	-1.866977e-09	-9.329128e-09	-1.019193e+01	-1.203133e+03
1.490000e-06	-1.814731e-09	-9.174173e-09	-9.906715e+00	-1.183145e+03
1.500000e-06	-1.762334e-09	-9.014840e-09	-9.620677e+00	-1.162741e+03
1.510000e-06	-1.709815e-09	-8.851278e-09	-9.333974e+00	-1.141905e+03
1.520000e-06	-1.657183e-09	-8.684309e-09	-9.046652e+00	-1.120619e+03
1.530000e-06	-1.604451e-09	-8.514235e-09	-8.758780e+00	-1.098858e+03
1.540000e-06	-1.551632e-09	-8.340619e-09	-8.470441e+00	-1.076593e+03
1.550000e-06	-1.498726e-09	-8.163059e-09	-8.181623e+00	-1.053794e+03
1.560000e-06	-1.445734e-09	-7.981433e-09	-7.892337e+00	-1.030426e+03
1.570000e-06	-1.392661e-09	-7.795447e-09	-7.602608e+00	-1.006454e+03
1.580000e-06	-1.339490e-09	-7.603799e-09	-7.312343e+00	-9.818436e+02
1.590000e-06	-1.286215e-09	-7.405031e-09	-7.021511e+00	-9.565634e+02
1.600000e-06	-1.232847e-09	-7.199968e-09	-6.730172e+00	-9.305842e+02
1.610000e-06	-1.179374e-09	-6.990491e-09	-6.438262e+00	-9.038807e+02
1.620000e-06	-1.125794e-09	-6.776925e-09	-6.145768e+00	-8.764308e+02
1.630000e-06	-1.072128e-09	-6.557466e-09	-5.852800e+00	-8.482156e+02
1.640000e-06	-1.018392e-09	-6.331030e-09	-5.559452e+00	-8.192175e+02
1.650000e-06	-9.646028e-10	-6.098024e-09	-5.265812e+00	-7.894192e+02
1.660000e-06	-9.107642e-10	-5.859445e-09	-4.971904e+00	-7.588012e+02
1.670000e-06	-8.568717e-10	-5.614901e-09	-4.677702e+00	-7.273400e+02
1.680000e-06	-8.029291e-10	-5.362485e-09	-4.383226e+00	-6.950066e+02
1.690000e-06	-7.489386e-10	-5.101620e-09	-4.088488e+00	-6.617645e+02
1.700000e-06	-6.948987e-10	-4.833643e-09	-3.793481e+00	-6.275697e+02
1.710000e-06	-6.408018e-10	-4.559104e-09	-3.498163e+00	-5.923707e+02
1.720000e-06	-5.866381e-10	-4.275669e-09	-3.202480e+00	-5.561096e+02
1.730000e-06	-5.324174e-10	-3.982182e-09	-2.906486e+00	-5.187249e+02
1.740000e-06	-4.781528e-10	-3.679674e-09	-2.610252e+00	-4.801548e+02
1.750000e-06	-4.238621e-10	-3.367505e-09	-2.313876e+00	-4.403415e+02
1.760000e-06	-3.695478e-10	-3.044607e-09	-2.017371e+00	-3.992361e+02
1.770000e-06	-3.152094e-10	-2.712429e-09	-1.720734e+00	-3.568044e+02
1.780000e-06	-2.608640e-10	-2.371503e-09	-1.424059e+00	-3.130319e+02
1.790000e-06	-2.065114e-10	-2.020685e-09	-1.127345e+00	-2.679288e+02
1.800000e-06	-1.521457e-10	-1.660475e-09	-8.305590e-01	-2.215342e+02
1.810000e-06	-9.777816e-11	-1.291339e-09	-5.337630e-01	-1.739190e+02
1.820000e-06	-4.342333e-11	-9.131423e-10	-2.370366e-01	-1.251872e+02
1.830000e-06	1.092896e-11	-5.262319e-10	5.967585e-02	-7.547629e+01
1.840000e-06	6.528826e-11	-1.319461e-10	3.564266e-01	-2.495466e+01
1.850000e-06	1.196469e-10	2.671683e-10	6.531739e-01	2.618158e+01
1.860000e-06	1.740121e-10	6.688005e-10	9.499571e-01	7.771391e+01
1.870000e-06	2.283836e-10	1.070877e-09	1.246774e+00	1.294078e+02
1.880000e-06	2.827458e-10	1.472176e-09	1.543541e+00	1.810201e+02
1.890000e-06	3.370845e-10	1.871490e-09	1.840179e+00	2.323069e+02
1.900000e-06	3.913922e-10	2.266412e-09	2.136648e+00	2.830313e+02
1.910000e-06	4.456632e-10	2.654163e-09	2.432917e+00	3.329711e+02
1.920000e-06	4.998927e-10	3.032309e-09	2.728959e+00	3.819253e+02
1.930000e-06	5.540744e-10	3.400184e-09	3.024741e+00	4.297196e+02
1.940000e-06	6.082065e-10	3.757968e-09	3.320251e+00	4.762102e+02
1.950000e-06	6.622951e-10	4.104931e-09	3.615524e+00	5.212864e+02
1.960000e-06	7.163353e-10	4.440916e-09	3.910533e+00	5.648713e+02
1.970000e-06	7.703205e-10	4.765154e-09	4.205241e+00	6.069205e+02
1.980000e-06	8.242562e-10	5.076508e-09	4.499680e+00	6.474202e+02
1.990000e-06	8.781469e-10	5.375840e-09	4.793872e+00	6.863836e+02
2.000000e-06	9.319843e-10	5.664132e-09	5.087774e+00	7.238463e+02
2.010000e-06	9.857624e-10	5.942185e-09	5.381351e+00	7.598614e+02
2.020000e-06	1.039474e-09	6.210743e-09	5.674566e+00	7.944949e+02
2.030000e-06	1.093107e-09	6.469237e-09	5.967351e+00	8.278205e+02
2.040000e-06	1.146651e-09	6.717432e-09	6.259650e+00	8.599149e+02
2.050000e-06	1.200105e-09	6.957258e-09	6.551462e+00	8.908549e+02
2.060000e-06	1.253462e-09	7.189697e-09	6.842738e+00	9.207137e+02
2.070000e-06	1.306721e-09	7.413054e-09	7.133483e+00	9.495592e+02
2.080000e-06	1.359884e-09	7.627522e-09	7.423706e+00	9.774532e+02
2.090000e-06	1.412949e-09	7.836193e-09	7.713387e+00	1.004450e+03
2.100000e-06	1.465921e-09	8.040137e-09	8.002566e+00	1.030599e+03
2.110000e-06	1.518807e-09	8.237418e-09	8.291277e+00	1.055942e+03
2.120000e-06	1.571614e-09	8.426478e-09	8.579549e+00	1.080517e+03
2.130000e-06	1.624329e-09	8.608235e-09	8.867328e+00	1.104360e+03
2.140000e-06	1.676942e-09	8.784616e-09	9.154545e+00	1.127502e+03
2.150000e-06	1.729434e-09	8.957025e-09	9.441101e+00	1.149974e+03
2.160000e-06	1.781783e-09	9.126220e-09	9.726877e+00	1.171809e+03
2.170000e-06	1.833975e-09	9.291126e-09	1.001180e+01	1.193035e+03
2.180000e-06	1.885993e-09	9.450412e-09	1.029576e+01	1.213683e+03
2.190000e-06	1.937825e-09	9.604713e-09	1.057872e+01	1.233785e+03
2.200000e-06	1.989477e-09	9.755432e-09	1.086069e+01	1.253368e+03
2.210000e-06	2.040966e-09	9.903193e-09	1.114177e+01	1.272461e+03
2.220000e-06	2.092301e-09	1.004777e-08	1.142201e+01	1.291091e+03
2.230000e-06	2.143486e-09	1.018912e-08	1.170143e+01	1.309282e+03
2.240000e-06	2.194530e-09	1.032760e-08	1.198008e+01	1.327056e+03
2.250000e-06	2.245433e-09	1.046353e-08	1.225797e+01	1.344431e+03
2.260000e-06	2.296192e-09	1.059643e-08	1.253507e+01	1.361424e+03
2.270000e-06	2.346806e-09	1.072512e-08	1.281137e+01	1.378049e+03
2.280000e-06	2.397276e-09	1.084966e-08	1.308689e+01	1.394317e+03
2.290000e-06	2.447598e-09	1.097118e-08	1.336160e+01	1.410238e+03
2.300000e-06	2.497754e-09	1.109017e-08	1.363540e+01	1.425821e+03
2.310000e-06	2.547737e-09	1.120655e-08	1.390827e+01	1.441074e+03
2.320000e-06	2.597561e-09	1.131993e-08	1.418026e+01	1.456005e+03
2.330000e-06	2.647229e-09	1.143057e-08	1.445140e+01	1.470623e+03
2.340000e-06	2.696729e-09	1.153996e-08	1.472162e+01	1.484936e+03
2.350000e-06	2.746020e-09	1.164858e-08	1.499070e+01	1.498954e+03
2.360000e-06	2.795064e-09	1.175532e-08	1.525844e+01	1.512687e+03
2.370000e-06	2.843847e-09	1.185951e-08	1.552475e+01	1.526145e+03
2.380000e-06	2.892371e-09	1.196202e-08	1.578964e+01	1.539339e+03
2.390000e-06	2.940657e-09	1.206358e-08	1.605324e+01	1.552279e+03
2.400000e-06	2.988739e-09	1.216354e-08	1.631572e+01	1.564976e+03
2.410000e-06	3.036629e-09	1.226145e-08	1.657715e+01	1.577438e+03
2.420000e-06	3.084324e-09	1.235714e-08	1.683752e+01	1.589675e+03
2.430000e-06	3.131824e-09	1.245020e-08	1.709683e+01	1.601696e+03
2.440000e-06	3.179114e-09	1.254088e-08	1.735499e+01	1.613506e+03
2.450000e-06	3.226171e-09	1.262971e-08	1.761187e+01	1.625114e+03
2.460000e-06	3.272984e-09	1.271698e-08	1.786743e+01	1.636525e+03
2.470000e-06	3.319551e-09	1.280291e-08	1.812164e+01	1.647746e+03
2.480000e-06	3.365847e-09	1.288714e-08	1.837437e+01	1.658782e+03
2.490000e-06	3.411830e-09	1.296965e-08	1.862540e+01	1.669640e+03
2.500000e-06	3.457473e-09	1.305112e-08	1.887457e+01	1.680325e+03
2.510000e-06	3.502783e-09	1.313183e-08	1.912191e+01	1.690843e+03
2.520000e-06	3.547809e-09	1.321196e-08	1.936771e+01	1.701200e+03
2.530000e-06	3.592599e-09	1.329142e-08	1.961223e+01	1.711399e+03
2.540000e-06	3.637162e-09	1.336924e-08	1.985550e+01	1.721444e+03
2.550000e-06	3.681493e-09	1.344489e-08	2.009750e+01	1.731339e+03
2.560000e-06	3.725584e-09	1.351937e-08	2.033820e+01	1.741084e+03
2.570000e-06	3.769425e-09	1.359366e-08	2.057753e+01	1.750680e+03
2.580000e-06	3.813014e-09	1.366710e-08	2.081548e+01	1.760123e+03
2.590000e-06	3.856369e-09	1.373917e-08	2.105216e+01	1.769411e+03
2.600000e-06	3.899496e-09	1.381038e-08	2.128760e+01	1.778539e+03
2.610000e-06	3.942340e-09	1.388048e-08	2.152148e+01	1.787502e+03
2.620000e-06	3.984822e-09	1.394877e-08	2.175340e+01	1.796295e+03
2.630000e-06	4.026918e-09	1.401540e-08	2.198320e+01	1.804912e+03
2.640000e-06	4.068676e-09	1.408065e-08	2.221116e+01	1.813349e+03
2.650000e-06	4.110154e-09	1.414441e-08	2.243759e+01	1.821604e+03
2.660000e-06	4.151367e-09	1.420717e-08	2.266258e+01	1.829676e+03
2.670000e-06	4.192303e-09	1.426944e-08	2.288605e+01	1.837567e+03
2.680000e-06	4.232944e-09	1.433046e-08	2.310791e+01	1.845281e+03
2.690000e-06	4.273297e-09	1.438938e-08	2.332820e+01	1.852826e+03
2.700000e-06	4.313388e-09	1.444636e-08	2.354706e+01	1.860210e+03
2.710000e-06	4.353204e-09	1.450225e-08	2.376441e+01	1.867445e+03
2.720000e-06	4.392671e-09	1.455775e-08	2.397987e+01	1.874543e+03
2.730000e-06	4.431720e-09	1.461281e-08	2.419304e+01	1.881515e+03
2.740000e-06	4.470366e-09	1.466660e-08	2.440401e+01	1.888374e+03
2.750000e-06	4.508666e-09	1.471934e-08	2.461309e+01	1.895132e+03
2.760000e-06	4.546651e-09	1.477203e-08	2.482046e+01	1.901797e+03
2.770000e-06	4.584327e-09	1.482422e-08	2.502613e+01	1.908378e+03
2.780000e-06	4.621692e-09	1.487502e-08	2.523011e+01	1.914879e+03
2.790000e-06	4.658772e-09	1.492435e-08	2.543253e+01	1.921304e+03
2.800000e-06	4.695594e-09	1.497265e-08	2.563354e+01	1.927653e+03
2.810000e-06	4.732119e-09	1.502067e-08	2.583293e+01	1.933926e+03
2.820000e-06	4.768247e-09	1.506876e-08	2.603016e+01	1.940119e+03
2.830000e-06	4.803924e-09	1.511593e-08	2.622492e+01	1.946230e+03
2.840000e-06	4.839219e-09	1.516156e-08	2.641760e+01	1.952254e+03
2.850000e-06	4.874199e-09	1.520627e-08	2.660856e+01	1.958189e+03
2.860000e-06	4.908858e-09	1.525093e-08	2.679776e+01	1.964032e+03
2.870000e-06	4.943178e-09	1.529562e-08	2.698512e+01	1.969781e+03
2.880000e-06	4.977162e-09	1.533950e-08	2.717064e+01	1.975436e+03
2.890000e-06	5.010843e-09	1.538210e-08	2.735451e+01	1.980996e+03
2.900000e-06	5.044225e-09	1.542370e-08	2.753674e+01	1.986463e+03
2.910000e-06	5.077255e-09	1.546490e-08	2.771705e+01	1.991839e+03
2.920000e-06	5.109894e-09	1.550593e-08	2.789523e+01	1.997126e+03
2.930000e-06	5.142168e-09	1.554687e-08	2.807142e+01	2.002324e+03
2.940000e-06	5.174076e-09	1.558728e-08	2.824560e+01	2.007435e+03
2.950000e-06	5.205586e-09	1.562641e-08	2.841762e+01	2.012459e+03
2.960000e-06	5.236704e-09	1.566479e-08	2.858749e+01	2.017395e+03
2.970000e-06	5.267456e-09	1.570300e-08	2.875537e+01	2.022239e+03
2.980000e-06	5.297841e-09	1.574028e-08	2.892124e+01	2.026988e+03
2.990000e-06	5.327791e-09	1.577582e-08	2.908474e+01	2.031639e+03
3.000000e-06	5.357229e-09	1.581019e-08	2.924544e+01	2.036187e+03
3.010000e-06	5.386202e-09	1.584437e-08	2.940361e+01	2.040627e+03
3.020000e-06	5.414798e-09	1.587815e-08	2.955972e+01	2.044955e+03
3.030000e-06	5.443020e-09	1.591122e-08	2.971378e+01	2.049171e+03
3.040000e-06	5.470859e-09	1.594382e-08	2.986576e+01	2.053273e+03
3.050000e-06	5.498338e-09	1.597563e-08	3.001576e+01	2.057261e+03
3.060000e-06	5.525489e-09	1.600610e-08	3.016398e+01	2.061140e+03
3.070000e-06	5.552258e-09	1.603504e-08	3.031012e+01	2.064915e+03
3.080000e-06	5.578543e-09	1.606281e-08	3.045361e+01	2.068591e+03
3.090000e-06	5.604364e-09	1.609008e-08	3.059457e+01	2.072176e+03
3.100000e-06	5.629809e-09	1.611711e-08	3.073347e+01	2.075679e+03
3.110000e-06	5.654895e-09	1.614369e-08	3.087042e+01	2.079108e+03
3.120000e-06	5.679603e-09	1.616983e-08	3.100530e+01	2.082470e+03
3.130000e-06	5.703938e-09	1.619550e-08	3.113815e+01	2.085772e+03
3.140000e-06	5.727933e-09	1.622041e-08	3.126914e+01	2.089019e+03
3.150000e-06	5.751532e-09	1.624444e-08	3.139797e+01	2.092215e+03
3.160000e-06	5.774604e-09	1.626766e-08	3.152392e+01	2.095360e+03
3.170000e-06	5.797174e-09	1.629056e-08	3.164713e+01	2.098454e+03
3.180000e-06	5.819351e-09	1.631344e-08	3.176820e+01	2.101495e+03
3.190000e-06	5.841144e-09	1.633588e-08	3.188717e+01	2.104481e+03
3.200000e-06	5.862537e-09	1.635734e-08	3.200395e+01	2.107408e+03
3.210000e-06	5.883507e-09	1.637794e-08	3.211843e+01	2.110273e+03
3.220000e-06	5.903987e-09	1.639795e-08	3.223023e+01	2.113072e+03
3.230000e-06	5.923902e-09	1.641788e-08	3.233895e+01	2.115804e+03
3.240000e-06	5.943302e-09	1.643814e-08	3.244485e+01	2.118467e+03
3.250000e-06	5.962283e-09	1.645816e-08	3.254847e+01	2.121062e+03
3.260000e-06	5.980867e-09	1.647708e-08	3.264992e+01	2.123591e+03
3.270000e-06	5.999049e-09	1.649502e-08	3.274918e+01	2.126057e+03
3.280000e-06	6.016848e-09	1.651261e-08	3.284634e+01	2.128463e+03
3.290000e-06	6.034278e-09	1.653006e-08	3.294149e+01	2.130814e+03
3.300000e-06	6.051234e-09	1.654748e-08	3.303406e+01	2.133112e+03
3.310000e-06	6.067648e-09	1.656455e-08	3.312366e+01	2.135363e+03
3.320000e-06	6.083609e-09	1.658077e-08	3.321079e+01	2.137569e+03
3.330000e-06	6.099175e-09	1.659668e-08	3.329577e+01	2.139730e+03
3.340000e-06	6.114337e-09	1.661253e-08	3.337854e+01	2.141848e+03
3.350000e-06	6.129101e-09	1.662764e-08	3.345914e+01	2.143920e+03
3.360000e-06	6.143501e-09	1.664207e-08	3.353774e+01	2.145945e+03
3.370000e-06	6.157481e-09	1.665621e-08	3.361406e+01	2.147920e+03
3.380000e-06	6.170925e-09	1.667053e-08	3.368746e+01	2.149840e+03
3.390000e-06	6.183868e-09	1.668554e-08	3.375812e+01	2.151703e+03
3.400000e-06	6.196392e-09	1.670014e-08	3.382648e+01	2.153504e+03
3.410000e-06	6.208500e-09	1.671329e-08	3.389258e+01	2.155241e+03
3.420000e-06	6.220189e-09	1.672556e-08	3.395639e+01	2.156913e+03
3.430000e-06	6.231487e-09	1.673777e-08	3.401807e+01	2.158520e+03
3.440000e-06	6.242372e-09	1.674982e-08	3.407749e+01	2.160062e+03
3.450000e-06	6.252732e-09	1.676126e-08	3.413405e+01	2.161542e+03
3.460000e-06	6.262550e-09	1.677249e-08	3.418764e+01	2.162962e+03
3.470000e-06	6.271900e-09	1.678360e-08	3.423869e+01	2.164326e+03
3.480000e-06	6.280825e-09	1.679428e-08	3.428740e+01	2.165636e+03
3.490000e-06	6.289336e-09	1.680445e-08	3.433387e+01	2.166896e+03
3.500000e-06	6.297468e-09	1.681382e-08	3.437826e+01	2.168108e+03
3.510000e-06	6.305236e-09	1.682202e-08	3.442067e+01	2.169271e+03
3.520000e-06	6.312566e-09	1.682984e-08	3.446068e+01	2.170386e+03
3.530000e-06	6.319418e-09	1.683792e-08	3.449809e+01	2.171450e+03
3.540000e-06	6.325774e-09	1.684598e-08	3.453279e+01	2.172460e+03
3.550000e-06	6.331622e-09	1.685389e-08	3.456471e+01	2.173410e+03
3.560000e-06	6.336981e-09	1.686104e-08	3.459396e+01	2.174295e+03
3.570000e-06	6.341875e-09	1.686698e-08	3.462068e+01	2.175110e+03
3.580000e-06	6.346260e-09	1.687235e-08	3.464462e+01	2.175849e+03
3.590000e-06	6.350058e-09	1.687791e-08	3.466535e+01	2.176507e+03
3.600000e-06	6.353349e-09	1.688307e-08	3.468332e+01	2.177081e+03
3.610000e-06	6.356232e-09	1.688739e-08	3.469906e+01	2.177568e+03
3.620000e-06	6.358687e-09	1.689069e-08	3.471246e+01	2.177968e+03
3.630000e-06	6.360711e-09	1.689292e-08	3.472351e+01	2.178281e+03
3.640000e-06	6.362360e-09	1.689499e-08	3.473251e+01	2.178511e+03
3.650000e-06	6.363586e-09	1.689679e-08	3.473920e+01	2.178660e+03
3.660000e-06	6.364258e-09	1.689741e-08	3.474287e+01	2.178733e+03
3.670000e-06	6.364410e-09	1.689728e-08	3.474370e+01	2.178734e+03
3.680000e-06	6.364136e-09	1.689741e-08	3.474220e+01	2.178668e+03
3.690000e-06	6.363446e-09	1.689755e-08	3.473844e+01	2.178539e+03
3.700000e-06	6.362335e-09	1.689660e-08	3.473237e+01	2.178351e+03
3.710000e-06	6.360851e-09	1.689445e-08	3.472427e+01	2.178105e+03
3.720000e-06	6.358986e-09	1.689210e-08	3.471409e+01	2.177804e+03
3.730000e-06	6.356610e-09	1.688920e-08	3.470112e+01	2.177447e+03
3.740000e-06	6.353715e-09	1.688453e-08	3.468531e+01	2.177034e+03
3.750000e-06	6.350349e-09	1.688248e-08	3.466694e+01	2.176563e+03
3.760000e-06	6.346260e-09	1.688996e-08	3.464461e+01	2.176034e+03
3.770000e-06	6.341172e-09	1.688423e-08	3.461684e+01	2.175445e+03
3.780000e-06	6.335557e-09	1.685362e-08	3.458619e+01	2.174796e+03
3.790000e-06	6.330084e-09	1.685188e-08	3.455631e+01	2.174085e+03
3.800000e-06	6.324503e-09	1.687812e-08	3.452584e+01	2.173314e+03
3.810000e-06	6.318166e-09	1.686623e-08	3.449125e+01	2.172483e+03
3.820000e-06	6.311094e-09	1.682351e-08	3.445264e+01	2.171595e+03
3.830000e-06	6.303793e-09	1.682500e-08	3.441279e+01	2.170651e+03
3.840000e-06	6.296354e-09	1.686053e-08	3.437218e+01	2.169653e+03
3.850000e-06	6.288273e-09	1.684362e-08	3.432806e+01	2.168604e+03
3.860000e-06	6.279374e-09	1.679119e-08	3.427948e+01	2.167506e+03
3.870000e-06	6.270091e-09	1.679161e-08	3.422880e+01	2.166358e+03
3.880000e-06	6.260597e-09	1.682736e-08	3.417698e+01	2.165160e+03
3.890000e-06	6.250590e-09	1.680522e-08	3.412235e+01	2.163912e+03
3.900000e-06	6.240023e-09	1.675277e-08	3.406466e+01	2.162609e+03
3.910000e-06	6.229201e-09	1.676144e-08	3.400558e+01	2.161250e+03
3.920000e-06	6.218050e-09	1.679191e-08	3.394471e+01	2.159829e+03
3.930000e-06	6.206182e-09	1.675552e-08	3.387992e+01	2.158342e+03
3.940000e-06	6.193675e-09	1.670770e-08	3.381164e+01	2.156786e+03
3.950000e-06	6.180903e-09	1.672578e-08	3.374192e+01	2.155157e+03
3.960000e-06	6.167770e-09	1.673840e-08	3.367022e+01	2.153451e+03
3.970000e-06	6.154049e-09	1.668833e-08	3.359532e+01	2.151667e+03
3.980000e-06	6.139916e-09	1.666253e-08	3.351817e+01	2.149805e+03
3.990000e-06	6.125558e-09	1.669043e-08	3.343979e+01	2.147866e+03
4.000000e-06	6.110686e-09	1.667230e-08	3.335860e+01	2.145852e+03
4.010000e-06	6.095132e-09	1.661374e-08	3.327369e+01	2.143765e+03
4.020000e-06	6.079173e-09	1.661502e-08	3.318657e+01	2.141610e+03
4.030000e-06	6.062930e-09	1.663636e-08	3.309790e+01	2.139391e+03
4.040000e-06	6.046213e-09	1.658880e-08	3.300664e+01	2.137109e+03
4.050000e-06	6.029029e-09	1.654615e-08	3.291283e+01	2.134768e+03
4.060000e-06	6.011518e-09	1.656719e-08	3.281724e+01	2.132368e+03
4.070000e-06	5.993583e-09	1.655706e-08	3.271933e+01	2.129911e+03
4.080000e-06	5.975124e-09	1.649683e-08	3.261856e+01	2.127393e+03
4.090000e-06	5.956304e-09	1.648456e-08	3.251582e+01	2.124814e+03
4.100000e-06	5.937132e-09	1.649586e-08	3.241116e+01	2.122168e+03
4.110000e-06	5.917435e-09	1.645366e-08	3.230363e+01	2.119452e+03
4.120000e-06	5.897234e-09	1.641766e-08	3.219335e+01	2.116662e+03
4.130000e-06	5.876618e-09	1.642592e-08	3.208081e+01	2.113792e+03
4.140000e-06	5.855548e-09	1.640117e-08	3.196579e+01	2.110839e+03
4.150000e-06	5.833918e-09	1.634959e-08	3.184771e+01	2.107801e+03
4.160000e-06	5.811750e-09	1.633908e-08	3.172669e+01	2.104676e+03
4.170000e-06	5.789143e-09	1.632982e-08	3.160328e+01	2.101466e+03
4.180000e-06	5.766171e-09	1.628666e-08	3.147787e+01	2.098170e+03
4.190000e-06	5.742806e-09	1.626164e-08	3.135032e+01	2.094793e+03
4.200000e-06	5.719033e-09	1.625220e-08	3.122054e+01	2.091337e+03
4.210000e-06	5.694876e-09	1.621675e-08	3.108866e+01	2.087806e+03
4.220000e-06	5.670269e-09	1.618357e-08	3.095434e+01	2.084205e+03
4.230000e-06	5.645140e-09	1.616645e-08	3.081715e+01	2.080536e+03
4.240000e-06	5.619596e-09	1.613202e-08	3.067771e+01	2.076801e+03
4.250000e-06	5.593722e-09	1.609354e-08	3.053646e+01	2.073001e+03
4.260000e-06	5.567460e-09	1.607325e-08	3.039309e+01	2.069134e+03
4.270000e-06	5.540790e-09	1.604666e-08	3.024750e+01	2.065199e+03
4.280000e-06	5.513776e-09	1.601188e-08	3.010003e+01	2.061190e+03
4.290000e-06	5.486403e-09	1.598431e-08	2.995060e+01	2.057103e+03
4.300000e-06	5.458559e-09	1.595107e-08	2.979860e+01	2.052933e+03
4.310000e-06	5.430212e-09	1.591294e-08	2.964385e+01	2.048674e+03
4.320000e-06	5.401426e-09	1.588326e-08	2.948670e+01	2.044319e+03
4.330000e-06	5.372275e-09	1.584899e-08	2.932757e+01	2.039866e+03
4.340000e-06	5.342777e-09	1.580908e-08	2.916654e+01	2.035309e+03
4.350000e-06	5.312880e-09	1.577682e-08	2.900333e+01	2.030649e+03
4.360000e-06	5.282552e-09	1.574234e-08	2.883776e+01	2.025885e+03
4.370000e-06	5.251796e-09	1.570221e-08	2.866987e+01	2.021018e+03
4.380000e-06	5.220569e-09	1.566628e-08	2.849940e+01	2.016051e+03
4.390000e-06	5.188888e-09	1.562672e-08	2.832645e+01	2.010987e+03
4.400000e-06	5.156864e-09	1.558266e-08	2.815162e+01	2.005831e+03
4.410000e-06	5.124515e-09	1.554611e-08	2.797503e+01	2.000586e+03
4.420000e-06	5.091799e-09	1.550888e-08	2.779643e+01	1.995255e+03
4.430000e-06	5.058751e-09	1.546434e-08	2.761602e+01	1.989841e+03
4.440000e-06	5.025383e-09	1.542218e-08	2.743386e+01	1.984344e+03
4.450000e-06	4.991679e-09	1.538018e-08	2.724987e+01	1.978763e+03
4.460000e-06	4.957593e-09	1.533329e-08	2.706379e+01	1.973096e+03
4.470000e-06	4.923053e-09	1.528907e-08	2.687524e+01	1.967341e+03
4.480000e-06	4.888089e-09	1.524660e-08	2.668437e+01	1.961492e+03
4.490000e-06	4.852808e-09	1.519951e-08	2.649177e+01	1.955546e+03
4.500000e-06	4.817225e-09	1.515164e-08	2.629751e+01	1.949498e+03
4.510000e-06	4.781315e-09	1.510562e-08	2.610148e+01	1.943344e+03
4.520000e-06	4.745093e-09	1.505789e-08	2.590374e+01	1.937079e+03
4.530000e-06	4.708586e-09	1.500800e-08	2.570445e+01	1.930703e+03
4.540000e-06	4.671817e-09	1.495704e-08	2.550372e+01	1.924214e+03
4.550000e-06	4.634740e-09	1.490584e-08	2.530132e+01	1.917610e+03
4.560000e-06	4.597248e-09	1.485483e-08	2.509664e+01	1.910893e+03
4.570000e-06	4.559306e-09	1.480282e-08	2.488952e+01	1.904062e+03
4.580000e-06	4.521005e-09	1.474937e-08	2.468043e+01	1.897119e+03
4.590000e-06	4.482419e-09	1.469531e-08	2.446979e+01	1.890062e+03
4.600000e-06	4.443532e-09	1.463974e-08	2.425750e+01	1.882890e+03
4.610000e-06	4.404320e-09	1.458278e-08	2.404344e+01	1.875600e+03
4.620000e-06	4.364806e-09	1.452570e-08	2.382773e+01	1.868188e+03
4.630000e-06	4.325021e-09	1.446736e-08	2.361054e+01	1.860646e+03
4.640000e-06	4.284978e-09	1.440706e-08	2.339195e+01	1.852968e+03
4.650000e-06	4.244634e-09	1.434681e-08	2.317170e+01	1.845144e+03
4.660000e-06	4.203918e-09	1.428707e-08	2.294943e+01	1.837167e+03
4.670000e-06	4.162815e-09	1.422540e-08	2.272505e+01	1.829026e+03
4.680000e-06	4.121384e-09	1.416052e-08	2.249887e+01	1.820716e+03
4.690000e-06	4.079662e-09	1.409391e-08	2.227111e+01	1.812230e+03
4.700000e-06	4.037651e-09	1.402711e-08	2.204177e+01	1.803566e+03
4.710000e-06	3.995338e-09	1.396000e-08	2.181078e+01	1.794722e+03
4.720000e-06	3.952741e-09	1.389159e-08	2.157824e+01	1.785701e+03
4.730000e-06	3.909894e-09	1.382113e-08	2.134434e+01	1.776508e+03
4.740000e-06	3.866812e-09	1.374834e-08	2.110915e+01	1.767150e+03
4.750000e-06	3.823493e-09	1.367404e-08	2.087267e+01	1.757635e+03
4.760000e-06	3.779921e-09	1.359940e-08	2.063481e+01	1.747972e+03
4.770000e-06	3.736073e-09	1.352370e-08	2.039544e+01	1.738169e+03
4.780000e-06	3.691944e-09	1.344649e-08	2.015453e+01	1.728233e+03
4.790000e-06	3.647539e-09	1.336844e-08	1.991212e+01	1.718170e+03
4.800000e-06	3.602867e-09	1.328935e-08	1.966826e+01	1.707979e+03
4.810000e-06	3.557917e-09	1.320867e-08	1.942288e+01	1.697660e+03
4.820000e-06	3.512677e-09	1.312664e-08	1.917591e+01	1.687205e+03
4.830000e-06	3.467160e-09	1.304344e-08	1.892742e+01	1.676607e+03
4.840000e-06	3.421371e-09	1.295862e-08	1.867746e+01	1.665853e+03
4.850000e-06	3.375310e-09	1.287215e-08	1.842601e+01	1.654928e+03
4.860000e-06	3.328966e-09	1.278482e-08	1.817302e+01	1.643817e+03
4.870000e-06	3.282337e-09	1.269723e-08	1.791846e+01	1.632505e+03
4.880000e-06	3.235418e-09	1.260853e-08	1.766233e+01	1.620979e+03
4.890000e-06	3.188187e-09	1.251762e-08	1.740450e+01	1.609225e+03
4.900000e-06	3.140653e-09	1.242538e-08	1.714500e+01	1.597235e+03
4.910000e-06	3.092869e-09	1.233206e-08	1.688415e+01	1.585002e+03
4.920000e-06	3.044885e-09	1.223610e-08	1.662220e+01	1.572525e+03
4.930000e-06	2.996729e-09	1.213678e-08	1.635931e+01	1.559802e+03
4.940000e-06	2.948396e-09	1.203491e-08	1.609546e+01	1.546838e+03
4.950000e-06	2.899862e-09	1.193145e-08	1.583051e+01	1.533634e+03
4.960000e-06	2.851120e-09	1.182657e-08	1.556443e+01	1.520196e+03
4.970000e-06	2.802183e-09	1.171996e-08	1.529728e+01	1.506528e+03
4.980000e-06	2.753061e-09	1.161120e-08	1.502911e+01	1.492629e+03
4.990000e-06	2.703752e-09	1.150020e-08	1.475993e+01	1.478500e+03
5.000000e-06	2.654253e-09	1.138767e-08	1.448971e+01	1.464135e+03
5.010000e-06	2.604569e-09	1.127444e-08	1.421849e+01	1.449526e+03
5.020000e-06	2.554703e-09	1.115994e-08	1.394626e+01	1.434662e+03
5.030000e-06	2.504651e-09	1.104317e-08	1.367303e+01	1.419526e+03
5.040000e-06	2.454387e-09	1.092388e-08	1.339864e+01	1.404102e+03
5.050000e-06	2.403902e-09	1.080204e-08	1.312303e+01	1.388372e+03
5.060000e-06	2.353201e-09	1.067763e-08	1.284625e+01	1.372318e+03
5.070000e-06	2.302305e-09	1.055059e-08	1.256841e+01	1.355921e+03
5.080000e-06	2.251250e-09	1.042100e-08	1.228970e+01	1.339166e+03
5.090000e-06	2.200056e-09	1.028839e-08	1.201022e+01	1.322041e+03
5.100000e-06	2.148723e-09	1.015214e-08	1.173000e+01	1.304536e+03
5.110000e-06	2.097258e-09	1.001301e-08	1.144905e+01	1.286644e+03
5.120000e-06	2.045660e-09	9.871035e-09	1.116737e+01	1.268360e+03
5.130000e-06	1.993908e-09	9.725657e-09	1.088485e+01	1.249683e+03
5.140000e-06	1.942001e-09	9.577144e-09	1.060149e+01	1.230609e+03
5.150000e-06	1.889943e-09	9.426101e-09	1.031730e+01	1.211134e+03
5.160000e-06	1.837759e-09	9.272432e-09	1.003242e+01	1.191255e+03
5.170000e-06	1.785468e-09	9.115808e-09	9.746966e+00	1.170962e+03
5.180000e-06	1.733076e-09	8.955543e-09	9.460954e+00	1.150241e+03
5.190000e-06	1.680588e-09	8.790634e-09	9.174417e+00	1.129076e+03
5.200000e-06	1.628006e-09	8.621123e-09	8.887369e+00	1.107442e+03
5.210000e-06	1.575332e-09	8.447858e-09	8.599820e+00	1.085314e+03
5.220000e-06	1.522563e-09	8.271616e-09	8.311752e+00	1.062659e+03
5.230000e-06	1.469702e-09	8.092327e-09	8.023180e+00	1.039444e+03
5.240000e-06	1.416740e-09	7.909182e-09	7.734053e+00	1.015634e+03
5.250000e-06	1.363662e-09	7.720993e-09	7.444298e+00	9.911949e+02
5.260000e-06	1.310465e-09	7.527129e-09	7.153892e+00	9.660942e+02
5.270000e-06	1.257154e-09	7.327777e-09	6.862865e+00	9.403018e+02
5.280000e-06	1.203731e-09	7.122582e-09	6.571225e+00	9.137914e+02
5.290000e-06	1.150184e-09	6.911532e-09	6.278913e+00	8.865402e+02
5.300000e-06	1.096527e-09	6.695438e-09	5.985995e+00	8.585284e+02
5.310000e-06	1.042776e-09	6.473991e-09	5.692566e+00	8.297384e+02
5.320000e-06	9.889469e-10	6.245861e-09	5.398708e+00	8.001528e+02
5.330000e-06	9.350466e-10	6.010847e-09	5.104464e+00	7.697529e+02
5.340000e-06	8.810762e-10	5.769404e-09	4.809836e+00	7.385165e+02
5.350000e-06	8.270398e-10	5.522126e-09	4.514848e+00	7.064161e+02
5.360000e-06	7.729372e-10	5.268401e-09	4.219499e+00	6.734174e+02
5.370000e-06	7.187830e-10	5.006459e-09	3.923868e+00	6.394783e+02
5.380000e-06	6.645798e-10	4.736071e-09	3.627969e+00	6.045491e+02
5.390000e-06	6.103133e-10	4.457244e-09	3.331725e+00	5.685736e+02
5.400000e-06	5.559910e-10	4.169537e-09	3.035176e+00	5.314909e+02
5.410000e-06	5.016302e-10	3.873188e-09	2.738417e+00	4.932389e+02
5.420000e-06	4.472391e-10	3.567941e-09	2.441493e+00	4.537583e+02
5.430000e-06	3.928248e-10	3.251717e-09	2.144442e+00	4.129974e+02
5.440000e-06	3.383874e-10	2.924615e-09	1.847264e+00	3.709178e+02
5.450000e-06	2.839260e-10	2.589114e-09	1.549956e+00	3.274991e+02
5.460000e-06	2.294582e-10	2.245594e-09	1.252613e+00	2.827447e+02
5.470000e-06	1.749947e-10	1.892214e-09	9.552935e-01	2.366858e+02
5.480000e-06	1.205308e-10	1.528016e-09	6.579713e-01	1.893846e+02
5.490000e-06	6.605793e-11	1.153833e-09	3.606007e-01	1.409365e+02
5.500000e-06	1.157801e-11	7.709902e-10	6.319135e-02	9.147004e+01
5.510000e-06	-4.290150e-11	3.810070e-10	-2.342158e-01	4.114585e+01
5.520000e-06	-9.738137e-11	-1.456898e-11	-5.316248e-01	-9.846900e+00
5.530000e-06	-1.518627e-10	-4.142371e-10	-8.290416e-01	-6.129508e+01
5.540000e-06	-2.063420e-10	-8.165373e-10	-1.126448e+00	-1.129678e+02
5.550000e-06	-2.608087e-10	-1.219608e-09	-1.423785e+00	-1.646234e+02
5.560000e-06	-3.152582e-10	-1.621341e-09	-1.721028e+00	-2.160175e+02
5.570000e-06	-3.696921e-10	-2.020252e-09	-2.018186e+00	-2.669107e+02
5.580000e-06	-4.240959e-10	-2.414132e-09	-2.315180e+00	-3.170764e+02
5.590000e-06	-4.784646e-10	-2.799464e-09	-2.611982e+00	-3.663072e+02
5.600000e-06	-5.327942e-10	-3.174418e-09	-2.908571e+00	-4.144216e+02
5.610000e-06	-5.870772e-10	-3.538684e-09	-3.204905e+00	-4.612673e+02
5.620000e-06	-6.413124e-10	-3.891654e-09	-3.500978e+00	-5.067249e+02
5.630000e-06	-6.954937e-10	-4.233957e-09	-3.796757e+00	-5.507084e+02
5.640000e-06	-7.496178e-10	-4.565660e-09	-4.092224e+00	-5.931652e+02
5.650000e-06	-8.036818e-10	-4.885219e-09	-4.387363e+00	-6.340737e+02
5.660000e-06	-8.576851e-10	-5.192904e-09	-4.682170e+00	-6.734402e+02
5.670000e-06	-9.116201e-10	-5.489801e-09	-4.976604e+00	-7.112947e+02
5.680000e-06	-9.654824e-10	-5.775726e-09	-5.270642e+00	-7.476864e+02
5.690000e-06	-1.019268e-09	-6.050855e-09	-5.564259e+00	-7.826783e+02
5.700000e-06	-1.072949e-09	-6.314996e-09	-5.857307e+00	-8.163422e+02
5.710000e-06	-1.126518e-09	-6.568131e-09	-6.149741e+00	-8.487547e+02
5.720000e-06	-1.179983e-09	-6.812498e-09	-6.441610e+00	-8.799927e+02
5.730000e-06	-1.233339e-09	-7.049731e-09	-6.732884e+00	-9.101306e+02
5.740000e-06	-1.286576e-09	-7.278994e-09	-7.023512e+00	-9.392378e+02
5.750000e-06	-1.339694e-09	-7.499266e-09	-7.313482e+00	-9.673778e+02
5.760000e-06	-1.392694e-09	-7.711258e-09	-7.602814e+00	-9.946071e+02
5.770000e-06	-1.445580e-09	-7.916320e-09	-7.891521e+00	-1.020976e+03
5.780000e-06	-1.498371e-09	-8.115031e-09	-8.179714e+00	-1.046528e+03
5.790000e-06	-1.551077e-09	-8.307229e-09	-8.467437e+00	-1.071302e+03
5.800000e-06	-1.603688e-09	-8.493299e-09	-8.754644e+00	-1.095335e+03
5.810000e-06	-1.656201e-09	-8.674482e-09	-9.041315e+00	-1.118659e+03
5.820000e-06	-1.708615e-09	-8.852189e-09	-9.327444e+00	-1.141306e+03
5.830000e-06	-1.760922e-09	-9.025940e-09	-9.612993e+00	-1.163306e+03
5.840000e-06	-1.813108e-09	-9.193455e-09	-9.897881e+00	-1.184690e+03
5.850000e-06	-1.865164e-09	-9.354623e-09	-1.018206e+01	-1.205488e+03
5.860000e-06	-1.917083e-09	-9.511555e-09	-1.046549e+01	-1.225731e+03
5.870000e-06	-1.968869e-09	-9.665470e-09	-1.074819e+01	-1.245448e+03
5.880000e-06	-2.020519e-09	-9.816621e-09	-1.103015e+01	-1.264669e+03
5.890000e-06	-2.072034e-09	-9.964747e-09	-1.131137e+01	-1.283419e+03
5.900000e-06	-2.123418e-09	-1.010925e-08	-1.159188e+01	-1.301724e+03
5.910000e-06	-2.174680e-09	-1.025051e-08	-1.187173e+01	-1.319606e+03
5.920000e-06	-2.225815e-09	-1.038933e-08	-1.215087e+01	-1.337085e+03
5.930000e-06	-2.276810e-09	-1.052461e-08	-1.242926e+01	-1.354177e+03
5.940000e-06	-2.327634e-09	-1.065429e-08	-1.270671e+01	-1.370898e+03
5.950000e-06	-2.378266e-09	-1.077892e-08	-1.298311e+01	-1.387260e+03
5.960000e-06	-2.428690e-09	-1.090089e-08	-1.325838e+01	-1.403271e+03
5.970000e-06	-2.478883e-09	-1.102186e-08	-1.353239e+01	-1.418943e+03
5.980000e-06	-2.528852e-09	-1.114140e-08	-1.380517e+01	-1.434282e+03
5.990000e-06	-2.578613e-09	-1.125852e-08	-1.407682e+01	-1.449298e+03
6.000000e-06	-2.628176e-09	-1.137332e-08	-1.434739e+01	-1.463997e+03
6.010000e-06	-2.677555e-09	-1.148651e-08	-1.461695e+01	-1.478390e+03
6.020000e-06	-2.726752e-09	-1.159870e-08	-1.488552e+01	-1.492485e+03
6.030000e-06	-2.775754e-09	-1.170861e-08	-1.515302e+01	-1.506292e+03
6.040000e-06	-2.824549e-09	-1.181478e-08	-1.541940e+01	-1.519822e+03
6.050000e-06	-2.873135e-09	-1.191817e-08	-1.568463e+01	-1.533085e+03
6.060000e-06	-2.921521e-09	-1.202024e-08	-1.594877e+01	-1.546091e+03
6.070000e-06	-2.969730e-09	-1.212030e-08	-1.621195e+01	-1.558851e+03
6.080000e-06	-3.017767e-09	-1.221760e-08	-1.647419e+01	-1.571375e+03
6.090000e-06	-3.065619e-09	-1.231266e-08	-1.673541e+01	-1.583671e+03
6.100000e-06	-3.113251e-09	-1.240563e-08	-1.699544e+01	-1.595747e+03
6.110000e-06	-3.160601e-09	-1.249695e-08	-1.725393e+01	-1.607613e+03
6.120000e-06	-3.207639e-09	-1.258739e-08	-1.751071e+01	-1.619273e+03
6.130000e-06	-3.254366e-09	-1.267670e-08	-1.776580e+01	-1.630736e+03
6.140000e-06	-3.300809e-09	-1.276407e-08	-1.801933e+01	-1.642006e+03
6.150000e-06	-3.346992e-09	-1.284963e-08	-1.827144e+01	-1.653091e+03
6.160000e-06	-3.392921e-09	-1.293490e-08	-1.852218e+01	-1.663995e+03
6.170000e-06	-3.438588e-09	-1.302046e-08	-1.877147e+01	-1.674726e+03
6.180000e-06	-3.483957e-09	-1.310473e-08	-1.901914e+01	-1.685288e+03
6.190000e-06	-3.528996e-09	-1.318682e-08	-1.926501e+01	-1.695686e+03
6.200000e-06	-3.573706e-09	-1.326731e-08	-1.950909e+01	-1.705926e+03
6.210000e-06	-3.618122e-09	-1.334672e-08	-1.975156e+01	-1.716012e+03
6.220000e-06	-3.662280e-09	-1.342476e-08	-1.999262e+01	-1.725947e+03
6.230000e-06	-3.706200e-09	-1.350124e-08	-2.023238e+01	-1.735731e+03
6.240000e-06	-3.749878e-09	-1.357688e-08	-2.047082e+01	-1.745366e+03
6.250000e-06	-3.793315e-09	-1.365217e-08	-2.070795e+01	-1.754850e+03
6.260000e-06	-3.836517e-09	-1.372659e-08	-2.094379e+01	-1.764179e+03
6.270000e-06	-3.879486e-09	-1.379931e-08	-2.117836e+01	-1.773350e+03
6.280000e-06	-3.922204e-09	-1.386940e-08	-2.141156e+01	-1.782358e+03
6.290000e-06	-3.964650e-09	-1.393709e-08	-2.164327e+01	-1.791196e+03
6.300000e-06	-4.006808e-09	-1.400310e-08	-2.187342e+01	-1.799860e+03
6.310000e-06	-4.048686e-09	-1.406802e-08	-2.210203e+01	-1.808345e+03
6.320000e-06	-4.090309e-09	-1.413207e-08	-2.232925e+01	-1.816648e+03
6.330000e-06	-4.131648e-09	-1.419462e-08	-2.255493e+01	-1.824768e+03
6.340000e-06	-4.172635e-09	-1.425599e-08	-2.277868e+01	-1.832706e+03
6.350000e-06	-4.213237e-09	-1.431680e-08	-2.300033e+01	-1.840467e+03
6.360000e-06	-4.253484e-09	-1.437677e-08	-2.322004e+01	-1.848056e+03
6.370000e-06	-4.293434e-09	-1.443515e-08	-2.343812e+01	-1.855481e+03
6.380000e-06	-4.333107e-09	-1.449140e-08	-2.365470e+01	-1.862755e+03
6.390000e-06	-4.372498e-09	-1.454590e-08	-2.386974e+01	-1.869887e+03
6.400000e-06	-4.411585e-09	-1.460004e-08	-2.408312e+01	-1.876892e+03
6.410000e-06	-4.450365e-09	-1.465444e-08	-2.429482e+01	-1.883780e+03
6.420000e-06	-4.488868e-09	-1.470817e-08	-2.450501e+01	-1.890563e+03
6.430000e-06	-4.527122e-09	-1.476065e-08	-2.471384e+01	-1.897252e+03
6.440000e-06	-4.565072e-09	-1.481213e-08	-2.492101e+01	-1.903855e+03
6.450000e-06	-4.602625e-09	-1.486293e-08	-2.512602e+01	-1.910377e+03
6.460000e-06	-4.639761e-09	-1.491319e-08	-2.532875e+01	-1.916822e+03
6.470000e-06	-4.676537e-09	-1.496277e-08	-2.552951e+01	-1.923191e+03
6.480000e-06	-4.712989e-09	-1.501140e-08	-2.572850e+01	-1.929484e+03
6.490000e-06	-4.749118e-09	-1.505925e-08	-2.592573e+01	-1.935698e+03
6.500000e-06	-4.784906e-09	-1.510722e-08	-2.612110e+01	-1.941831e+03
6.510000e-06	-4.820364e-09	-1.515496e-08	-2.631467e+01	-1.947879e+03
6.520000e-06	-4.855542e-09	-1.520143e-08	-2.650671e+01	-1.953838e+03
6.530000e-06	-4.890423e-09	-1.524702e-08	-2.669713e+01	-1.959706e+03
6.540000e-06	-4.924894e-09	-1.529180e-08	-2.688531e+01	-1.965479e+03
6.550000e-06	-4.958909e-09	-1.533592e-08	-2.707099e+01	-1.971159e+03
6.560000e-06	-4.992541e-09	-1.537992e-08	-2.725459e+01	-1.976744e+03
6.570000e-06	-5.025852e-09	-1.542347e-08	-2.743644e+01	-1.982235e+03
6.580000e-06	-5.058839e-09	-1.546590e-08	-2.761652e+01	-1.987635e+03
6.590000e-06	-5.091484e-09	-1.550742e-08	-2.779473e+01	-1.992945e+03
6.600000e-06	-5.123801e-09	-1.554855e-08	-2.797115e+01	-1.998167e+03
6.610000e-06	-5.155819e-09	-1.558880e-08	-2.814593e+01	-2.003301e+03
6.620000e-06	-5.187519e-09	-1.562759e-08	-2.831899e+01	-2.008348e+03
6.630000e-06	-5.218792e-09	-1.566552e-08	-2.848971e+01	-2.013307e+03
6.640000e-06	-5.249562e-09	-1.570306e-08	-2.865768e+01	-2.018176e+03
6.650000e-06	-5.279859e-09	-1.573974e-08	-2.882308e+01	-2.022951e+03
6.660000e-06	-5.309747e-09	-1.577553e-08	-2.898624e+01	-2.027628e+03
6.670000e-06	-5.339255e-09	-1.581059e-08	-2.914733e+01	-2.032203e+03
6.680000e-06	-5.368398e-09	-1.584445e-08	-2.930642e+01	-2.036672e+03
6.690000e-06	-5.397207e-09	-1.587722e-08	-2.946369e+01	-2.041030e+03
6.700000e-06	-5.425651e-09	-1.590948e-08	-2.961897e+01	-2.045276e+03
6.710000e-06	-5.453625e-09	-1.594107e-08	-2.977167e+01	-2.049408e+03
6.720000e-06	-5.481124e-09	-1.597184e-08	-2.992179e+01	-2.053426e+03
6.730000e-06	-5.508251e-09	-1.600230e-08	-3.006988e+01	-2.057334e+03
6.740000e-06	-5.535038e-09	-1.603243e-08	-3.021611e+01	-2.061135e+03
6.750000e-06	-5.561467e-09	-1.606167e-08	-3.036039e+01	-2.064837e+03
6.760000e-06	-5.587532e-09	-1.609017e-08	-3.050268e+01	-2.068445e+03
6.770000e-06	-5.613246e-09	-1.611793e-08	-3.064306e+01	-2.071969e+03
6.780000e-06	-5.638594e-09	-1.614448e-08	-3.078143e+01	-2.075417e+03
6.790000e-06	-5.663460e-09	-1.617033e-08	-3.091718e+01	-2.078796e+03
6.800000e-06	-5.687813e-09	-1.619641e-08	-3.105012e+01	-2.082114e+03
6.810000e-06	-5.711773e-09	-1.622253e-08	-3.118092e+01	-2.085375e+03
6.820000e-06	-5.735377e-09	-1.624821e-08	-3.130978e+01	-2.088584e+03
6.830000e-06	-5.758575e-09	-1.627353e-08	-3.143642e+01	-2.091742e+03
6.840000e-06	-5.781354e-09	-1.629843e-08	-3.156077e+01	-2.094850e+03
6.850000e-06	-5.803763e-09	-1.632289e-08	-3.168310e+01	-2.097906e+03
6.860000e-06	-5.825765e-09	-1.634680e-08	-3.180321e+01	-2.100907e+03
6.870000e-06	-5.847232e-09	-1.637001e-08	-3.192040e+01	-2.103850e+03
6.880000e-06	-5.868174e-09	-1.639319e-08	-3.203473e+01	-2.106731e+03
6.890000e-06	-5.888678e-09	-1.641648e-08	-3.214665e+01	-2.109548e+03
6.900000e-06	-5.908733e-09	-1.643939e-08	-3.225613e+01	-2.112297e+03
6.910000e-06	-5.928244e-09	-1.646176e-08	-3.236265e+01	-2.114979e+03
6.920000e-06	-5.947189e-09	-1.648334e-08	-3.246607e+01	-2.117592e+03
6.930000e-06	-5.965697e-09	-1.650381e-08	-3.256711e+01	-2.120138e+03
6.940000e-06	-5.983834e-09	-1.652375e-08	-3.266612e+01	-2.122620e+03
6.950000e-06	-6.001611e-09	-1.654345e-08	-3.276316e+01	-2.125042e+03
6.960000e-06	-6.019064e-09	-1.656286e-08	-3.285844e+01	-2.127407e+03
6.970000e-06	-6.036154e-09	-1.658265e-08	-3.295173e+01	-2.129719e+03
6.980000e-06	-6.052826e-09	-1.660214e-08	-3.304275e+01	-2.131982e+03
6.990000e-06	-6.069101e-09	-1.662007e-08	-3.313159e+01	-2.134199e+03
7.000000e-06	-6.085022e-09	-1.663737e-08	-3.321851e+01	-2.136372e+03
7.010000e-06	-6.100501e-09	-1.665498e-08	-3.330301e+01	-2.138502e+03
7.020000e-06	-6.115422e-09	-1.667204e-08	-3.338446e+01	-2.140586e+03
7.030000e-06	-6.129878e-09	-1.668830e-08	-3.346338e+01	-2.142624e+03
7.040000e-06	-6.143953e-09	-1.670411e-08	-3.354022e+01	-2.144612e+03
7.050000e-06	-6.157608e-09	-1.671952e-08	-3.361476e+01	-2.146548e+03
7.060000e-06	-6.170824e-09	-1.673469e-08	-3.368690e+01	-2.148426e+03
7.070000e-06	-6.183633e-09	-1.674977e-08	-3.375683e+01	-2.150243e+03
7.080000e-06	-6.195996e-09	-1.676411e-08	-3.382432e+01	-2.151998e+03
7.090000e-06	-6.207809e-09	-1.677696e-08	-3.388881e+01	-2.153687e+03
7.100000e-06	-6.219124e-09	-1.678884e-08	-3.395058e+01	-2.155311e+03
7.110000e-06	-6.230034e-09	-1.680125e-08	-3.401014e+01	-2.156870e+03
7.120000e-06	-6.240514e-09	-1.681382e-08	-3.406734e+01	-2.158366e+03
7.130000e-06	-6.250545e-09	-1.682518e-08	-3.412211e+01	-2.159802e+03
7.140000e-06	-6.260194e-09	-1.683538e-08	-3.417478e+01	-2.161180e+03
7.150000e-06	-6.269450e-09	-1.684536e-08	-3.422531e+01	-2.162504e+03
7.160000e-06	-6.278168e-09	-1.685575e-08	-3.427290e+01	-2.163777e+03
7.170000e-06	-6.286366e-09	-1.686605e-08	-3.431765e+01	-2.165002e+03
7.180000e-06	-6.294157e-09	-1.687531e-08	-3.436019e+01	-2.166178e+03
7.190000e-06	-6.301539e-09	-1.688303e-08	-3.440048e+01	-2.167306e+03
7.200000e-06	-6.308491e-09	-1.689032e-08	-3.443843e+01	-2.168384e+03
7.210000e-06	-6.315039e-09	-1.689877e-08	-3.447418e+01	-2.169408e+03
7.220000e-06	-6.321169e-09	-1.690708e-08	-3.450765e+01	-2.170374e+03
7.230000e-06	-6.326742e-09	-1.691386e-08	-3.453807e+01	-2.171277e+03
7.240000e-06	-6.331719e-09	-1.691957e-08	-3.456524e+01	-2.172111e+03
7.250000e-06	-6.336189e-09	-1.692443e-08	-3.458964e+01	-2.172871e+03
7.260000e-06	-6.340204e-09	-1.692877e-08	-3.461156e+01	-2.173551e+03
7.270000e-06	-6.343790e-09	-1.693284e-08	-3.463113e+01	-2.174147e+03
7.280000e-06	-6.346993e-09	-1.693617e-08	-3.464862e+01	-2.174657e+03
7.290000e-06	-6.349764e-09	-1.693836e-08	-3.466375e+01	-2.175080e+03
7.300000e-06	-6.351976e-09	-1.693989e-08	-3.467582e+01	-2.175416e+03
7.310000e-06	-6.353693e-09	-1.694112e-08	-3.468520e+01	-2.175668e+03
7.320000e-06	-6.355013e-09	-1.694177e-08	-3.469240e+01	-2.175838e+03
7.330000e-06	-6.355926e-09	-1.694145e-08	-3.469739e+01	-2.175930e+03
7.340000e-06	-6.356388e-09	-1.694052e-08	-3.469991e+01	-2.175950e+03
