# Concentracion g/m^3_=_53300.0
# C_Vs_to_Am_M_A/Vsm_=_128687336408.14134
# pendiente_HvsI_1/m_=_3716.3
# ordenada_HvsI_A/m_=_1297.0
# frecuencia_Hz_=_136467.62920556287
# Promedio de 27 ciclos

Tiempo_(s)	Campo_(V.s)	Magnetizacion_(V.s)	Campo_(kA/m)	Magnetizacion_(A/m)
0.000000e+00	-9.217300e-09	-1.687413e-08	-4.958668e+01	-2.468512e+03
1.000000e-08	-9.217100e-09	-1.687377e-08	-4.958577e+01	-2.468429e+03
2.000000e-08	-9.216190e-09	-1.687260e-08	-4.958104e+01	-2.468294e+03
3.000000e-08	-9.214594e-09	-1.687116e-08	-4.957261e+01	-2.468115e+03
4.000000e-08	-9.212405e-09	-1.686942e-08	-4.956098e+01	-2.467895e+03
5.000000e-08	-9.209642e-09	-1.686721e-08	-4.954625e+01	-2.467634e+03
6.000000e-08	-9.206263e-09	-1.686457e-08	-4.952824e+01	-2.467332e+03
7.000000e-08	-9.202188e-09	-1.686192e-08	-4.950651e+01	-2.466982e+03
8.000000e-08	-9.197414e-09	-1.685990e-08	-4.948097e+01	-2.466580e+03
9.000000e-08	-9.191877e-09	-1.685841e-08	-4.945140e+01	-2.466119e+03
1.000000e-07	-9.185321e-09	-1.685298e-08	-4.941643e+01	-2.465595e+03
1.100000e-07	-9.177601e-09	-1.684160e-08	-4.937517e+01	-2.465006e+03
1.200000e-07	-9.168913e-09	-1.683467e-08	-4.932863e+01	-2.464351e+03
1.300000e-07	-9.159806e-09	-1.683972e-08	-4.927969e+01	-2.463635e+03
1.400000e-07	-9.150663e-09	-1.684043e-08	-4.923053e+01	-2.462866e+03
1.500000e-07	-9.141043e-09	-1.682017e-08	-4.917899e+01	-2.462054e+03
1.600000e-07	-9.130422e-09	-1.680437e-08	-4.912210e+01	-2.461214e+03
1.700000e-07	-9.119102e-09	-1.682186e-08	-4.906129e+01	-2.460361e+03
1.800000e-07	-9.107478e-09	-1.682340e-08	-4.899884e+01	-2.459510e+03
1.900000e-07	-9.095194e-09	-1.678068e-08	-4.893297e+01	-2.458678e+03
2.000000e-07	-9.082028e-09	-1.677120e-08	-4.886232e+01	-2.457877e+03
2.100000e-07	-9.068367e-09	-1.680528e-08	-4.878893e+01	-2.457115e+03
2.200000e-07	-9.054322e-09	-1.679588e-08	-4.871353e+01	-2.456397e+03
2.300000e-07	-9.039504e-09	-1.675718e-08	-4.863404e+01	-2.455722e+03
2.400000e-07	-9.023917e-09	-1.677092e-08	-4.855033e+01	-2.455085e+03
2.500000e-07	-9.007819e-09	-1.678531e-08	-4.846389e+01	-2.454475e+03
2.600000e-07	-8.990938e-09	-1.674443e-08	-4.837335e+01	-2.453877e+03
2.700000e-07	-8.973124e-09	-1.672931e-08	-4.827771e+01	-2.453273e+03
2.800000e-07	-8.954721e-09	-1.675557e-08	-4.817881e+01	-2.452644e+03
2.900000e-07	-8.935712e-09	-1.673654e-08	-4.807677e+01	-2.451968e+03
3.000000e-07	-8.915757e-09	-1.670579e-08	-4.796968e+01	-2.451227e+03
3.100000e-07	-8.895056e-09	-1.672888e-08	-4.785846e+01	-2.450403e+03
3.200000e-07	-8.873832e-09	-1.672711e-08	-4.774445e+01	-2.449479e+03
3.300000e-07	-8.851914e-09	-1.667786e-08	-4.762677e+01	-2.448444e+03
3.400000e-07	-8.829327e-09	-1.667348e-08	-4.750541e+01	-2.447289e+03
3.500000e-07	-8.806240e-09	-1.668948e-08	-4.738133e+01	-2.446007e+03
3.600000e-07	-8.782512e-09	-1.665292e-08	-4.725385e+01	-2.444596e+03
3.700000e-07	-8.758074e-09	-1.662689e-08	-4.712251e+01	-2.443053e+03
3.800000e-07	-8.733064e-09	-1.663996e-08	-4.698809e+01	-2.441378e+03
3.900000e-07	-8.707403e-09	-1.661963e-08	-4.685023e+01	-2.439571e+03
4.000000e-07	-8.680927e-09	-1.658526e-08	-4.670802e+01	-2.437633e+03
4.100000e-07	-8.653742e-09	-1.658502e-08	-4.656195e+01	-2.435564e+03
4.200000e-07	-8.625939e-09	-1.656982e-08	-4.641255e+01	-2.433362e+03
4.300000e-07	-8.597498e-09	-1.653427e-08	-4.625971e+01	-2.431028e+03
4.400000e-07	-8.568484e-09	-1.652414e-08	-4.610382e+01	-2.428559e+03
4.500000e-07	-8.538872e-09	-1.651263e-08	-4.594471e+01	-2.425957e+03
4.600000e-07	-8.508550e-09	-1.648122e-08	-4.578179e+01	-2.423222e+03
4.700000e-07	-8.477552e-09	-1.646417e-08	-4.561521e+01	-2.420357e+03
4.800000e-07	-8.445879e-09	-1.645175e-08	-4.544503e+01	-2.417367e+03
4.900000e-07	-8.413487e-09	-1.642449e-08	-4.527094e+01	-2.414259e+03
5.000000e-07	-8.380503e-09	-1.640207e-08	-4.509362e+01	-2.411042e+03
5.100000e-07	-8.347011e-09	-1.638363e-08	-4.491360e+01	-2.407729e+03
5.200000e-07	-8.312987e-09	-1.635738e-08	-4.473071e+01	-2.404330e+03
5.300000e-07	-8.278400e-09	-1.633414e-08	-4.454481e+01	-2.400860e+03
5.400000e-07	-8.243197e-09	-1.631260e-08	-4.435561e+01	-2.397330e+03
5.500000e-07	-8.207307e-09	-1.628653e-08	-4.416271e+01	-2.393752e+03
5.600000e-07	-8.170746e-09	-1.626336e-08	-4.396619e+01	-2.390131e+03
5.700000e-07	-8.133580e-09	-1.623972e-08	-4.376640e+01	-2.386474e+03
5.800000e-07	-8.095867e-09	-1.621166e-08	-4.356364e+01	-2.382779e+03
5.900000e-07	-8.057629e-09	-1.618631e-08	-4.335807e+01	-2.379043e+03
6.000000e-07	-8.018852e-09	-1.616099e-08	-4.314963e+01	-2.375258e+03
6.100000e-07	-7.979475e-09	-1.613187e-08	-4.293797e+01	-2.371413e+03
6.200000e-07	-7.939496e-09	-1.610423e-08	-4.272307e+01	-2.367496e+03
6.300000e-07	-7.898959e-09	-1.607587e-08	-4.250517e+01	-2.363493e+03
6.400000e-07	-7.857858e-09	-1.604535e-08	-4.228422e+01	-2.359390e+03
6.500000e-07	-7.816171e-09	-1.601708e-08	-4.206012e+01	-2.355175e+03
6.600000e-07	-7.773899e-09	-1.598850e-08	-4.183289e+01	-2.350841e+03
6.700000e-07	-7.731011e-09	-1.595687e-08	-4.160236e+01	-2.346381e+03
6.800000e-07	-7.687512e-09	-1.592598e-08	-4.136851e+01	-2.341794e+03
6.900000e-07	-7.643446e-09	-1.589466e-08	-4.113159e+01	-2.337084e+03
7.000000e-07	-7.598808e-09	-1.586123e-08	-4.089163e+01	-2.332255e+03
7.100000e-07	-7.553584e-09	-1.582788e-08	-4.064852e+01	-2.327318e+03
7.200000e-07	-7.507774e-09	-1.579355e-08	-4.040224e+01	-2.322282e+03
7.300000e-07	-7.461377e-09	-1.575765e-08	-4.015279e+01	-2.317157e+03
7.400000e-07	-7.414440e-09	-1.572330e-08	-3.990042e+01	-2.311952e+03
7.500000e-07	-7.367021e-09	-1.568850e-08	-3.964544e+01	-2.306674e+03
7.600000e-07	-7.319100e-09	-1.565093e-08	-3.938778e+01	-2.301326e+03
7.700000e-07	-7.270644e-09	-1.561326e-08	-3.912727e+01	-2.295908e+03
7.800000e-07	-7.221602e-09	-1.557523e-08	-3.886362e+01	-2.290414e+03
7.900000e-07	-7.171961e-09	-1.553489e-08	-3.859673e+01	-2.284838e+03
8.000000e-07	-7.121791e-09	-1.549436e-08	-3.832695e+01	-2.279169e+03
8.100000e-07	-7.071136e-09	-1.545428e-08	-3.805456e+01	-2.273394e+03
8.200000e-07	-7.019970e-09	-1.541226e-08	-3.777946e+01	-2.267502e+03
8.300000e-07	-6.968261e-09	-1.536939e-08	-3.750144e+01	-2.261481e+03
8.400000e-07	-6.916000e-09	-1.532765e-08	-3.722048e+01	-2.255323e+03
8.500000e-07	-6.863200e-09	-1.528497e-08	-3.693666e+01	-2.249021e+03
8.600000e-07	-6.809928e-09	-1.524028e-08	-3.665025e+01	-2.242575e+03
8.700000e-07	-6.756237e-09	-1.519550e-08	-3.636153e+01	-2.235986e+03
8.800000e-07	-6.702105e-09	-1.514990e-08	-3.607047e+01	-2.229259e+03
8.900000e-07	-6.647500e-09	-1.510289e-08	-3.577692e+01	-2.222403e+03
9.000000e-07	-6.592404e-09	-1.505542e-08	-3.548068e+01	-2.215427e+03
9.100000e-07	-6.536766e-09	-1.500745e-08	-3.518150e+01	-2.208339e+03
9.200000e-07	-6.480531e-09	-1.495849e-08	-3.487916e+01	-2.201148e+03
9.300000e-07	-6.423710e-09	-1.490907e-08	-3.457368e+01	-2.193857e+03
9.400000e-07	-6.366341e-09	-1.485922e-08	-3.426522e+01	-2.186468e+03
9.500000e-07	-6.308444e-09	-1.480780e-08	-3.395394e+01	-2.178976e+03
9.600000e-07	-6.250068e-09	-1.475416e-08	-3.364007e+01	-2.171374e+03
9.700000e-07	-6.191272e-09	-1.469910e-08	-3.332390e+01	-2.163647e+03
9.800000e-07	-6.132078e-09	-1.464321e-08	-3.300558e+01	-2.155781e+03
9.900000e-07	-6.072489e-09	-1.458681e-08	-3.268515e+01	-2.147757e+03
1.000000e-06	-6.012514e-09	-1.452987e-08	-3.236264e+01	-2.139560e+03
1.010000e-06	-5.952148e-09	-1.447198e-08	-3.203801e+01	-2.131172e+03
1.020000e-06	-5.891373e-09	-1.441259e-08	-3.171117e+01	-2.122582e+03
1.030000e-06	-5.830172e-09	-1.435148e-08	-3.138205e+01	-2.113782e+03
1.040000e-06	-5.768523e-09	-1.428924e-08	-3.105053e+01	-2.104770e+03
1.050000e-06	-5.706410e-09	-1.422648e-08	-3.071653e+01	-2.095548e+03
1.060000e-06	-5.643838e-09	-1.416278e-08	-3.038005e+01	-2.086127e+03
1.070000e-06	-5.580837e-09	-1.409705e-08	-3.004122e+01	-2.076517e+03
1.080000e-06	-5.517436e-09	-1.402953e-08	-2.970025e+01	-2.066736e+03
1.090000e-06	-5.453631e-09	-1.396211e-08	-2.935713e+01	-2.056797e+03
1.100000e-06	-5.389418e-09	-1.389539e-08	-2.901180e+01	-2.046716e+03
1.110000e-06	-5.324822e-09	-1.382777e-08	-2.866439e+01	-2.036503e+03
1.120000e-06	-5.259861e-09	-1.375766e-08	-2.831501e+01	-2.026165e+03
1.130000e-06	-5.194515e-09	-1.368483e-08	-2.796360e+01	-2.015700e+03
1.140000e-06	-5.128780e-09	-1.361117e-08	-2.761014e+01	-2.005102e+03
1.150000e-06	-5.062698e-09	-1.353812e-08	-2.725477e+01	-1.994357e+03
1.160000e-06	-4.996308e-09	-1.346416e-08	-2.689768e+01	-1.983444e+03
1.170000e-06	-4.929586e-09	-1.338795e-08	-2.653883e+01	-1.972342e+03
1.180000e-06	-4.862483e-09	-1.331011e-08	-2.617796e+01	-1.961023e+03
1.190000e-06	-4.794982e-09	-1.323105e-08	-2.581499e+01	-1.949464e+03
1.200000e-06	-4.727107e-09	-1.315004e-08	-2.544998e+01	-1.937642e+03
1.210000e-06	-4.658868e-09	-1.306611e-08	-2.508297e+01	-1.925538e+03
1.220000e-06	-4.590253e-09	-1.297961e-08	-2.471396e+01	-1.913140e+03
1.230000e-06	-4.521273e-09	-1.289229e-08	-2.434300e+01	-1.900445e+03
1.240000e-06	-4.451969e-09	-1.280502e-08	-2.397026e+01	-1.887452e+03
1.250000e-06	-4.382381e-09	-1.271683e-08	-2.359598e+01	-1.874171e+03
1.260000e-06	-4.312512e-09	-1.262630e-08	-2.322019e+01	-1.860612e+03
1.270000e-06	-4.242343e-09	-1.253242e-08	-2.284280e+01	-1.846790e+03
1.280000e-06	-4.171864e-09	-1.243601e-08	-2.246376e+01	-1.832719e+03
1.290000e-06	-4.101080e-09	-1.233890e-08	-2.208307e+01	-1.818409e+03
1.300000e-06	-4.030012e-09	-1.224106e-08	-2.170081e+01	-1.803865e+03
1.310000e-06	-3.958652e-09	-1.214135e-08	-2.131698e+01	-1.789086e+03
1.320000e-06	-3.886973e-09	-1.203944e-08	-2.093146e+01	-1.774061e+03
1.330000e-06	-3.814950e-09	-1.193566e-08	-2.054411e+01	-1.758771e+03
1.340000e-06	-3.742586e-09	-1.182952e-08	-2.015492e+01	-1.743191e+03
1.350000e-06	-3.669907e-09	-1.171942e-08	-1.976401e+01	-1.727286e+03
1.360000e-06	-3.596932e-09	-1.160471e-08	-1.937153e+01	-1.711022e+03
1.370000e-06	-3.523686e-09	-1.148652e-08	-1.897759e+01	-1.694360e+03
1.380000e-06	-3.450185e-09	-1.136680e-08	-1.858226e+01	-1.677267e+03
1.390000e-06	-3.376435e-09	-1.124672e-08	-1.818559e+01	-1.659712e+03
1.400000e-06	-3.302459e-09	-1.112535e-08	-1.778768e+01	-1.641672e+03
1.410000e-06	-3.228283e-09	-1.100087e-08	-1.738869e+01	-1.623133e+03
1.420000e-06	-3.153911e-09	-1.087250e-08	-1.698864e+01	-1.604092e+03
1.430000e-06	-3.079316e-09	-1.074118e-08	-1.658742e+01	-1.584550e+03
1.440000e-06	-3.004500e-09	-1.060705e-08	-1.618502e+01	-1.564518e+03
1.450000e-06	-2.929479e-09	-1.046880e-08	-1.578151e+01	-1.544009e+03
1.460000e-06	-2.854232e-09	-1.032629e-08	-1.537679e+01	-1.523036e+03
1.470000e-06	-2.778743e-09	-1.018031e-08	-1.497077e+01	-1.501609e+03
1.480000e-06	-2.703024e-09	-1.003152e-08	-1.456351e+01	-1.479730e+03
1.490000e-06	-2.627086e-09	-9.880378e-09	-1.415504e+01	-1.457391e+03
1.500000e-06	-2.550948e-09	-9.725446e-09	-1.374547e+01	-1.434569e+03
1.510000e-06	-2.474632e-09	-9.564529e-09	-1.333494e+01	-1.411230e+03
1.520000e-06	-2.398157e-09	-9.398000e-09	-1.292357e+01	-1.387325e+03
1.530000e-06	-2.321538e-09	-9.227473e-09	-1.251145e+01	-1.362794e+03
1.540000e-06	-2.244782e-09	-9.052649e-09	-1.209861e+01	-1.337570e+03
1.550000e-06	-2.167890e-09	-8.872683e-09	-1.168503e+01	-1.311580e+03
1.560000e-06	-2.090853e-09	-8.687342e-09	-1.127068e+01	-1.284752e+03
1.570000e-06	-2.013666e-09	-8.496609e-09	-1.085553e+01	-1.257020e+03
1.580000e-06	-1.936335e-09	-8.300470e-09	-1.043958e+01	-1.228326e+03
1.590000e-06	-1.858869e-09	-8.098630e-09	-1.002289e+01	-1.198623e+03
1.600000e-06	-1.781261e-09	-7.890185e-09	-9.605413e+00	-1.167881e+03
1.610000e-06	-1.703508e-09	-7.673967e-09	-9.187153e+00	-1.136078e+03
1.620000e-06	-1.625619e-09	-7.450105e-09	-8.768161e+00	-1.103207e+03
1.630000e-06	-1.547588e-09	-7.219993e-09	-8.348427e+00	-1.069262e+03
1.640000e-06	-1.469426e-09	-6.983882e-09	-7.928015e+00	-1.034242e+03
1.650000e-06	-1.391166e-09	-6.739814e-09	-7.507080e+00	-9.981342e+02
1.660000e-06	-1.312814e-09	-6.486171e-09	-7.085627e+00	-9.609154e+02
1.670000e-06	-1.234374e-09	-6.222918e-09	-6.663665e+00	-9.225392e+02
1.680000e-06	-1.155877e-09	-5.949823e-09	-6.241375e+00	-8.829337e+02
1.690000e-06	-1.077329e-09	-5.666411e-09	-5.818846e+00	-8.419969e+02
1.700000e-06	-9.987141e-10	-5.372344e-09	-5.395969e+00	-7.995969e+02
1.710000e-06	-9.200236e-10	-5.066772e-09	-4.972668e+00	-7.555745e+02
1.720000e-06	-8.412557e-10	-4.749408e-09	-4.548962e+00	-7.097494e+02
1.730000e-06	-7.624074e-10	-4.419629e-09	-4.124817e+00	-6.619297e+02
1.740000e-06	-6.834827e-10	-4.075770e-09	-3.700262e+00	-6.119244e+02
1.750000e-06	-6.045002e-10	-3.716500e-09	-3.275402e+00	-5.595582e+02
1.760000e-06	-5.254715e-10	-3.340893e-09	-2.850272e+00	-5.046870e+02
1.770000e-06	-4.463906e-10	-2.948763e-09	-2.424835e+00	-4.472137e+02
1.780000e-06	-3.672591e-10	-2.540380e-09	-1.999125e+00	-3.871034e+02
1.790000e-06	-2.881115e-10	-2.115898e-09	-1.573329e+00	-3.243946e+02
1.800000e-06	-2.089763e-10	-1.675217e-09	-1.147598e+00	-2.592090e+02
1.810000e-06	-1.298546e-10	-1.218451e-09	-7.219339e-01	-1.917548e+02
1.820000e-06	-5.075257e-11	-7.467603e-10	-2.963782e-01	-1.223265e+02
1.830000e-06	2.832689e-11	-2.623852e-10	1.290378e-01	-5.129885e+01
1.840000e-06	1.074104e-10	2.321235e-10	5.544952e-01	2.088398e+01
1.850000e-06	1.865126e-10	7.332957e-10	9.800922e-01	9.372406e+01
1.860000e-06	2.656075e-10	1.236133e-09	1.405649e+00	1.666886e+02
1.870000e-06	3.446874e-10	1.734997e-09	1.831100e+00	2.392311e+02
1.880000e-06	4.237701e-10	2.224482e-09	2.256551e+00	3.108142e+02
1.890000e-06	5.028392e-10	2.700591e-09	2.681946e+00	3.809312e+02
1.900000e-06	5.818716e-10	3.160717e-09	3.107153e+00	4.491262e+02
1.910000e-06	6.608585e-10	3.602710e-09	3.532105e+00	5.150114e+02
1.920000e-06	7.397904e-10	4.024852e-09	3.956751e+00	5.782791e+02
1.930000e-06	8.186516e-10	4.426318e-09	4.381022e+00	6.387104e+02
1.940000e-06	8.974239e-10	4.807174e-09	4.804830e+00	6.961768e+02
1.950000e-06	9.760984e-10	5.168661e-09	5.228114e+00	7.506387e+02
1.960000e-06	1.054672e-09	5.512159e-09	5.650833e+00	8.021370e+02
1.970000e-06	1.133147e-09	5.838024e-09	6.072992e+00	8.507825e+02
1.980000e-06	1.211526e-09	6.146956e-09	6.494638e+00	8.967411e+02
1.990000e-06	1.289815e-09	6.440839e-09	6.915802e+00	9.402182e+02
2.000000e-06	1.368021e-09	6.721007e-09	7.336545e+00	9.814414e+02
2.010000e-06	1.446156e-09	6.988371e-09	7.756913e+00	1.020645e+03
2.020000e-06	1.524215e-09	7.243903e-09	8.176864e+00	1.058057e+03
2.030000e-06	1.602176e-09	7.488255e-09	8.596278e+00	1.093883e+03
2.040000e-06	1.680017e-09	7.722933e-09	9.015051e+00	1.128305e+03
2.050000e-06	1.757729e-09	7.948590e-09	9.433161e+00	1.161471e+03
2.060000e-06	1.835307e-09	8.165071e-09	9.850569e+00	1.193496e+03
2.070000e-06	1.912746e-09	8.373538e-09	1.026721e+01	1.224461e+03
2.080000e-06	1.990025e-09	8.574831e-09	1.068297e+01	1.254423e+03
2.090000e-06	2.067137e-09	8.768674e-09	1.109782e+01	1.283414e+03
2.100000e-06	2.144086e-09	8.956159e-09	1.151182e+01	1.311454e+03
2.110000e-06	2.220865e-09	9.138596e-09	1.192490e+01	1.338555e+03
2.120000e-06	2.297472e-09	9.315187e-09	1.233707e+01	1.364728e+03
2.130000e-06	2.373922e-09	9.484809e-09	1.274840e+01	1.389991e+03
2.140000e-06	2.450220e-09	9.647719e-09	1.315892e+01	1.414368e+03
2.150000e-06	2.526368e-09	9.805129e-09	1.356861e+01	1.437898e+03
2.160000e-06	2.602359e-09	9.958289e-09	1.397745e+01	1.460627e+03
2.170000e-06	2.678182e-09	1.010824e-08	1.438538e+01	1.482612e+03
2.180000e-06	2.753820e-09	1.025511e-08	1.479232e+01	1.503918e+03
2.190000e-06	2.829251e-09	1.039830e-08	1.519815e+01	1.524608e+03
2.200000e-06	2.904453e-09	1.053717e-08	1.560274e+01	1.544748e+03
2.210000e-06	2.979413e-09	1.067130e-08	1.600605e+01	1.564396e+03
2.220000e-06	3.054129e-09	1.080069e-08	1.640809e+01	1.583601e+03
2.230000e-06	3.128613e-09	1.092630e-08	1.680888e+01	1.602402e+03
2.240000e-06	3.202869e-09	1.104958e-08	1.720840e+01	1.620824e+03
2.250000e-06	3.276896e-09	1.117110e-08	1.760666e+01	1.638881e+03
2.260000e-06	3.350695e-09	1.129090e-08	1.800369e+01	1.656576e+03
2.270000e-06	3.424253e-09	1.140909e-08	1.839945e+01	1.673904e+03
2.280000e-06	3.497566e-09	1.152487e-08	1.879392e+01	1.690854e+03
2.290000e-06	3.570638e-09	1.163684e-08	1.918708e+01	1.707414e+03
2.300000e-06	3.643453e-09	1.174478e-08	1.957888e+01	1.723573e+03
2.310000e-06	3.715989e-09	1.184943e-08	1.996915e+01	1.739326e+03
2.320000e-06	3.788214e-09	1.195122e-08	2.035774e+01	1.754674e+03
2.330000e-06	3.860115e-09	1.205088e-08	2.074460e+01	1.769623e+03
2.340000e-06	3.931696e-09	1.214938e-08	2.112978e+01	1.784191e+03
2.350000e-06	4.002954e-09	1.224616e-08	2.151323e+01	1.798399e+03
2.360000e-06	4.073885e-09	1.234028e-08	2.189493e+01	1.812275e+03
2.370000e-06	4.144489e-09	1.243235e-08	2.227485e+01	1.825851e+03
2.380000e-06	4.214766e-09	1.252329e-08	2.265302e+01	1.839156e+03
2.390000e-06	4.284737e-09	1.261293e-08	2.302953e+01	1.852220e+03
2.400000e-06	4.354427e-09	1.270115e-08	2.340451e+01	1.865065e+03
2.410000e-06	4.423845e-09	1.278819e-08	2.377804e+01	1.877709e+03
2.420000e-06	4.492982e-09	1.287382e-08	2.415004e+01	1.890164e+03
2.430000e-06	4.561806e-09	1.295751e-08	2.452034e+01	1.902432e+03
2.440000e-06	4.630291e-09	1.303902e-08	2.488885e+01	1.914510e+03
2.450000e-06	4.698433e-09	1.311864e-08	2.525555e+01	1.926392e+03
2.460000e-06	4.766224e-09	1.319625e-08	2.562034e+01	1.938066e+03
2.470000e-06	4.833651e-09	1.327164e-08	2.598317e+01	1.949522e+03
2.480000e-06	4.900700e-09	1.334554e-08	2.634397e+01	1.960750e+03
2.490000e-06	4.967371e-09	1.341855e-08	2.670275e+01	1.971745e+03
2.500000e-06	5.033681e-09	1.349044e-08	2.705958e+01	1.982506e+03
2.510000e-06	5.099629e-09	1.356057e-08	2.741446e+01	1.993036e+03
2.520000e-06	5.165198e-09	1.362893e-08	2.776730e+01	2.003347e+03
2.530000e-06	5.230393e-09	1.369661e-08	2.811814e+01	2.013453e+03
2.540000e-06	5.295220e-09	1.376419e-08	2.846699e+01	2.023373e+03
2.550000e-06	5.359680e-09	1.383117e-08	2.881384e+01	2.033124e+03
2.560000e-06	5.423761e-09	1.389686e-08	2.915867e+01	2.042727e+03
2.570000e-06	5.487457e-09	1.396136e-08	2.950145e+01	2.052198e+03
2.580000e-06	5.550780e-09	1.402515e-08	2.984221e+01	2.061548e+03
2.590000e-06	5.613721e-09	1.408780e-08	3.018091e+01	2.070783e+03
2.600000e-06	5.676242e-09	1.414876e-08	3.051736e+01	2.079903e+03
2.610000e-06	5.738314e-09	1.420851e-08	3.085138e+01	2.088902e+03
2.620000e-06	5.799926e-09	1.426754e-08	3.118293e+01	2.097768e+03
2.630000e-06	5.861062e-09	1.432598e-08	3.151195e+01	2.106485e+03
2.640000e-06	5.921725e-09	1.438368e-08	3.183845e+01	2.115036e+03
2.650000e-06	5.981942e-09	1.443991e-08	3.216252e+01	2.123402e+03
2.660000e-06	6.041748e-09	1.449410e-08	3.248435e+01	2.131569e+03
2.670000e-06	6.101145e-09	1.454659e-08	3.280399e+01	2.139525e+03
2.680000e-06	6.160132e-09	1.459764e-08	3.312139e+01	2.147266e+03
2.690000e-06	6.218708e-09	1.464771e-08	3.343657e+01	2.154793e+03
2.700000e-06	6.276847e-09	1.469755e-08	3.374943e+01	2.162114e+03
2.710000e-06	6.334524e-09	1.474692e-08	3.405984e+01	2.169244e+03
2.720000e-06	6.391726e-09	1.479526e-08	3.436769e+01	2.176202e+03
2.730000e-06	6.448446e-09	1.484245e-08	3.467295e+01	2.183013e+03
2.740000e-06	6.504666e-09	1.488846e-08	3.497552e+01	2.189701e+03
2.750000e-06	6.560348e-09	1.493360e-08	3.527518e+01	2.196289e+03
2.760000e-06	6.615482e-09	1.497813e-08	3.557191e+01	2.202798e+03
2.770000e-06	6.670079e-09	1.502188e-08	3.586579e+01	2.209246e+03
2.780000e-06	6.724168e-09	1.506512e-08	3.615691e+01	2.215642e+03
2.790000e-06	6.777789e-09	1.510809e-08	3.644546e+01	2.221991e+03
2.800000e-06	6.830955e-09	1.515042e-08	3.673156e+01	2.228292e+03
2.810000e-06	6.883640e-09	1.519165e-08	3.701507e+01	2.234536e+03
2.820000e-06	6.935820e-09	1.523154e-08	3.729588e+01	2.240712e+03
2.830000e-06	6.987494e-09	1.527053e-08	3.757401e+01	2.246806e+03
2.840000e-06	7.038664e-09	1.530954e-08	3.784943e+01	2.252804e+03
2.850000e-06	7.089337e-09	1.534861e-08	3.812218e+01	2.258691e+03
2.860000e-06	7.139535e-09	1.538714e-08	3.839236e+01	2.264458e+03
2.870000e-06	7.189234e-09	1.542520e-08	3.865986e+01	2.270097e+03
2.880000e-06	7.238391e-09	1.546286e-08	3.892444e+01	2.275606e+03
2.890000e-06	7.286995e-09	1.549947e-08	3.918603e+01	2.280988e+03
2.900000e-06	7.335042e-09	1.553493e-08	3.944465e+01	2.286250e+03
2.910000e-06	7.382542e-09	1.556980e-08	3.970032e+01	2.291402e+03
2.920000e-06	7.429508e-09	1.560425e-08	3.995311e+01	2.296456e+03
2.930000e-06	7.475903e-09	1.563836e-08	4.020283e+01	2.301424e+03
2.940000e-06	7.521685e-09	1.567237e-08	4.044928e+01	2.306318e+03
2.950000e-06	7.566878e-09	1.570640e-08	4.069258e+01	2.311145e+03
2.960000e-06	7.611521e-09	1.573979e-08	4.093291e+01	2.315909e+03
2.970000e-06	7.655642e-09	1.577179e-08	4.117039e+01	2.320612e+03
2.980000e-06	7.699266e-09	1.580254e-08	4.140520e+01	2.325246e+03
2.990000e-06	7.742366e-09	1.583242e-08	4.163721e+01	2.329805e+03
3.000000e-06	7.784883e-09	1.586165e-08	4.186610e+01	2.334277e+03
3.010000e-06	7.826790e-09	1.589057e-08	4.209171e+01	2.338647e+03
3.020000e-06	7.868092e-09	1.591902e-08	4.231405e+01	2.342903e+03
3.030000e-06	7.908819e-09	1.594650e-08	4.253327e+01	2.347033e+03
3.040000e-06	7.948981e-09	1.597344e-08	4.274947e+01	2.351026e+03
3.050000e-06	7.988542e-09	1.599989e-08	4.296244e+01	2.354880e+03
3.060000e-06	8.027480e-09	1.602505e-08	4.317206e+01	2.358593e+03
3.070000e-06	8.065819e-09	1.604911e-08	4.337843e+01	2.362171e+03
3.080000e-06	8.103595e-09	1.607276e-08	4.358175e+01	2.365624e+03
3.090000e-06	8.140849e-09	1.609623e-08	4.378230e+01	2.368964e+03
3.100000e-06	8.177576e-09	1.611937e-08	4.398000e+01	2.372209e+03
3.110000e-06	8.213710e-09	1.614149e-08	4.417453e+01	2.375376e+03
3.120000e-06	8.249204e-09	1.616252e-08	4.436563e+01	2.378480e+03
3.130000e-06	8.284078e-09	1.618317e-08	4.455342e+01	2.381538e+03
3.140000e-06	8.318377e-09	1.620346e-08	4.473810e+01	2.384561e+03
3.150000e-06	8.352125e-09	1.622294e-08	4.491979e+01	2.387555e+03
3.160000e-06	8.385308e-09	1.624194e-08	4.509843e+01	2.390523e+03
3.170000e-06	8.417866e-09	1.626113e-08	4.527375e+01	2.393463e+03
3.180000e-06	8.449783e-09	1.627985e-08	4.544562e+01	2.396369e+03
3.190000e-06	8.481080e-09	1.629744e-08	4.561412e+01	2.399233e+03
3.200000e-06	8.511752e-09	1.631418e-08	4.577926e+01	2.402044e+03
3.210000e-06	8.541775e-09	1.633011e-08	4.594092e+01	2.404791e+03
3.220000e-06	8.571124e-09	1.634568e-08	4.609895e+01	2.407465e+03
3.230000e-06	8.599826e-09	1.636185e-08	4.625348e+01	2.410059e+03
3.240000e-06	8.627916e-09	1.637844e-08	4.640472e+01	2.412569e+03
3.250000e-06	8.655419e-09	1.639457e-08	4.655280e+01	2.414997e+03
3.260000e-06	8.682314e-09	1.641017e-08	4.669763e+01	2.417345e+03
3.270000e-06	8.708533e-09	1.642556e-08	4.683885e+01	2.419621e+03
3.280000e-06	8.734086e-09	1.644073e-08	4.697649e+01	2.421835e+03
3.290000e-06	8.759027e-09	1.645534e-08	4.711080e+01	2.423998e+03
3.300000e-06	8.783397e-09	1.646916e-08	4.724203e+01	2.426122e+03
3.310000e-06	8.807185e-09	1.648241e-08	4.737012e+01	2.428215e+03
3.320000e-06	8.830302e-09	1.649566e-08	4.749462e+01	2.430286e+03
3.330000e-06	8.852733e-09	1.650896e-08	4.761544e+01	2.432339e+03
3.340000e-06	8.874527e-09	1.652205e-08	4.773283e+01	2.434374e+03
3.350000e-06	8.895670e-09	1.653490e-08	4.784672e+01	2.436388e+03
3.360000e-06	8.916085e-09	1.654747e-08	4.795677e+01	2.438373e+03
3.370000e-06	8.935745e-09	1.655981e-08	4.806277e+01	2.440321e+03
3.380000e-06	8.954723e-09	1.657190e-08	4.816507e+01	2.442220e+03
3.390000e-06	8.973091e-09	1.658317e-08	4.826407e+01	2.444058e+03
3.400000e-06	8.990862e-09	1.659326e-08	4.835988e+01	2.445827e+03
3.410000e-06	9.007978e-09	1.660318e-08	4.845220e+01	2.447518e+03
3.420000e-06	9.024385e-09	1.661390e-08	4.854070e+01	2.449126e+03
3.430000e-06	9.040120e-09	1.662491e-08	4.862556e+01	2.450650e+03
3.440000e-06	9.055230e-09	1.663517e-08	4.870704e+01	2.452092e+03
3.450000e-06	9.069736e-09	1.664486e-08	4.878528e+01	2.453459e+03
3.460000e-06	9.083591e-09	1.665455e-08	4.886003e+01	2.454759e+03
3.470000e-06	9.096745e-09	1.666374e-08	4.893099e+01	2.456001e+03
3.480000e-06	9.109257e-09	1.667210e-08	4.899848e+01	2.457196e+03
3.490000e-06	9.121176e-09	1.667992e-08	4.906278e+01	2.458354e+03
3.500000e-06	9.132511e-09	1.668748e-08	4.912394e+01	2.459482e+03
3.510000e-06	9.143190e-09	1.669518e-08	4.918161e+01	2.460584e+03
3.520000e-06	9.153125e-09	1.670323e-08	4.923531e+01	2.461661e+03
3.530000e-06	9.162367e-09	1.671087e-08	4.928525e+01	2.462709e+03
3.540000e-06	9.170985e-09	1.671741e-08	4.933180e+01	2.463721e+03
3.550000e-06	9.179001e-09	1.672324e-08	4.937511e+01	2.464688e+03
3.560000e-06	9.186387e-09	1.672885e-08	4.941504e+01	2.465597e+03
3.570000e-06	9.193081e-09	1.673432e-08	4.945125e+01	2.466436e+03
3.580000e-06	9.199068e-09	1.673948e-08	4.948367e+01	2.467193e+03
3.590000e-06	9.204362e-09	1.674445e-08	4.951236e+01	2.467858e+03
3.600000e-06	9.208927e-09	1.674916e-08	4.953714e+01	2.468423e+03
3.610000e-06	9.212726e-09	1.675311e-08	4.955782e+01	2.468884e+03
3.620000e-06	9.215828e-09	1.675627e-08	4.957470e+01	2.469241e+03
3.630000e-06	9.218307e-09	1.675886e-08	4.958821e+01	2.469497e+03
3.640000e-06	9.220185e-09	1.676103e-08	4.959852e+01	2.469659e+03
3.650000e-06	9.221438e-09	1.676264e-08	4.960547e+01	2.469737e+03
3.660000e-06	9.221983e-09	1.676318e-08	4.960862e+01	2.469740e+03
3.670000e-06	9.221836e-09	1.676275e-08	4.960803e+01	2.469680e+03
3.680000e-06	9.221075e-09	1.676188e-08	4.960411e+01	2.469565e+03
3.690000e-06	9.219721e-09	1.676078e-08	4.959701e+01	2.469403e+03
3.700000e-06	9.217750e-09	1.675969e-08	4.958663e+01	2.469200e+03
3.710000e-06	9.215092e-09	1.675831e-08	4.957256e+01	2.468956e+03
3.720000e-06	9.211790e-09	1.675638e-08	4.955500e+01	2.468671e+03
3.730000e-06	9.207920e-09	1.675414e-08	4.953436e+01	2.468341e+03
3.740000e-06	9.203451e-09	1.675036e-08	4.951053e+01	2.467961e+03
3.750000e-06	9.198279e-09	1.674501e-08	4.948297e+01	2.467525e+03
3.760000e-06	9.192146e-09	1.674554e-08	4.945034e+01	2.467028e+03
3.770000e-06	9.184727e-09	1.675062e-08	4.941085e+01	2.466466e+03
3.780000e-06	9.176046e-09	1.674241e-08	4.936446e+01	2.465837e+03
3.790000e-06	9.166860e-09	1.671993e-08	4.931502e+01	2.465146e+03
3.800000e-06	9.157875e-09	1.671751e-08	4.926665e+01	2.464398e+03
3.810000e-06	9.148662e-09	1.673636e-08	4.921740e+01	2.463602e+03
3.820000e-06	9.138361e-09	1.672896e-08	4.916242e+01	2.462772e+03
3.830000e-06	9.127165e-09	1.669124e-08	4.910233e+01	2.461922e+03
3.840000e-06	9.115789e-09	1.668859e-08	4.904117e+01	2.461069e+03
3.850000e-06	9.103983e-09	1.672144e-08	4.897796e+01	2.460228e+03
3.860000e-06	9.091061e-09	1.671335e-08	4.890882e+01	2.459412e+03
3.870000e-06	9.077327e-09	1.668791e-08	4.883506e+01	2.458633e+03
3.880000e-06	9.063328e-09	1.670744e-08	4.875985e+01	2.457897e+03
3.890000e-06	9.048736e-09	1.671489e-08	4.868163e+01	2.457205e+03
3.900000e-06	9.033200e-09	1.666193e-08	4.859831e+01	2.456553e+03
3.910000e-06	9.017075e-09	1.664326e-08	4.851167e+01	2.455934e+03
3.920000e-06	9.000472e-09	1.669356e-08	4.842257e+01	2.455333e+03
3.930000e-06	8.982976e-09	1.670437e-08	4.832875e+01	2.454733e+03
3.940000e-06	8.964681e-09	1.667110e-08	4.823045e+01	2.454117e+03
3.950000e-06	8.945982e-09	1.668165e-08	4.812995e+01	2.453462e+03
3.960000e-06	8.926708e-09	1.668810e-08	4.802653e+01	2.452750e+03
3.970000e-06	8.906569e-09	1.663341e-08	4.791845e+01	2.451962e+03
3.980000e-06	8.885717e-09	1.661320e-08	4.780651e+01	2.451080e+03
3.990000e-06	8.864211e-09	1.665120e-08	4.769108e+01	2.450092e+03
4.000000e-06	8.841990e-09	1.664724e-08	4.757174e+01	2.448987e+03
4.010000e-06	8.819129e-09	1.663011e-08	4.744894e+01	2.447758e+03
4.020000e-06	8.795644e-09	1.666683e-08	4.732282e+01	2.446400e+03
4.030000e-06	8.771500e-09	1.667418e-08	4.719316e+01	2.444911e+03
4.040000e-06	8.746755e-09	1.662870e-08	4.706023e+01	2.443290e+03
4.050000e-06	8.721370e-09	1.662542e-08	4.692388e+01	2.441538e+03
4.060000e-06	8.695272e-09	1.663416e-08	4.678372e+01	2.439654e+03
4.070000e-06	8.668507e-09	1.659547e-08	4.663996e+01	2.437638e+03
4.080000e-06	8.641035e-09	1.657943e-08	4.649242e+01	2.435491e+03
4.090000e-06	8.612796e-09	1.658515e-08	4.634073e+01	2.433211e+03
4.100000e-06	8.583960e-09	1.655233e-08	4.618576e+01	2.430797e+03
4.110000e-06	8.554610e-09	1.652673e-08	4.602807e+01	2.428250e+03
4.120000e-06	8.524590e-09	1.652355e-08	4.586681e+01	2.425569e+03
4.130000e-06	8.493880e-09	1.649676e-08	4.570182e+01	2.422757e+03
4.140000e-06	8.462538e-09	1.647290e-08	4.553342e+01	2.419818e+03
4.150000e-06	8.430549e-09	1.646344e-08	4.536156e+01	2.416757e+03
4.160000e-06	8.397959e-09	1.643552e-08	4.518641e+01	2.413584e+03
4.170000e-06	8.364791e-09	1.641196e-08	4.500817e+01	2.410308e+03
4.180000e-06	8.330979e-09	1.640110e-08	4.482648e+01	2.406943e+03
4.190000e-06	8.296529e-09	1.637337e-08	4.464134e+01	2.403501e+03
4.200000e-06	8.261459e-09	1.634673e-08	4.445285e+01	2.399995e+03
4.210000e-06	8.225747e-09	1.632960e-08	4.426094e+01	2.396435e+03
4.220000e-06	8.189430e-09	1.630031e-08	4.406576e+01	2.392831e+03
4.230000e-06	8.152540e-09	1.627472e-08	4.386749e+01	2.389188e+03
4.240000e-06	8.115038e-09	1.625729e-08	4.366595e+01	2.385509e+03
4.250000e-06	8.076956e-09	1.622680e-08	4.346127e+01	2.381791e+03
4.260000e-06	8.038341e-09	1.619624e-08	4.325372e+01	2.378027e+03
4.270000e-06	7.999178e-09	1.617544e-08	4.304320e+01	2.374208e+03
4.280000e-06	7.959470e-09	1.614847e-08	4.282974e+01	2.370322e+03
4.290000e-06	7.919215e-09	1.611900e-08	4.261337e+01	2.366356e+03
4.300000e-06	7.878351e-09	1.609290e-08	4.239372e+01	2.362295e+03
4.310000e-06	7.836838e-09	1.606319e-08	4.217058e+01	2.358127e+03
4.320000e-06	7.794711e-09	1.603324e-08	4.194415e+01	2.353842e+03
4.330000e-06	7.752033e-09	1.600609e-08	4.171474e+01	2.349434e+03
4.340000e-06	7.708836e-09	1.597601e-08	4.148253e+01	2.344899e+03
4.350000e-06	7.665097e-09	1.594353e-08	4.124743e+01	2.340239e+03
4.360000e-06	7.620737e-09	1.591106e-08	4.100903e+01	2.335459e+03
4.370000e-06	7.575762e-09	1.587896e-08	4.076726e+01	2.330565e+03
4.380000e-06	7.530236e-09	1.584817e-08	4.052251e+01	2.325568e+03
4.390000e-06	7.484163e-09	1.581571e-08	4.027484e+01	2.320479e+03
4.400000e-06	7.437524e-09	1.577950e-08	4.002416e+01	2.315306e+03
4.410000e-06	7.390301e-09	1.574394e-08	3.977031e+01	2.310057e+03
4.420000e-06	7.342468e-09	1.570973e-08	3.951317e+01	2.304738e+03
4.430000e-06	7.294079e-09	1.567317e-08	3.925305e+01	2.299349e+03
4.440000e-06	7.245203e-09	1.563539e-08	3.899030e+01	2.293887e+03
4.450000e-06	7.195805e-09	1.559792e-08	3.872477e+01	2.288346e+03
4.460000e-06	7.145843e-09	1.555871e-08	3.845620e+01	2.282716e+03
4.470000e-06	7.095328e-09	1.551906e-08	3.818461e+01	2.276986e+03
4.480000e-06	7.044254e-09	1.548051e-08	3.791004e+01	2.271143e+03
4.490000e-06	6.992648e-09	1.543966e-08	3.763259e+01	2.265176e+03
4.500000e-06	6.940558e-09	1.539555e-08	3.735252e+01	2.259075e+03
4.510000e-06	6.887983e-09	1.535182e-08	3.706986e+01	2.252833e+03
4.520000e-06	6.834916e-09	1.530957e-08	3.678456e+01	2.246446e+03
4.530000e-06	6.781398e-09	1.526661e-08	3.649679e+01	2.239915e+03
4.540000e-06	6.727431e-09	1.522204e-08	3.620662e+01	2.233244e+03
4.550000e-06	6.672982e-09	1.517676e-08	3.591388e+01	2.226440e+03
4.560000e-06	6.618039e-09	1.513124e-08	3.561849e+01	2.219512e+03
4.570000e-06	6.562585e-09	1.508474e-08	3.532034e+01	2.212469e+03
4.580000e-06	6.506604e-09	1.503732e-08	3.501937e+01	2.205319e+03
4.590000e-06	6.450096e-09	1.498873e-08	3.471556e+01	2.198069e+03
4.600000e-06	6.393063e-09	1.493810e-08	3.440895e+01	2.190721e+03
4.610000e-06	6.335506e-09	1.488669e-08	3.409953e+01	2.183272e+03
4.620000e-06	6.277463e-09	1.483615e-08	3.378746e+01	2.175716e+03
4.630000e-06	6.218986e-09	1.478467e-08	3.347302e+01	2.168041e+03
4.640000e-06	6.160083e-09	1.473023e-08	3.315632e+01	2.160234e+03
4.650000e-06	6.100732e-09	1.467397e-08	3.283725e+01	2.152277e+03
4.660000e-06	6.040956e-09	1.461793e-08	3.251588e+01	2.144153e+03
4.670000e-06	5.980777e-09	1.456193e-08	3.219231e+01	2.135845e+03
4.680000e-06	5.920182e-09	1.450463e-08	3.186649e+01	2.127339e+03
4.690000e-06	5.859164e-09	1.444550e-08	3.153840e+01	2.118626e+03
4.700000e-06	5.797732e-09	1.438486e-08	3.120808e+01	2.109701e+03
4.710000e-06	5.735875e-09	1.432364e-08	3.087548e+01	2.100565e+03
4.720000e-06	5.673551e-09	1.426235e-08	3.054038e+01	2.091224e+03
4.730000e-06	5.610766e-09	1.419983e-08	3.020278e+01	2.081690e+03
4.740000e-06	5.547557e-09	1.413490e-08	2.986291e+01	2.071977e+03
4.750000e-06	5.483911e-09	1.406767e-08	2.952071e+01	2.062101e+03
4.760000e-06	5.419814e-09	1.399912e-08	2.917606e+01	2.052077e+03
4.770000e-06	5.355304e-09	1.393027e-08	2.882916e+01	2.041917e+03
4.780000e-06	5.290426e-09	1.386115e-08	2.848029e+01	2.031630e+03
4.790000e-06	5.225192e-09	1.379100e-08	2.812951e+01	2.021218e+03
4.800000e-06	5.159589e-09	1.371893e-08	2.777678e+01	2.010676e+03
4.810000e-06	5.093629e-09	1.364461e-08	2.742208e+01	1.999993e+03
4.820000e-06	5.027331e-09	1.356887e-08	2.706552e+01	1.989151e+03
4.830000e-06	4.960697e-09	1.349290e-08	2.670714e+01	1.978129e+03
4.840000e-06	4.893690e-09	1.341605e-08	2.634679e+01	1.966902e+03
4.850000e-06	4.826288e-09	1.333703e-08	2.598434e+01	1.955445e+03
4.860000e-06	4.758517e-09	1.325648e-08	2.561988e+01	1.943733e+03
4.870000e-06	4.690399e-09	1.317572e-08	2.525352e+01	1.931746e+03
4.880000e-06	4.621947e-09	1.309365e-08	2.488535e+01	1.919470e+03
4.890000e-06	4.553176e-09	1.300819e-08	2.451549e+01	1.906897e+03
4.900000e-06	4.484106e-09	1.291967e-08	2.414405e+01	1.894026e+03
4.910000e-06	4.414743e-09	1.283008e-08	2.377102e+01	1.880862e+03
4.920000e-06	4.345080e-09	1.273981e-08	2.339635e+01	1.867415e+03
4.930000e-06	4.275124e-09	1.264813e-08	2.302008e+01	1.853699e+03
4.940000e-06	4.204874e-09	1.255454e-08	2.264227e+01	1.839729e+03
4.950000e-06	4.134315e-09	1.245819e-08	2.226283e+01	1.825516e+03
4.960000e-06	4.063451e-09	1.235920e-08	2.188169e+01	1.811068e+03
4.970000e-06	3.992283e-09	1.225923e-08	2.149890e+01	1.796386e+03
4.980000e-06	3.920786e-09	1.215874e-08	2.111440e+01	1.781464e+03
4.990000e-06	3.848933e-09	1.205583e-08	2.072800e+01	1.766285e+03
5.000000e-06	3.776736e-09	1.194944e-08	2.033972e+01	1.750827e+03
5.010000e-06	3.704210e-09	1.184083e-08	1.994967e+01	1.735059e+03
5.020000e-06	3.631370e-09	1.173068e-08	1.955789e+01	1.718947e+03
5.030000e-06	3.558245e-09	1.161772e-08	1.916457e+01	1.702453e+03
5.040000e-06	3.484864e-09	1.150082e-08	1.876989e+01	1.685540e+03
5.050000e-06	3.411232e-09	1.138054e-08	1.837391e+01	1.668177e+03
5.060000e-06	3.337357e-09	1.125801e-08	1.797658e+01	1.650338e+03
5.070000e-06	3.263251e-09	1.113364e-08	1.757797e+01	1.632006e+03
5.080000e-06	3.188935e-09	1.100702e-08	1.717822e+01	1.613170e+03
5.090000e-06	3.114413e-09	1.087714e-08	1.677739e+01	1.593833e+03
5.100000e-06	3.039682e-09	1.074334e-08	1.637546e+01	1.574001e+03
5.110000e-06	2.964722e-09	1.060623e-08	1.597230e+01	1.553686e+03
5.120000e-06	2.889519e-09	1.046663e-08	1.556781e+01	1.532903e+03
5.130000e-06	2.814086e-09	1.032352e-08	1.516207e+01	1.511661e+03
5.140000e-06	2.738435e-09	1.017541e-08	1.475521e+01	1.489968e+03
5.150000e-06	2.662575e-09	1.002303e-08	1.434723e+01	1.467819e+03
5.160000e-06	2.586506e-09	9.868221e-09	1.393807e+01	1.445198e+03
5.170000e-06	2.510242e-09	9.711259e-09	1.352787e+01	1.422076e+03
5.180000e-06	2.433816e-09	9.550429e-09	1.311679e+01	1.398409e+03
5.190000e-06	2.357240e-09	9.383647e-09	1.270490e+01	1.374143e+03
5.200000e-06	2.280513e-09	9.210988e-09	1.229221e+01	1.349211e+03
5.210000e-06	2.203636e-09	9.033903e-09	1.187870e+01	1.323543e+03
5.220000e-06	2.126614e-09	8.853045e-09	1.146441e+01	1.297067e+03
5.230000e-06	2.049444e-09	8.667587e-09	1.104932e+01	1.269713e+03
5.240000e-06	1.972123e-09	8.475617e-09	1.063344e+01	1.241419e+03
5.250000e-06	1.894655e-09	8.276690e-09	1.021675e+01	1.212135e+03
5.260000e-06	1.817048e-09	8.071981e-09	9.799299e+00	1.181822e+03
5.270000e-06	1.739305e-09	7.862126e-09	9.381103e+00	1.150456e+03
5.280000e-06	1.661421e-09	7.645827e-09	8.962149e+00	1.118024e+03
5.290000e-06	1.583409e-09	7.421162e-09	8.542508e+00	1.084520e+03
5.300000e-06	1.505277e-09	7.188105e-09	8.122223e+00	1.049942e+03
5.310000e-06	1.427041e-09	6.947884e-09	7.701366e+00	1.014282e+03
5.320000e-06	1.348722e-09	6.700607e-09	7.280064e+00	9.775231e+02
5.330000e-06	1.270327e-09	6.444549e-09	6.858343e+00	9.396284e+02
5.340000e-06	1.191857e-09	6.178613e-09	6.436247e+00	9.005371e+02
5.350000e-06	1.113325e-09	5.902781e-09	6.013821e+00	8.601596e+02
5.360000e-06	1.034724e-09	5.616628e-09	5.590994e+00	8.183764e+02
5.370000e-06	9.560414e-10	5.320179e-09	5.167721e+00	7.750389e+02
5.380000e-06	8.772830e-10	5.012428e-09	4.744052e+00	7.299745e+02
5.390000e-06	7.984577e-10	4.691582e-09	4.320028e+00	6.829949e+02
5.400000e-06	7.195630e-10	4.357141e-09	3.895636e+00	6.339072e+02
5.410000e-06	6.406013e-10	4.008909e-09	3.470889e+00	5.825280e+02
5.420000e-06	5.615805e-10	3.646594e-09	3.045812e+00	5.286985e+02
5.430000e-06	4.825086e-10	3.269326e-09	2.620458e+00	4.723007e+02
5.440000e-06	4.034053e-10	2.875487e-09	2.194933e+00	4.132727e+02
5.450000e-06	3.242855e-10	2.464373e-09	1.769293e+00	3.516215e+02
5.460000e-06	2.451532e-10	2.036416e-09	1.343563e+00	2.874341e+02
5.470000e-06	1.660276e-10	1.592032e-09	9.178758e-01	2.208829e+02
5.480000e-06	8.692317e-11	1.131323e-09	4.923068e-01	1.522274e+02
5.490000e-06	7.830959e-12	6.552739e-10	6.682280e-02	8.181043e+01
5.500000e-06	-7.125485e-11	1.672086e-10	-3.586189e-01	1.004901e+01
5.510000e-06	-1.503425e-10	-3.285895e-10	-7.840998e-01	-6.257904e+01
5.520000e-06	-2.294412e-10	-8.285885e-10	-1.209655e+00	-1.355529e+02
5.530000e-06	-3.085402e-10	-1.329042e-09	-1.635203e+00	-2.083293e+02
5.540000e-06	-3.876245e-10	-1.825044e-09	-2.060664e+00	-2.803647e+02
5.550000e-06	-4.666970e-10	-2.311483e-09	-2.486054e+00	-3.511373e+02
5.560000e-06	-5.457450e-10	-2.784868e-09	-2.911322e+00	-4.201684e+02
5.570000e-06	-6.247464e-10	-3.242466e-09	-3.336344e+00	-4.870405e+02
5.580000e-06	-7.036893e-10	-3.681351e-09	-3.761056e+00	-5.514119e+02
5.590000e-06	-7.825696e-10	-4.099626e-09	-4.185443e+00	-6.130267e+02
5.600000e-06	-8.613734e-10	-4.496748e-09	-4.609391e+00	-6.717193e+02
5.610000e-06	-9.400870e-10	-4.873888e-09	-5.032852e+00	-7.274141e+02
5.620000e-06	-1.018721e-09	-5.232690e-09	-5.455904e+00	-7.801200e+02
5.630000e-06	-1.097261e-09	-5.573351e-09	-5.878456e+00	-8.299207e+02
5.640000e-06	-1.175711e-09	-5.896770e-09	-6.300511e+00	-8.769612e+02
5.650000e-06	-1.254085e-09	-6.204910e-09	-6.722166e+00	-9.214324e+02
5.660000e-06	-1.332372e-09	-6.498499e-09	-7.143367e+00	-9.635546e+02
5.670000e-06	-1.410579e-09	-6.777342e-09	-7.564129e+00	-1.003561e+03
5.680000e-06	-1.488701e-09	-7.042436e-09	-7.984419e+00	-1.041684e+03
5.690000e-06	-1.566717e-09	-7.295450e-09	-8.404129e+00	-1.078139e+03
5.700000e-06	-1.644624e-09	-7.537782e-09	-8.823278e+00	-1.113119e+03
5.710000e-06	-1.722423e-09	-7.770650e-09	-9.241857e+00	-1.146786e+03
5.720000e-06	-1.800093e-09	-7.994735e-09	-9.659734e+00	-1.179268e+03
5.730000e-06	-1.877619e-09	-8.210990e-09	-1.007684e+01	-1.210661e+03
5.740000e-06	-1.954998e-09	-8.419535e-09	-1.049315e+01	-1.241029e+03
5.750000e-06	-2.032222e-09	-8.619359e-09	-1.090861e+01	-1.270416e+03
5.760000e-06	-2.109291e-09	-8.811042e-09	-1.132325e+01	-1.298845e+03
5.770000e-06	-2.186185e-09	-8.996630e-09	-1.173695e+01	-1.326329e+03
5.780000e-06	-2.262897e-09	-9.176831e-09	-1.214967e+01	-1.352882e+03
5.790000e-06	-2.339456e-09	-9.350799e-09	-1.256156e+01	-1.378516e+03
5.800000e-06	-2.415872e-09	-9.518648e-09	-1.297269e+01	-1.403253e+03
5.810000e-06	-2.492134e-09	-9.681808e-09	-1.338300e+01	-1.427126e+03
5.820000e-06	-2.568226e-09	-9.840788e-09	-1.379242e+01	-1.450178e+03
5.830000e-06	-2.644141e-09	-9.995505e-09	-1.420087e+01	-1.472462e+03
5.840000e-06	-2.719871e-09	-1.014609e-08	-1.460833e+01	-1.494039e+03
5.850000e-06	-2.795399e-09	-1.029200e-08	-1.501469e+01	-1.514974e+03
5.860000e-06	-2.870702e-09	-1.043320e-08	-1.541986e+01	-1.535333e+03
5.870000e-06	-2.945760e-09	-1.057080e-08	-1.582373e+01	-1.555177e+03
5.880000e-06	-3.020580e-09	-1.070569e-08	-1.622628e+01	-1.574559e+03
5.890000e-06	-3.095168e-09	-1.083776e-08	-1.662759e+01	-1.593523e+03
5.900000e-06	-3.169529e-09	-1.096640e-08	-1.702766e+01	-1.612098e+03
5.910000e-06	-3.243658e-09	-1.109177e-08	-1.742648e+01	-1.630304e+03
5.920000e-06	-3.317538e-09	-1.121464e-08	-1.782399e+01	-1.648148e+03
5.930000e-06	-3.391166e-09	-1.133483e-08	-1.822017e+01	-1.665627e+03
5.940000e-06	-3.464548e-09	-1.145156e-08	-1.861500e+01	-1.682733e+03
5.950000e-06	-3.537678e-09	-1.156450e-08	-1.900848e+01	-1.699455e+03
5.960000e-06	-3.610547e-09	-1.167400e-08	-1.940056e+01	-1.715779e+03
5.970000e-06	-3.683141e-09	-1.178089e-08	-1.979115e+01	-1.731700e+03
5.980000e-06	-3.755443e-09	-1.188581e-08	-2.018020e+01	-1.747213e+03
5.990000e-06	-3.827425e-09	-1.198861e-08	-2.056757e+01	-1.762325e+03
6.000000e-06	-3.899055e-09	-1.208958e-08	-2.095306e+01	-1.777047e+03
6.010000e-06	-3.970323e-09	-1.218960e-08	-2.133659e+01	-1.791400e+03
6.020000e-06	-4.041249e-09	-1.228847e-08	-2.171823e+01	-1.805409e+03
6.030000e-06	-4.111838e-09	-1.238552e-08	-2.209805e+01	-1.819105e+03
6.040000e-06	-4.182099e-09	-1.248025e-08	-2.247613e+01	-1.832518e+03
6.050000e-06	-4.252049e-09	-1.257229e-08	-2.285254e+01	-1.845678e+03
6.060000e-06	-4.321692e-09	-1.266227e-08	-2.322731e+01	-1.858610e+03
6.070000e-06	-4.391039e-09	-1.275087e-08	-2.360046e+01	-1.871335e+03
6.080000e-06	-4.460096e-09	-1.283766e-08	-2.397201e+01	-1.883867e+03
6.090000e-06	-4.528874e-09	-1.292205e-08	-2.434207e+01	-1.896211e+03
6.100000e-06	-4.597368e-09	-1.300420e-08	-2.471064e+01	-1.908368e+03
6.110000e-06	-4.665570e-09	-1.308466e-08	-2.507763e+01	-1.920331e+03
6.120000e-06	-4.733471e-09	-1.316362e-08	-2.544298e+01	-1.932092e+03
6.130000e-06	-4.801048e-09	-1.324110e-08	-2.580662e+01	-1.943639e+03
6.140000e-06	-4.868268e-09	-1.331710e-08	-2.616836e+01	-1.954961e+03
6.150000e-06	-4.935113e-09	-1.339196e-08	-2.652806e+01	-1.966052e+03
6.160000e-06	-5.001585e-09	-1.346644e-08	-2.688576e+01	-1.976909e+03
6.170000e-06	-5.067685e-09	-1.354067e-08	-2.724146e+01	-1.987533e+03
6.180000e-06	-5.133408e-09	-1.361386e-08	-2.759514e+01	-1.997933e+03
6.190000e-06	-5.198753e-09	-1.368543e-08	-2.794679e+01	-2.008121e+03
6.200000e-06	-5.263728e-09	-1.375536e-08	-2.829643e+01	-2.018115e+03
6.210000e-06	-5.328338e-09	-1.382409e-08	-2.864411e+01	-2.027933e+03
6.220000e-06	-5.392568e-09	-1.389208e-08	-2.898975e+01	-2.037595e+03
6.230000e-06	-5.456391e-09	-1.395915e-08	-2.933320e+01	-2.047119e+03
6.240000e-06	-5.519794e-09	-1.402478e-08	-2.967441e+01	-2.056517e+03
6.250000e-06	-5.582770e-09	-1.408891e-08	-3.001334e+01	-2.065799e+03
6.260000e-06	-5.645305e-09	-1.415194e-08	-3.034989e+01	-2.074967e+03
6.270000e-06	-5.707397e-09	-1.421413e-08	-3.068402e+01	-2.084017e+03
6.280000e-06	-5.769060e-09	-1.427543e-08	-3.101582e+01	-2.092939e+03
6.290000e-06	-5.830305e-09	-1.433523e-08	-3.134539e+01	-2.101719e+03
6.300000e-06	-5.891117e-09	-1.439330e-08	-3.167266e+01	-2.110340e+03
6.310000e-06	-5.951492e-09	-1.445017e-08	-3.199759e+01	-2.118784e+03
6.320000e-06	-6.011451e-09	-1.450574e-08	-3.232026e+01	-2.127034e+03
6.330000e-06	-6.070987e-09	-1.455943e-08	-3.264066e+01	-2.135078e+03
6.340000e-06	-6.130087e-09	-1.461150e-08	-3.295876e+01	-2.142908e+03
6.350000e-06	-6.188763e-09	-1.466259e-08	-3.327456e+01	-2.150522e+03
6.360000e-06	-6.247029e-09	-1.471317e-08	-3.358813e+01	-2.157926e+03
6.370000e-06	-6.304874e-09	-1.476345e-08	-3.389944e+01	-2.165132e+03
6.380000e-06	-6.362258e-09	-1.481283e-08	-3.420827e+01	-2.172159e+03
6.390000e-06	-6.419142e-09	-1.486108e-08	-3.451442e+01	-2.179028e+03
6.400000e-06	-6.475497e-09	-1.490856e-08	-3.481774e+01	-2.185763e+03
6.410000e-06	-6.531311e-09	-1.495533e-08	-3.511815e+01	-2.192389e+03
6.420000e-06	-6.586611e-09	-1.500128e-08	-3.541580e+01	-2.198929e+03
6.430000e-06	-6.641428e-09	-1.504653e-08	-3.571085e+01	-2.205401e+03
6.440000e-06	-6.695755e-09	-1.509146e-08	-3.600325e+01	-2.211817e+03
6.450000e-06	-6.749580e-09	-1.513603e-08	-3.629296e+01	-2.218185e+03
6.460000e-06	-6.802921e-09	-1.517965e-08	-3.658008e+01	-2.224506e+03
6.470000e-06	-6.855780e-09	-1.522221e-08	-3.686461e+01	-2.230774e+03
6.480000e-06	-6.908159e-09	-1.526425e-08	-3.714653e+01	-2.236980e+03
6.490000e-06	-6.960084e-09	-1.530586e-08	-3.742598e+01	-2.243110e+03
6.500000e-06	-7.011555e-09	-1.534709e-08	-3.770300e+01	-2.249148e+03
6.510000e-06	-7.062536e-09	-1.538810e-08	-3.797738e+01	-2.255083e+03
6.520000e-06	-7.112998e-09	-1.542851e-08	-3.824899e+01	-2.260900e+03
6.530000e-06	-7.162930e-09	-1.546780e-08	-3.851778e+01	-2.266592e+03
6.540000e-06	-7.212326e-09	-1.550585e-08	-3.878366e+01	-2.272154e+03
6.550000e-06	-7.261187e-09	-1.554309e-08	-3.904666e+01	-2.277588e+03
6.560000e-06	-7.309506e-09	-1.558018e-08	-3.930676e+01	-2.282898e+03
6.570000e-06	-7.357253e-09	-1.561728e-08	-3.956376e+01	-2.288094e+03
6.580000e-06	-7.404412e-09	-1.565392e-08	-3.981762e+01	-2.293187e+03
6.590000e-06	-7.450978e-09	-1.568998e-08	-4.006834e+01	-2.298189e+03
6.600000e-06	-7.496946e-09	-1.572561e-08	-4.031581e+01	-2.303112e+03
6.610000e-06	-7.542299e-09	-1.576032e-08	-4.055996e+01	-2.307966e+03
6.620000e-06	-7.587037e-09	-1.579340e-08	-4.080085e+01	-2.312756e+03
6.630000e-06	-7.631199e-09	-1.582500e-08	-4.103862e+01	-2.317484e+03
6.640000e-06	-7.674844e-09	-1.585610e-08	-4.127354e+01	-2.322147e+03
6.650000e-06	-7.718002e-09	-1.588707e-08	-4.150585e+01	-2.326739e+03
6.660000e-06	-7.760655e-09	-1.591754e-08	-4.173544e+01	-2.331247e+03
6.670000e-06	-7.802762e-09	-1.594772e-08	-4.196212e+01	-2.335661e+03
6.680000e-06	-7.844275e-09	-1.597729e-08	-4.218564e+01	-2.339965e+03
6.690000e-06	-7.885161e-09	-1.600552e-08	-4.240579e+01	-2.344148e+03
6.700000e-06	-7.925431e-09	-1.603236e-08	-4.262262e+01	-2.348198e+03
6.710000e-06	-7.965140e-09	-1.605791e-08	-4.283639e+01	-2.352110e+03
6.720000e-06	-8.004313e-09	-1.608263e-08	-4.304730e+01	-2.355880e+03
6.730000e-06	-8.042958e-09	-1.610723e-08	-4.325538e+01	-2.359513e+03
6.740000e-06	-8.081059e-09	-1.613217e-08	-4.346052e+01	-2.363015e+03
6.750000e-06	-8.118573e-09	-1.615721e-08	-4.366249e+01	-2.366400e+03
6.760000e-06	-8.155496e-09	-1.618174e-08	-4.386127e+01	-2.369682e+03
6.770000e-06	-8.191837e-09	-1.620520e-08	-4.405692e+01	-2.372879e+03
6.780000e-06	-8.227606e-09	-1.622711e-08	-4.424951e+01	-2.376007e+03
6.790000e-06	-8.262792e-09	-1.624792e-08	-4.443897e+01	-2.379083e+03
6.800000e-06	-8.297353e-09	-1.626869e-08	-4.462508e+01	-2.382119e+03
6.810000e-06	-8.331282e-09	-1.628975e-08	-4.480778e+01	-2.385124e+03
6.820000e-06	-8.364617e-09	-1.631081e-08	-4.498724e+01	-2.388103e+03
6.830000e-06	-8.397379e-09	-1.633194e-08	-4.516365e+01	-2.391055e+03
6.840000e-06	-8.429568e-09	-1.635351e-08	-4.533697e+01	-2.393976e+03
6.850000e-06	-8.461120e-09	-1.637480e-08	-4.550692e+01	-2.396858e+03
6.860000e-06	-8.491988e-09	-1.639440e-08	-4.567321e+01	-2.399692e+03
6.870000e-06	-8.522197e-09	-1.641235e-08	-4.583593e+01	-2.402466e+03
6.880000e-06	-8.551794e-09	-1.642998e-08	-4.599535e+01	-2.405171e+03
6.890000e-06	-8.580822e-09	-1.644815e-08	-4.615170e+01	-2.407799e+03
6.900000e-06	-8.609251e-09	-1.646693e-08	-4.630486e+01	-2.410344e+03
6.910000e-06	-8.637017e-09	-1.648540e-08	-4.645450e+01	-2.412805e+03
6.920000e-06	-8.664141e-09	-1.650295e-08	-4.660067e+01	-2.415185e+03
6.930000e-06	-8.690668e-09	-1.652029e-08	-4.674361e+01	-2.417490e+03
6.940000e-06	-8.716612e-09	-1.653760e-08	-4.688341e+01	-2.419728e+03
6.950000e-06	-8.741938e-09	-1.655397e-08	-4.701992e+01	-2.421911e+03
6.960000e-06	-8.766572e-09	-1.656931e-08	-4.715271e+01	-2.424050e+03
6.970000e-06	-8.790522e-09	-1.658410e-08	-4.728182e+01	-2.426155e+03
6.980000e-06	-8.813866e-09	-1.659879e-08	-4.740764e+01	-2.428234e+03
6.990000e-06	-8.836623e-09	-1.661392e-08	-4.753028e+01	-2.430295e+03
7.000000e-06	-8.858728e-09	-1.662909e-08	-4.764947e+01	-2.432337e+03
7.010000e-06	-8.880105e-09	-1.664325e-08	-4.776479e+01	-2.434360e+03
7.020000e-06	-8.900759e-09	-1.665639e-08	-4.787620e+01	-2.436358e+03
7.030000e-06	-8.920686e-09	-1.666912e-08	-4.798372e+01	-2.438322e+03
7.040000e-06	-8.939860e-09	-1.668177e-08	-4.808719e+01	-2.440242e+03
7.050000e-06	-8.958358e-09	-1.669415e-08	-4.818692e+01	-2.442107e+03
7.060000e-06	-8.976288e-09	-1.670596e-08	-4.828356e+01	-2.443905e+03
7.070000e-06	-8.993667e-09	-1.671710e-08	-4.837726e+01	-2.445629e+03
7.080000e-06	-9.010477e-09	-1.672804e-08	-4.846791e+01	-2.447271e+03
7.090000e-06	-9.026703e-09	-1.673947e-08	-4.855543e+01	-2.448830e+03
7.100000e-06	-9.042275e-09	-1.675117e-08	-4.863949e+01	-2.450305e+03
7.110000e-06	-9.057127e-09	-1.676201e-08	-4.871969e+01	-2.451702e+03
7.120000e-06	-9.071308e-09	-1.677156e-08	-4.879622e+01	-2.453028e+03
7.130000e-06	-9.084879e-09	-1.678051e-08	-4.886943e+01	-2.454293e+03
7.140000e-06	-9.097840e-09	-1.678947e-08	-4.893939e+01	-2.455506e+03
7.150000e-06	-9.110126e-09	-1.679822e-08	-4.900578e+01	-2.456679e+03
7.160000e-06	-9.121712e-09	-1.680610e-08	-4.906838e+01	-2.457819e+03
7.170000e-06	-9.132654e-09	-1.681316e-08	-4.912746e+01	-2.458931e+03
7.180000e-06	-9.142974e-09	-1.682030e-08	-4.918319e+01	-2.460018e+03
7.190000e-06	-9.152666e-09	-1.682760e-08	-4.923554e+01	-2.461079e+03
7.200000e-06	-9.161670e-09	-1.683435e-08	-4.928423e+01	-2.462106e+03
7.210000e-06	-9.169958e-09	-1.684009e-08	-4.932909e+01	-2.463093e+03
7.220000e-06	-9.177600e-09	-1.684502e-08	-4.937043e+01	-2.464027e+03
7.230000e-06	-9.184631e-09	-1.684967e-08	-4.940847e+01	-2.464897e+03
7.240000e-06	-9.191019e-09	-1.685444e-08	-4.944308e+01	-2.465689e+03
7.250000e-06	-9.196667e-09	-1.685949e-08	-4.947374e+01	-2.466392e+03
7.260000e-06	-9.201537e-09	-1.686397e-08	-4.950022e+01	-2.466999e+03
7.270000e-06	-9.205712e-09	-1.686689e-08	-4.952293e+01	-2.467503e+03
7.280000e-06	-9.209266e-09	-1.686913e-08	-4.954228e+01	-2.467902e+03
7.290000e-06	-9.212189e-09	-1.687133e-08	-4.955826e+01	-2.468199e+03
7.300000e-06	-9.214417e-09	-1.687250e-08	-4.957052e+01	-2.468399e+03
7.310000e-06	-9.215973e-09	-1.687289e-08	-4.957912e+01	-2.468510e+03
7.320000e-06	-9.216916e-09	-1.687354e-08	-4.958441e+01	-2.468543e+03
