# Concentracion g/m^3_=_53300.0
# C_Vs_to_Am_M_A/Vsm_=_128687336408.14134
# pendiente_HvsI_1/m_=_3716.3
# ordenada_HvsI_A/m_=_1297.0
# frecuencia_Hz_=_136279.6326574687
# Promedio de 27 ciclos

Tiempo_(s)	Campo_(V.s)	Magnetizacion_(V.s)	Campo_(kA/m)	Magnetizacion_(A/m)
0.000000e+00	-7.088925e-09	-1.537134e-08	-3.844859e+01	-2.310055e+03
1.000000e-08	-7.088749e-09	-1.537054e-08	-3.844750e+01	-2.309955e+03
2.000000e-08	-7.088026e-09	-1.536903e-08	-3.844343e+01	-2.309793e+03
3.000000e-08	-7.086724e-09	-1.536730e-08	-3.843627e+01	-2.309575e+03
4.000000e-08	-7.084972e-09	-1.536629e-08	-3.842667e+01	-2.309304e+03
5.000000e-08	-7.082789e-09	-1.536498e-08	-3.841467e+01	-2.308980e+03
6.000000e-08	-7.080115e-09	-1.536221e-08	-3.840006e+01	-2.308605e+03
7.000000e-08	-7.076991e-09	-1.535951e-08	-3.838305e+01	-2.308177e+03
8.000000e-08	-7.073365e-09	-1.535846e-08	-3.836322e+01	-2.307694e+03
9.000000e-08	-7.068928e-09	-1.534896e-08	-3.833891e+01	-2.307152e+03
1.000000e-07	-7.063388e-09	-1.532765e-08	-3.830864e+01	-2.306550e+03
1.100000e-07	-7.056912e-09	-1.532833e-08	-3.827346e+01	-2.305884e+03
1.200000e-07	-7.050188e-09	-1.535978e-08	-3.823705e+01	-2.305153e+03
1.300000e-07	-7.043480e-09	-1.534761e-08	-3.820057e+01	-2.304358e+03
1.400000e-07	-7.036321e-09	-1.529264e-08	-3.816155e+01	-2.303499e+03
1.500000e-07	-7.028447e-09	-1.529532e-08	-3.811871e+01	-2.302580e+03
1.600000e-07	-7.020127e-09	-1.535076e-08	-3.807356e+01	-2.301606e+03
1.700000e-07	-7.011623e-09	-1.532842e-08	-3.802734e+01	-2.300581e+03
1.800000e-07	-7.002651e-09	-1.524203e-08	-3.797850e+01	-2.299511e+03
1.900000e-07	-6.992984e-09	-1.525517e-08	-3.792593e+01	-2.298402e+03
2.000000e-07	-6.982842e-09	-1.532846e-08	-3.787090e+01	-2.297260e+03
2.100000e-07	-6.972426e-09	-1.529255e-08	-3.781431e+01	-2.296087e+03
2.200000e-07	-6.961452e-09	-1.520884e-08	-3.775461e+01	-2.294886e+03
2.300000e-07	-6.949783e-09	-1.523939e-08	-3.769123e+01	-2.293658e+03
2.400000e-07	-6.937688e-09	-1.528717e-08	-3.762554e+01	-2.292401e+03
2.500000e-07	-6.925149e-09	-1.522488e-08	-3.755735e+01	-2.291111e+03
2.600000e-07	-6.911918e-09	-1.517608e-08	-3.748542e+01	-2.289784e+03
2.700000e-07	-6.898097e-09	-1.522087e-08	-3.741042e+01	-2.288413e+03
2.800000e-07	-6.883933e-09	-1.521946e-08	-3.733351e+01	-2.286991e+03
2.900000e-07	-6.869270e-09	-1.515600e-08	-3.725380e+01	-2.285511e+03
3.000000e-07	-6.854010e-09	-1.516526e-08	-3.717092e+01	-2.283966e+03
3.100000e-07	-6.838335e-09	-1.519132e-08	-3.708586e+01	-2.282349e+03
3.200000e-07	-6.822241e-09	-1.512746e-08	-3.699841e+01	-2.280655e+03
3.300000e-07	-6.805497e-09	-1.509206e-08	-3.690745e+01	-2.278879e+03
3.400000e-07	-6.788224e-09	-1.514268e-08	-3.681371e+01	-2.277019e+03
3.500000e-07	-6.770598e-09	-1.512449e-08	-3.671802e+01	-2.275073e+03
3.600000e-07	-6.752491e-09	-1.504694e-08	-3.661968e+01	-2.273040e+03
3.700000e-07	-6.733820e-09	-1.506137e-08	-3.651836e+01	-2.270921e+03
3.800000e-07	-6.714680e-09	-1.509150e-08	-3.641445e+01	-2.268714e+03
3.900000e-07	-6.694931e-09	-1.502710e-08	-3.630718e+01	-2.266420e+03
4.000000e-07	-6.674454e-09	-1.498892e-08	-3.619602e+01	-2.264040e+03
4.100000e-07	-6.653418e-09	-1.501789e-08	-3.608187e+01	-2.261572e+03
4.200000e-07	-6.631929e-09	-1.499117e-08	-3.596523e+01	-2.259015e+03
4.300000e-07	-6.609953e-09	-1.494076e-08	-3.584595e+01	-2.256370e+03
4.400000e-07	-6.587567e-09	-1.495370e-08	-3.572446e+01	-2.253632e+03
4.500000e-07	-6.564767e-09	-1.494387e-08	-3.560067e+01	-2.250802e+03
4.600000e-07	-6.541394e-09	-1.488655e-08	-3.547379e+01	-2.247877e+03
4.700000e-07	-6.517496e-09	-1.487701e-08	-3.534410e+01	-2.244856e+03
4.800000e-07	-6.493191e-09	-1.488048e-08	-3.521219e+01	-2.241741e+03
4.900000e-07	-6.468440e-09	-1.483299e-08	-3.507785e+01	-2.238530e+03
5.000000e-07	-6.443227e-09	-1.480646e-08	-3.494104e+01	-2.235227e+03
5.100000e-07	-6.417612e-09	-1.481068e-08	-3.480203e+01	-2.231835e+03
5.200000e-07	-6.391500e-09	-1.477645e-08	-3.466026e+01	-2.228357e+03
5.300000e-07	-6.364778e-09	-1.473849e-08	-3.451519e+01	-2.224797e+03
5.400000e-07	-6.337553e-09	-1.473290e-08	-3.436745e+01	-2.221160e+03
5.500000e-07	-6.309916e-09	-1.470562e-08	-3.421745e+01	-2.217449e+03
5.600000e-07	-6.281820e-09	-1.466376e-08	-3.406496e+01	-2.213668e+03
5.700000e-07	-6.253307e-09	-1.464964e-08	-3.391023e+01	-2.209818e+03
5.800000e-07	-6.224410e-09	-1.463030e-08	-3.375340e+01	-2.205901e+03
5.900000e-07	-6.195031e-09	-1.459291e-08	-3.359392e+01	-2.201915e+03
6.000000e-07	-6.165089e-09	-1.456946e-08	-3.343140e+01	-2.197858e+03
6.100000e-07	-6.134628e-09	-1.454467e-08	-3.326613e+01	-2.193726e+03
6.200000e-07	-6.103682e-09	-1.450531e-08	-3.309822e+01	-2.189515e+03
6.300000e-07	-6.072224e-09	-1.447821e-08	-3.292749e+01	-2.185219e+03
6.400000e-07	-6.040198e-09	-1.445617e-08	-3.275373e+01	-2.180833e+03
6.500000e-07	-6.007675e-09	-1.442028e-08	-3.257731e+01	-2.176353e+03
6.600000e-07	-5.974756e-09	-1.438750e-08	-3.239871e+01	-2.171773e+03
6.700000e-07	-5.941449e-09	-1.436215e-08	-3.221800e+01	-2.167092e+03
6.800000e-07	-5.907768e-09	-1.432845e-08	-3.203528e+01	-2.162308e+03
6.900000e-07	-5.873725e-09	-1.429295e-08	-3.185059e+01	-2.157421e+03
7.000000e-07	-5.839297e-09	-1.426040e-08	-3.166378e+01	-2.152433e+03
7.100000e-07	-5.804490e-09	-1.422372e-08	-3.147492e+01	-2.147346e+03
7.200000e-07	-5.769346e-09	-1.418880e-08	-3.128426e+01	-2.142162e+03
7.300000e-07	-5.733849e-09	-1.415959e-08	-3.109166e+01	-2.136885e+03
7.400000e-07	-5.697886e-09	-1.412503e-08	-3.089652e+01	-2.131518e+03
7.500000e-07	-5.661426e-09	-1.408457e-08	-3.069875e+01	-2.126063e+03
7.600000e-07	-5.624552e-09	-1.404636e-08	-3.049874e+01	-2.120519e+03
7.700000e-07	-5.587290e-09	-1.400967e-08	-3.029660e+01	-2.114888e+03
7.800000e-07	-5.549627e-09	-1.397022e-08	-3.009229e+01	-2.109166e+03
7.900000e-07	-5.511578e-09	-1.392966e-08	-2.988589e+01	-2.103350e+03
8.000000e-07	-5.473145e-09	-1.388945e-08	-2.967739e+01	-2.097436e+03
8.100000e-07	-5.434285e-09	-1.384892e-08	-2.946655e+01	-2.091418e+03
8.200000e-07	-5.394944e-09	-1.380835e-08	-2.925312e+01	-2.085291e+03
8.300000e-07	-5.355143e-09	-1.376767e-08	-2.903722e+01	-2.079050e+03
8.400000e-07	-5.314966e-09	-1.372446e-08	-2.881928e+01	-2.072690e+03
8.500000e-07	-5.274456e-09	-1.367805e-08	-2.859951e+01	-2.066208e+03
8.600000e-07	-5.233607e-09	-1.363191e-08	-2.837790e+01	-2.059601e+03
8.700000e-07	-5.192412e-09	-1.358821e-08	-2.815443e+01	-2.052869e+03
8.800000e-07	-5.150886e-09	-1.354407e-08	-2.792918e+01	-2.046011e+03
8.900000e-07	-5.109012e-09	-1.349778e-08	-2.770200e+01	-2.039028e+03
9.000000e-07	-5.066721e-09	-1.345125e-08	-2.747249e+01	-2.031920e+03
9.100000e-07	-5.023964e-09	-1.340421e-08	-2.724046e+01	-2.024689e+03
9.200000e-07	-4.980785e-09	-1.335554e-08	-2.700623e+01	-2.017335e+03
9.300000e-07	-4.937253e-09	-1.330567e-08	-2.677011e+01	-2.009856e+03
9.400000e-07	-4.893395e-09	-1.325426e-08	-2.653220e+01	-2.002250e+03
9.500000e-07	-4.849211e-09	-1.320058e-08	-2.629252e+01	-1.994512e+03
9.600000e-07	-4.804701e-09	-1.314696e-08	-2.605110e+01	-1.986636e+03
9.700000e-07	-4.759858e-09	-1.309440e-08	-2.580785e+01	-1.978617e+03
9.800000e-07	-4.714646e-09	-1.304070e-08	-2.556257e+01	-1.970445e+03
9.900000e-07	-4.669020e-09	-1.298405e-08	-2.531505e+01	-1.962113e+03
1.000000e-06	-4.622992e-09	-1.292616e-08	-2.506533e+01	-1.953613e+03
1.010000e-06	-4.576597e-09	-1.286854e-08	-2.481363e+01	-1.944941e+03
1.020000e-06	-4.529864e-09	-1.280989e-08	-2.456012e+01	-1.936091e+03
1.030000e-06	-4.482804e-09	-1.274918e-08	-2.430485e+01	-1.927062e+03
1.040000e-06	-4.435430e-09	-1.268727e-08	-2.404787e+01	-1.917856e+03
1.050000e-06	-4.387750e-09	-1.262453e-08	-2.378922e+01	-1.908474e+03
1.060000e-06	-4.339746e-09	-1.256071e-08	-2.352884e+01	-1.898924e+03
1.070000e-06	-4.291412e-09	-1.249591e-08	-2.326666e+01	-1.889211e+03
1.080000e-06	-4.242729e-09	-1.243072e-08	-2.300256e+01	-1.879344e+03
1.090000e-06	-4.193674e-09	-1.236512e-08	-2.273645e+01	-1.869330e+03
1.100000e-06	-4.144277e-09	-1.229893e-08	-2.246851e+01	-1.859175e+03
1.110000e-06	-4.094600e-09	-1.223158e-08	-2.219906e+01	-1.848883e+03
1.120000e-06	-4.044672e-09	-1.216202e-08	-2.192825e+01	-1.838455e+03
1.130000e-06	-3.994488e-09	-1.209058e-08	-2.165607e+01	-1.827888e+03
1.140000e-06	-3.944051e-09	-1.201848e-08	-2.138253e+01	-1.817175e+03
1.150000e-06	-3.893370e-09	-1.194602e-08	-2.110764e+01	-1.806307e+03
1.160000e-06	-3.842434e-09	-1.187273e-08	-2.083135e+01	-1.795272e+03
1.170000e-06	-3.791228e-09	-1.179824e-08	-2.055360e+01	-1.784053e+03
1.180000e-06	-3.739740e-09	-1.172274e-08	-2.027431e+01	-1.772636e+03
1.190000e-06	-3.687937e-09	-1.164559e-08	-1.999329e+01	-1.761004e+03
1.200000e-06	-3.635794e-09	-1.156577e-08	-1.971042e+01	-1.749142e+03
1.210000e-06	-3.583330e-09	-1.148389e-08	-1.942583e+01	-1.737039e+03
1.220000e-06	-3.530592e-09	-1.140063e-08	-1.913981e+01	-1.724684e+03
1.230000e-06	-3.477629e-09	-1.131602e-08	-1.885255e+01	-1.712074e+03
1.240000e-06	-3.424461e-09	-1.123058e-08	-1.856414e+01	-1.699204e+03
1.250000e-06	-3.371079e-09	-1.114460e-08	-1.827458e+01	-1.686077e+03
1.260000e-06	-3.317475e-09	-1.105718e-08	-1.798384e+01	-1.672695e+03
1.270000e-06	-3.263648e-09	-1.096795e-08	-1.769189e+01	-1.659065e+03
1.280000e-06	-3.209596e-09	-1.087705e-08	-1.739870e+01	-1.645191e+03
1.290000e-06	-3.155327e-09	-1.078438e-08	-1.710433e+01	-1.631076e+03
1.300000e-06	-3.100842e-09	-1.068945e-08	-1.680878e+01	-1.616723e+03
1.310000e-06	-3.046120e-09	-1.059220e-08	-1.651194e+01	-1.602129e+03
1.320000e-06	-2.991133e-09	-1.049354e-08	-1.621366e+01	-1.587289e+03
1.330000e-06	-2.935862e-09	-1.039436e-08	-1.591380e+01	-1.572191e+03
1.340000e-06	-2.880306e-09	-1.029323e-08	-1.561239e+01	-1.556820e+03
1.350000e-06	-2.824475e-09	-1.018860e-08	-1.530956e+01	-1.541160e+03
1.360000e-06	-2.768408e-09	-1.008134e-08	-1.500549e+01	-1.525187e+03
1.370000e-06	-2.712142e-09	-9.972031e-09	-1.470032e+01	-1.508882e+03
1.380000e-06	-2.655678e-09	-9.859754e-09	-1.439407e+01	-1.492221e+03
1.390000e-06	-2.599017e-09	-9.744667e-09	-1.408674e+01	-1.475185e+03
1.400000e-06	-2.542154e-09	-9.627412e-09	-1.377829e+01	-1.457756e+03
1.410000e-06	-2.485092e-09	-9.508051e-09	-1.346879e+01	-1.439922e+03
1.420000e-06	-2.427829e-09	-9.387256e-09	-1.315819e+01	-1.421671e+03
1.430000e-06	-2.370357e-09	-9.265059e-09	-1.284647e+01	-1.402999e+03
1.440000e-06	-2.312688e-09	-9.140308e-09	-1.253366e+01	-1.383903e+03
1.450000e-06	-2.254823e-09	-9.012345e-09	-1.221983e+01	-1.364384e+03
1.460000e-06	-2.196769e-09	-8.881345e-09	-1.190500e+01	-1.344440e+03
1.470000e-06	-2.138545e-09	-8.747116e-09	-1.158924e+01	-1.324072e+03
1.480000e-06	-2.080171e-09	-8.609553e-09	-1.127268e+01	-1.303275e+03
1.490000e-06	-2.021663e-09	-8.468683e-09	-1.095537e+01	-1.282039e+03
1.500000e-06	-1.963039e-09	-8.324398e-09	-1.063740e+01	-1.260351e+03
1.510000e-06	-1.904301e-09	-8.177004e-09	-1.031884e+01	-1.238189e+03
1.520000e-06	-1.845453e-09	-8.026463e-09	-9.999696e+00	-1.215525e+03
1.530000e-06	-1.786509e-09	-7.872136e-09	-9.680034e+00	-1.192324e+03
1.540000e-06	-1.727471e-09	-7.713288e-09	-9.359861e+00	-1.168546e+03
1.550000e-06	-1.668332e-09	-7.549351e-09	-9.039127e+00	-1.144148e+03
1.560000e-06	-1.609088e-09	-7.380797e-09	-8.717824e+00	-1.119087e+03
1.570000e-06	-1.549745e-09	-7.208556e-09	-8.395990e+00	-1.093318e+03
1.580000e-06	-1.490306e-09	-7.032645e-09	-8.073632e+00	-1.066802e+03
1.590000e-06	-1.430773e-09	-6.852008e-09	-7.750744e+00	-1.039502e+03
1.600000e-06	-1.371143e-09	-6.665447e-09	-7.427327e+00	-1.011387e+03
1.610000e-06	-1.311409e-09	-6.472616e-09	-7.103366e+00	-9.824329e+02
1.620000e-06	-1.251570e-09	-6.274599e-09	-6.778844e+00	-9.526195e+02
1.630000e-06	-1.191642e-09	-6.072035e-09	-6.453844e+00	-9.219306e+02
1.640000e-06	-1.131641e-09	-5.864141e-09	-6.128438e+00	-8.903512e+02
1.650000e-06	-1.071575e-09	-5.649743e-09	-5.802668e+00	-8.578648e+02
1.660000e-06	-1.011449e-09	-5.428122e-09	-5.476574e+00	-8.244500e+02
1.670000e-06	-9.512651e-10	-5.199670e-09	-5.150165e+00	-7.900779e+02
1.680000e-06	-8.910267e-10	-4.964149e-09	-4.823448e+00	-7.547093e+02
1.690000e-06	-8.307215e-10	-4.720277e-09	-4.496354e+00	-7.182929e+02
1.700000e-06	-7.703453e-10	-4.468242e-09	-4.168869e+00	-6.807651e+02
1.710000e-06	-7.099086e-10	-4.208696e-09	-3.841053e+00	-6.420504e+02
1.720000e-06	-6.494135e-10	-3.941151e-09	-3.512924e+00	-6.020642e+02
1.730000e-06	-5.888627e-10	-3.664935e-09	-3.184472e+00	-5.607169e+02
1.740000e-06	-5.282608e-10	-3.379583e-09	-2.855739e+00	-5.179192e+02
1.750000e-06	-4.676089e-10	-3.083919e-09	-2.526764e+00	-4.735887e+02
1.760000e-06	-4.069060e-10	-2.777575e-09	-2.197517e+00	-4.276575e+02
1.770000e-06	-3.461651e-10	-2.461228e-09	-1.868049e+00	-3.800800e+02
1.780000e-06	-2.854050e-10	-2.134440e-09	-1.538488e+00	-3.308403e+02
1.790000e-06	-2.246429e-10	-1.797120e-09	-1.208923e+00	-2.799586e+02
1.800000e-06	-1.638944e-10	-1.449924e-09	-8.794326e-01	-2.274964e+02
1.810000e-06	-1.031564e-10	-1.093563e-09	-5.500118e-01	-1.735602e+02
1.820000e-06	-4.241148e-11	-7.289579e-10	-2.205433e-01	-1.183018e+02
1.830000e-06	1.833507e-11	-3.562106e-10	1.089849e-01	-6.191762e+01
1.840000e-06	7.907855e-11	2.485640e-11	4.385345e-01	-4.644224e+00
1.850000e-06	1.398227e-10	4.120858e-10	7.680759e-01	5.324768e+01
1.860000e-06	2.005611e-10	8.016277e-10	1.097546e+00	1.114616e+02
1.870000e-06	2.612924e-10	1.190271e-09	1.426963e+00	1.696851e+02
1.880000e-06	3.220175e-10	1.576119e-09	1.756363e+00	2.276007e+02
1.890000e-06	3.827254e-10	1.957284e-09	2.085681e+00	2.848970e+02
1.900000e-06	4.434048e-10	2.330711e-09	2.414836e+00	3.412794e+02
1.910000e-06	5.040466e-10	2.694399e-09	2.743765e+00	3.964804e+02
1.920000e-06	5.646382e-10	3.047638e-09	3.072422e+00	4.502671e+02
1.930000e-06	6.251648e-10	3.389978e-09	3.400731e+00	5.024482e+02
1.940000e-06	6.856212e-10	3.720309e-09	3.728655e+00	5.528776e+02
1.950000e-06	7.460115e-10	4.037440e-09	4.056224e+00	6.014558e+02
1.960000e-06	8.063335e-10	4.341770e-09	4.383424e+00	6.481293e+02
1.970000e-06	8.665913e-10	4.634078e-09	4.710270e+00	6.928871e+02
1.980000e-06	9.267933e-10	4.915454e-09	5.036780e+00	7.357561e+02
1.990000e-06	9.869398e-10	5.186336e-09	5.362971e+00	7.767945e+02
2.000000e-06	1.047022e-09	5.446007e-09	5.688820e+00	8.160848e+02
2.010000e-06	1.107035e-09	5.694398e-09	6.014272e+00	8.537258e+02
2.020000e-06	1.166969e-09	5.932513e-09	6.339299e+00	8.898260e+02
2.030000e-06	1.226819e-09	6.161696e-09	6.663883e+00	9.244960e+02
2.040000e-06	1.286586e-09	6.381936e-09	6.988011e+00	9.578437e+02
2.050000e-06	1.346275e-09	6.592921e-09	7.311695e+00	9.899695e+02
2.060000e-06	1.405873e-09	6.796684e-09	7.634908e+00	1.020963e+03
2.070000e-06	1.465371e-09	6.994916e-09	7.957585e+00	1.050904e+03
2.080000e-06	1.524770e-09	7.187276e-09	8.279708e+00	1.079857e+03
2.090000e-06	1.584066e-09	7.373046e-09	8.601251e+00	1.107878e+03
2.100000e-06	1.643253e-09	7.552428e-09	8.922176e+00	1.135013e+03
2.110000e-06	1.702326e-09	7.725486e-09	9.242468e+00	1.161300e+03
2.120000e-06	1.761298e-09	7.892061e-09	9.562224e+00	1.186774e+03
2.130000e-06	1.820169e-09	8.053057e-09	9.881453e+00	1.211466e+03
2.140000e-06	1.878925e-09	8.209218e-09	1.020008e+01	1.235408e+03
2.150000e-06	1.937562e-09	8.360644e-09	1.051806e+01	1.258630e+03
2.160000e-06	1.996064e-09	8.508058e-09	1.083530e+01	1.281167e+03
2.170000e-06	2.054429e-09	8.652691e-09	1.115180e+01	1.303054e+03
2.180000e-06	2.112649e-09	8.794330e-09	1.146750e+01	1.324327e+03
2.190000e-06	2.170711e-09	8.931729e-09	1.178229e+01	1.345025e+03
2.200000e-06	2.228594e-09	9.063805e-09	1.209614e+01	1.365183e+03
2.210000e-06	2.286291e-09	9.191518e-09	1.240901e+01	1.384837e+03
2.220000e-06	2.343796e-09	9.317108e-09	1.272084e+01	1.404019e+03
2.230000e-06	2.401090e-09	9.441140e-09	1.303157e+01	1.422757e+03
2.240000e-06	2.458184e-09	9.563089e-09	1.334120e+01	1.441075e+03
2.250000e-06	2.515087e-09	9.682581e-09	1.364975e+01	1.458993e+03
2.260000e-06	2.571793e-09	9.799189e-09	1.395725e+01	1.476524e+03
2.270000e-06	2.628320e-09	9.912936e-09	1.426380e+01	1.493682e+03
2.280000e-06	2.684674e-09	1.002359e-08	1.456939e+01	1.510473e+03
2.290000e-06	2.740839e-09	1.013072e-08	1.487391e+01	1.526904e+03
2.300000e-06	2.796786e-09	1.023495e-08	1.517727e+01	1.542980e+03
2.310000e-06	2.852494e-09	1.033696e-08	1.547933e+01	1.558708e+03
2.320000e-06	2.907943e-09	1.043725e-08	1.577999e+01	1.574094e+03
2.330000e-06	2.963124e-09	1.053586e-08	1.607924e+01	1.589146e+03
2.340000e-06	3.018040e-09	1.063235e-08	1.637706e+01	1.603874e+03
2.350000e-06	3.072698e-09	1.072646e-08	1.667346e+01	1.618290e+03
2.360000e-06	3.127111e-09	1.081868e-08	1.696852e+01	1.632407e+03
2.370000e-06	3.181293e-09	1.090949e-08	1.726232e+01	1.646238e+03
2.380000e-06	3.235253e-09	1.099912e-08	1.755490e+01	1.659797e+03
2.390000e-06	3.288991e-09	1.108766e-08	1.784627e+01	1.673096e+03
2.400000e-06	3.342505e-09	1.117502e-08	1.813646e+01	1.686148e+03
2.410000e-06	3.395803e-09	1.126117e-08	1.842549e+01	1.698962e+03
2.420000e-06	3.448896e-09	1.134592e-08	1.871341e+01	1.711546e+03
2.430000e-06	3.501775e-09	1.142842e-08	1.900016e+01	1.723906e+03
2.440000e-06	3.554407e-09	1.150825e-08	1.928555e+01	1.736046e+03
2.450000e-06	3.606753e-09	1.158606e-08	1.956937e+01	1.747969e+03
2.460000e-06	3.658788e-09	1.166252e-08	1.985152e+01	1.759678e+03
2.470000e-06	3.710516e-09	1.173742e-08	2.013201e+01	1.771176e+03
2.480000e-06	3.761947e-09	1.181027e-08	2.041091e+01	1.782466e+03
2.490000e-06	3.813091e-09	1.188170e-08	2.068825e+01	1.793552e+03
2.500000e-06	3.863968e-09	1.195211e-08	2.096413e+01	1.804441e+03
2.510000e-06	3.914588e-09	1.202169e-08	2.123859e+01	1.815140e+03
2.520000e-06	3.964950e-09	1.209033e-08	2.151165e+01	1.825660e+03
2.530000e-06	4.015057e-09	1.215778e-08	2.178332e+01	1.836009e+03
2.540000e-06	4.064919e-09	1.222436e-08	2.205368e+01	1.846199e+03
2.550000e-06	4.114537e-09	1.229064e-08	2.232270e+01	1.856239e+03
2.560000e-06	4.163871e-09	1.235711e-08	2.259017e+01	1.866137e+03
2.570000e-06	4.212870e-09	1.242258e-08	2.285582e+01	1.875900e+03
2.580000e-06	4.261518e-09	1.248574e-08	2.311963e+01	1.885530e+03
2.590000e-06	4.309820e-09	1.254755e-08	2.338155e+01	1.895029e+03
2.600000e-06	4.357781e-09	1.260872e-08	2.364158e+01	1.904392e+03
2.610000e-06	4.405421e-09	1.266876e-08	2.389988e+01	1.913614e+03
2.620000e-06	4.452758e-09	1.272782e-08	2.415652e+01	1.922687e+03
2.630000e-06	4.499781e-09	1.278650e-08	2.441147e+01	1.931600e+03
2.640000e-06	4.546474e-09	1.284437e-08	2.466463e+01	1.940344e+03
2.650000e-06	4.592811e-09	1.290088e-08	2.491585e+01	1.948907e+03
2.660000e-06	4.638754e-09	1.295621e-08	2.516495e+01	1.957284e+03
2.670000e-06	4.684290e-09	1.301016e-08	2.541188e+01	1.965467e+03
2.680000e-06	4.729435e-09	1.306259e-08	2.565670e+01	1.973456e+03
2.690000e-06	4.774230e-09	1.311381e-08	2.589960e+01	1.981253e+03
2.700000e-06	4.818704e-09	1.316413e-08	2.614075e+01	1.988862e+03
2.710000e-06	4.862861e-09	1.321353e-08	2.638017e+01	1.996295e+03
2.720000e-06	4.906689e-09	1.326191e-08	2.661782e+01	2.003562e+03
2.730000e-06	4.950198e-09	1.330937e-08	2.685374e+01	2.010681e+03
2.740000e-06	4.993398e-09	1.335601e-08	2.708794e+01	2.017665e+03
2.750000e-06	5.036235e-09	1.340163e-08	2.732015e+01	2.024531e+03
2.760000e-06	5.078645e-09	1.344622e-08	2.755006e+01	2.031295e+03
2.770000e-06	5.120623e-09	1.349012e-08	2.777766e+01	2.037967e+03
2.780000e-06	5.162201e-09	1.353346e-08	2.800310e+01	2.044559e+03
2.790000e-06	5.203414e-09	1.357607e-08	2.822655e+01	2.051077e+03
2.800000e-06	5.244275e-09	1.361789e-08	2.844810e+01	2.057523e+03
2.810000e-06	5.284785e-09	1.365902e-08	2.866774e+01	2.063898e+03
2.820000e-06	5.324950e-09	1.369956e-08	2.888550e+01	2.070199e+03
2.830000e-06	5.364748e-09	1.374003e-08	2.910123e+01	2.076421e+03
2.840000e-06	5.404116e-09	1.378019e-08	2.931464e+01	2.082558e+03
2.850000e-06	5.443014e-09	1.381930e-08	2.952553e+01	2.088603e+03
2.860000e-06	5.481469e-09	1.385778e-08	2.973401e+01	2.094551e+03
2.870000e-06	5.519523e-09	1.389591e-08	2.994030e+01	2.100397e+03
2.880000e-06	5.557190e-09	1.393318e-08	3.014447e+01	2.106139e+03
2.890000e-06	5.594480e-09	1.396976e-08	3.034661e+01	2.111775e+03
2.900000e-06	5.631425e-09	1.400597e-08	3.054686e+01	2.117307e+03
2.910000e-06	5.668004e-09	1.404156e-08	3.074510e+01	2.122737e+03
2.920000e-06	5.704136e-09	1.407667e-08	3.094093e+01	2.128069e+03
2.930000e-06	5.739788e-09	1.411199e-08	3.113420e+01	2.133307e+03
2.940000e-06	5.775005e-09	1.414680e-08	3.132511e+01	2.138454e+03
2.950000e-06	5.809838e-09	1.417979e-08	3.151392e+01	2.143515e+03
2.960000e-06	5.844288e-09	1.421178e-08	3.170064e+01	2.148490e+03
2.970000e-06	5.878357e-09	1.424390e-08	3.188530e+01	2.153381e+03
2.980000e-06	5.912070e-09	1.427575e-08	3.206802e+01	2.158184e+03
2.990000e-06	5.945417e-09	1.430660e-08	3.224876e+01	2.162898e+03
3.000000e-06	5.978339e-09	1.433659e-08	3.242719e+01	2.167517e+03
3.010000e-06	6.010800e-09	1.436624e-08	3.260312e+01	2.172036e+03
3.020000e-06	6.042796e-09	1.439551e-08	3.277652e+01	2.176449e+03
3.030000e-06	6.074330e-09	1.442430e-08	3.294742e+01	2.180753e+03
3.040000e-06	6.105407e-09	1.445191e-08	3.311584e+01	2.184942e+03
3.050000e-06	6.136048e-09	1.447823e-08	3.328190e+01	2.189016e+03
3.060000e-06	6.166234e-09	1.450423e-08	3.344548e+01	2.192973e+03
3.070000e-06	6.195895e-09	1.452997e-08	3.360624e+01	2.196817e+03
3.080000e-06	6.225029e-09	1.455517e-08	3.376420e+01	2.200553e+03
3.090000e-06	6.253704e-09	1.457974e-08	3.391966e+01	2.204187e+03
3.100000e-06	6.281949e-09	1.460353e-08	3.407276e+01	2.207727e+03
3.110000e-06	6.309761e-09	1.462671e-08	3.422351e+01	2.211183e+03
3.120000e-06	6.337155e-09	1.464981e-08	3.437201e+01	2.214562e+03
3.130000e-06	6.364123e-09	1.467218e-08	3.451816e+01	2.217873e+03
3.140000e-06	6.390579e-09	1.469254e-08	3.466155e+01	2.221124e+03
3.150000e-06	6.416494e-09	1.471160e-08	3.480202e+01	2.224320e+03
3.160000e-06	6.441944e-09	1.473086e-08	3.493995e+01	2.227463e+03
3.170000e-06	6.466964e-09	1.475061e-08	3.507554e+01	2.230556e+03
3.180000e-06	6.491551e-09	1.477028e-08	3.520879e+01	2.233597e+03
3.190000e-06	6.515742e-09	1.478901e-08	3.533989e+01	2.236584e+03
3.200000e-06	6.539527e-09	1.480677e-08	3.546876e+01	2.239515e+03
3.210000e-06	6.562794e-09	1.482409e-08	3.559485e+01	2.242385e+03
3.220000e-06	6.585510e-09	1.484137e-08	3.571796e+01	2.245190e+03
3.230000e-06	6.607752e-09	1.485826e-08	3.583848e+01	2.247929e+03
3.240000e-06	6.629554e-09	1.487416e-08	3.595659e+01	2.250599e+03
3.250000e-06	6.650890e-09	1.488969e-08	3.607219e+01	2.253201e+03
3.260000e-06	6.671705e-09	1.490581e-08	3.618497e+01	2.255735e+03
3.270000e-06	6.691917e-09	1.492244e-08	3.629450e+01	2.258205e+03
3.280000e-06	6.711516e-09	1.493857e-08	3.640073e+01	2.260614e+03
3.290000e-06	6.730588e-09	1.495367e-08	3.650412e+01	2.262968e+03
3.300000e-06	6.749198e-09	1.496782e-08	3.660498e+01	2.265271e+03
3.310000e-06	6.767358e-09	1.498119e-08	3.670338e+01	2.267528e+03
3.320000e-06	6.785095e-09	1.499440e-08	3.679949e+01	2.269742e+03
3.330000e-06	6.802380e-09	1.500798e-08	3.689314e+01	2.271916e+03
3.340000e-06	6.819114e-09	1.502117e-08	3.698383e+01	2.274049e+03
3.350000e-06	6.835305e-09	1.503385e-08	3.707160e+01	2.276141e+03
3.360000e-06	6.851032e-09	1.504704e-08	3.715683e+01	2.278190e+03
3.370000e-06	6.866302e-09	1.506054e-08	3.723957e+01	2.280191e+03
3.380000e-06	6.881116e-09	1.507321e-08	3.731985e+01	2.282139e+03
3.390000e-06	6.895493e-09	1.508486e-08	3.739779e+01	2.284030e+03
3.400000e-06	6.909361e-09	1.509594e-08	3.747295e+01	2.285859e+03
3.410000e-06	6.922648e-09	1.510705e-08	3.754497e+01	2.287622e+03
3.420000e-06	6.935419e-09	1.511859e-08	3.761417e+01	2.289317e+03
3.430000e-06	6.947723e-09	1.512989e-08	3.768083e+01	2.290942e+03
3.440000e-06	6.959557e-09	1.514000e-08	3.774495e+01	2.292498e+03
3.450000e-06	6.970946e-09	1.514937e-08	3.780665e+01	2.293987e+03
3.460000e-06	6.981863e-09	1.515897e-08	3.786578e+01	2.295413e+03
3.470000e-06	6.992210e-09	1.516861e-08	3.792184e+01	2.296779e+03
3.480000e-06	7.001981e-09	1.517780e-08	3.797481e+01	2.298089e+03
3.490000e-06	7.011249e-09	1.518669e-08	3.802501e+01	2.299349e+03
3.500000e-06	7.020035e-09	1.519518e-08	3.807259e+01	2.300560e+03
3.510000e-06	7.028368e-09	1.520311e-08	3.811771e+01	2.301725e+03
3.520000e-06	7.036289e-09	1.521068e-08	3.816060e+01	2.302842e+03
3.530000e-06	7.043758e-09	1.521767e-08	3.820100e+01	2.303911e+03
3.540000e-06	7.050706e-09	1.522416e-08	3.823857e+01	2.304927e+03
3.550000e-06	7.057102e-09	1.523013e-08	3.827315e+01	2.305885e+03
3.560000e-06	7.062925e-09	1.523579e-08	3.830465e+01	2.306779e+03
3.570000e-06	7.068198e-09	1.524176e-08	3.833319e+01	2.307600e+03
3.580000e-06	7.072941e-09	1.524728e-08	3.835883e+01	2.308343e+03
3.590000e-06	7.077073e-09	1.525159e-08	3.838114e+01	2.309002e+03
3.600000e-06	7.080600e-09	1.525498e-08	3.840018e+01	2.309570e+03
3.610000e-06	7.083631e-09	1.525789e-08	3.841654e+01	2.310046e+03
3.620000e-06	7.086193e-09	1.526047e-08	3.843034e+01	2.310427e+03
3.630000e-06	7.088278e-09	1.526295e-08	3.844157e+01	2.310716e+03
3.640000e-06	7.089925e-09	1.526495e-08	3.845045e+01	2.310915e+03
3.650000e-06	7.091079e-09	1.526659e-08	3.845664e+01	2.311029e+03
3.660000e-06	7.091637e-09	1.526894e-08	3.845962e+01	2.311063e+03
3.670000e-06	7.091652e-09	1.527080e-08	3.845965e+01	2.311025e+03
3.680000e-06	7.091193e-09	1.527009e-08	3.845709e+01	2.310920e+03
3.690000e-06	7.090263e-09	1.526727e-08	3.845201e+01	2.310753e+03
3.700000e-06	7.088894e-09	1.526388e-08	3.844455e+01	2.310531e+03
3.710000e-06	7.087093e-09	1.526102e-08	3.843471e+01	2.310255e+03
3.720000e-06	7.084754e-09	1.525930e-08	3.842193e+01	2.309928e+03
3.730000e-06	7.081861e-09	1.525743e-08	3.840617e+01	2.309549e+03
3.740000e-06	7.078513e-09	1.525228e-08	3.838796e+01	2.309117e+03
3.750000e-06	7.074668e-09	1.525255e-08	3.836700e+01	2.308629e+03
3.760000e-06	7.069986e-09	1.527208e-08	3.834142e+01	2.308083e+03
3.770000e-06	7.064166e-09	1.526948e-08	3.830974e+01	2.307475e+03
3.780000e-06	7.057612e-09	1.521494e-08	3.827422e+01	2.306805e+03
3.790000e-06	7.051040e-09	1.520769e-08	3.823858e+01	2.306069e+03
3.800000e-06	7.044488e-09	1.526527e-08	3.820295e+01	2.305268e+03
3.810000e-06	7.037359e-09	1.526438e-08	3.816417e+01	2.304405e+03
3.820000e-06	7.029402e-09	1.518652e-08	3.812096e+01	2.303482e+03
3.830000e-06	7.021132e-09	1.517516e-08	3.807612e+01	2.302503e+03
3.840000e-06	7.012815e-09	1.526202e-08	3.803091e+01	2.301474e+03
3.850000e-06	7.003836e-09	1.526111e-08	3.798206e+01	2.300402e+03
3.860000e-06	6.993867e-09	1.514794e-08	3.792796e+01	2.299290e+03
3.870000e-06	6.983459e-09	1.513590e-08	3.787153e+01	2.298145e+03
3.880000e-06	6.972904e-09	1.523842e-08	3.781420e+01	2.296970e+03
3.890000e-06	6.961755e-09	1.522214e-08	3.775359e+01	2.295767e+03
3.900000e-06	6.949830e-09	1.511095e-08	3.768888e+01	2.294536e+03
3.910000e-06	6.937548e-09	1.514000e-08	3.762224e+01	2.293277e+03
3.920000e-06	6.924878e-09	1.523436e-08	3.755339e+01	2.291984e+03
3.930000e-06	6.911452e-09	1.517091e-08	3.748048e+01	2.290654e+03
3.940000e-06	6.897438e-09	1.508167e-08	3.740447e+01	2.289280e+03
3.950000e-06	6.883206e-09	1.515256e-08	3.732726e+01	2.287853e+03
3.960000e-06	6.868522e-09	1.519318e-08	3.724753e+01	2.286369e+03
3.970000e-06	6.853059e-09	1.508610e-08	3.716361e+01	2.284818e+03
3.980000e-06	6.837066e-09	1.506629e-08	3.707689e+01	2.283195e+03
3.990000e-06	6.820797e-09	1.515778e-08	3.698861e+01	2.281494e+03
4.000000e-06	6.804040e-09	1.511322e-08	3.689765e+01	2.279712e+03
4.010000e-06	6.786716e-09	1.501453e-08	3.680366e+01	2.277846e+03
4.020000e-06	6.769031e-09	1.507418e-08	3.670771e+01	2.275893e+03
4.030000e-06	6.750948e-09	1.512075e-08	3.660958e+01	2.273854e+03
4.040000e-06	6.732311e-09	1.501976e-08	3.650843e+01	2.271727e+03
4.050000e-06	6.713197e-09	1.499915e-08	3.640469e+01	2.269514e+03
4.060000e-06	6.693581e-09	1.508124e-08	3.629817e+01	2.267213e+03
4.070000e-06	6.673297e-09	1.503573e-08	3.618809e+01	2.264826e+03
4.080000e-06	6.652407e-09	1.495079e-08	3.607474e+01	2.262351e+03
4.090000e-06	6.630984e-09	1.499211e-08	3.595850e+01	2.259788e+03
4.100000e-06	6.609036e-09	1.499571e-08	3.583943e+01	2.257135e+03
4.110000e-06	6.586600e-09	1.491090e-08	3.571770e+01	2.254391e+03
4.120000e-06	6.563690e-09	1.491403e-08	3.559335e+01	2.251553e+03
4.130000e-06	6.540299e-09	1.494428e-08	3.546643e+01	2.248621e+03
4.140000e-06	6.516516e-09	1.487886e-08	3.533741e+01	2.245593e+03
4.150000e-06	6.492336e-09	1.484410e-08	3.520617e+01	2.242470e+03
4.160000e-06	6.467585e-09	1.486951e-08	3.507184e+01	2.239252e+03
4.170000e-06	6.442252e-09	1.482989e-08	3.493442e+01	2.235943e+03
4.180000e-06	6.416483e-09	1.478112e-08	3.479462e+01	2.232543e+03
4.190000e-06	6.390275e-09	1.478878e-08	3.465240e+01	2.229059e+03
4.200000e-06	6.363600e-09	1.476363e-08	3.450768e+01	2.225493e+03
4.210000e-06	6.336490e-09	1.471817e-08	3.436061e+01	2.221850e+03
4.220000e-06	6.308863e-09	1.471838e-08	3.421068e+01	2.218133e+03
4.230000e-06	6.280650e-09	1.469935e-08	3.405762e+01	2.214347e+03
4.240000e-06	6.251982e-09	1.464914e-08	3.390211e+01	2.210492e+03
4.250000e-06	6.222935e-09	1.463215e-08	3.374454e+01	2.206570e+03
4.260000e-06	6.193468e-09	1.461729e-08	3.358468e+01	2.202578e+03
4.270000e-06	6.163561e-09	1.457801e-08	3.342243e+01	2.198516e+03
4.280000e-06	6.133171e-09	1.455531e-08	3.325753e+01	2.194378e+03
4.290000e-06	6.102242e-09	1.453287e-08	3.308971e+01	2.190160e+03
4.300000e-06	6.070784e-09	1.449262e-08	3.291903e+01	2.185858e+03
4.310000e-06	6.038831e-09	1.446842e-08	3.274567e+01	2.181465e+03
4.320000e-06	6.006419e-09	1.444896e-08	3.256983e+01	2.176976e+03
4.330000e-06	5.973624e-09	1.441027e-08	3.239194e+01	2.172389e+03
4.340000e-06	5.940449e-09	1.437715e-08	3.221201e+01	2.167700e+03
4.350000e-06	5.906862e-09	1.435120e-08	3.202982e+01	2.162908e+03
4.360000e-06	5.872847e-09	1.431650e-08	3.184527e+01	2.158014e+03
4.370000e-06	5.838330e-09	1.428557e-08	3.165801e+01	2.153017e+03
4.380000e-06	5.803332e-09	1.425637e-08	3.146820e+01	2.147922e+03
4.390000e-06	5.767966e-09	1.421629e-08	3.127639e+01	2.142731e+03
4.400000e-06	5.732238e-09	1.417957e-08	3.108257e+01	2.137448e+03
4.410000e-06	5.696116e-09	1.415159e-08	3.088658e+01	2.132074e+03
4.420000e-06	5.659624e-09	1.411760e-08	3.068863e+01	2.126611e+03
4.430000e-06	5.622766e-09	1.407848e-08	3.048873e+01	2.121061e+03
4.440000e-06	5.585484e-09	1.404131e-08	3.028649e+01	2.115423e+03
4.450000e-06	5.547742e-09	1.400401e-08	3.008173e+01	2.109694e+03
4.460000e-06	5.509552e-09	1.396563e-08	2.987459e+01	2.103871e+03
4.470000e-06	5.470953e-09	1.392689e-08	2.966527e+01	2.097949e+03
4.480000e-06	5.431988e-09	1.388710e-08	2.945395e+01	2.091922e+03
4.490000e-06	5.392662e-09	1.384664e-08	2.924066e+01	2.085787e+03
4.500000e-06	5.352968e-09	1.380596e-08	2.902541e+01	2.079537e+03
4.510000e-06	5.312916e-09	1.376660e-08	2.880820e+01	2.073167e+03
4.520000e-06	5.272494e-09	1.372626e-08	2.858893e+01	2.066676e+03
4.530000e-06	5.231658e-09	1.368017e-08	2.836738e+01	2.060059e+03
4.540000e-06	5.190392e-09	1.363157e-08	2.814354e+01	2.053317e+03
4.550000e-06	5.148722e-09	1.358738e-08	2.791753e+01	2.046449e+03
4.560000e-06	5.106670e-09	1.354459e-08	2.768941e+01	2.039456e+03
4.570000e-06	5.064249e-09	1.349840e-08	2.745930e+01	2.032339e+03
4.580000e-06	5.021495e-09	1.345109e-08	2.722739e+01	2.025099e+03
4.590000e-06	4.978432e-09	1.340391e-08	2.699383e+01	2.017735e+03
4.600000e-06	4.935051e-09	1.335459e-08	2.675852e+01	2.010246e+03
4.610000e-06	4.891311e-09	1.330428e-08	2.652122e+01	2.002630e+03
4.620000e-06	4.847184e-09	1.325388e-08	2.628185e+01	1.994882e+03
4.630000e-06	4.802687e-09	1.320058e-08	2.604048e+01	1.986995e+03
4.640000e-06	4.757830e-09	1.314522e-08	2.579715e+01	1.978964e+03
4.650000e-06	4.712580e-09	1.309228e-08	2.555169e+01	1.970780e+03
4.660000e-06	4.666954e-09	1.304079e-08	2.530423e+01	1.962435e+03
4.670000e-06	4.620997e-09	1.298591e-08	2.505496e+01	1.953923e+03
4.680000e-06	4.574716e-09	1.292716e-08	2.480391e+01	1.945236e+03
4.690000e-06	4.528072e-09	1.286738e-08	2.455090e+01	1.936373e+03
4.700000e-06	4.481008e-09	1.280749e-08	2.429562e+01	1.927330e+03
4.710000e-06	4.433507e-09	1.274663e-08	2.403798e+01	1.918110e+03
4.720000e-06	4.385628e-09	1.268455e-08	2.377830e+01	1.908715e+03
4.730000e-06	4.337441e-09	1.262154e-08	2.351696e+01	1.899152e+03
4.740000e-06	4.288958e-09	1.255790e-08	2.325402e+01	1.889428e+03
4.750000e-06	4.240176e-09	1.249385e-08	2.298947e+01	1.879549e+03
4.760000e-06	4.191106e-09	1.242865e-08	2.272334e+01	1.869524e+03
4.770000e-06	4.141760e-09	1.236108e-08	2.245571e+01	1.859358e+03
4.780000e-06	4.092152e-09	1.229267e-08	2.218665e+01	1.849056e+03
4.790000e-06	4.042269e-09	1.222426e-08	2.191608e+01	1.838617e+03
4.800000e-06	3.992080e-09	1.215428e-08	2.164381e+01	1.828039e+03
4.810000e-06	3.941561e-09	1.208222e-08	2.136978e+01	1.817314e+03
4.820000e-06	3.890718e-09	1.200918e-08	2.109404e+01	1.806434e+03
4.830000e-06	3.839589e-09	1.193582e-08	2.081676e+01	1.795385e+03
4.840000e-06	3.788192e-09	1.186187e-08	2.053803e+01	1.784151e+03
4.850000e-06	3.736529e-09	1.178600e-08	2.025786e+01	1.772718e+03
4.860000e-06	3.684597e-09	1.170737e-08	1.997622e+01	1.761068e+03
4.870000e-06	3.632411e-09	1.162698e-08	1.969318e+01	1.749188e+03
4.880000e-06	3.579989e-09	1.154647e-08	1.940886e+01	1.737066e+03
4.890000e-06	3.527334e-09	1.146583e-08	1.912327e+01	1.724692e+03
4.900000e-06	3.474443e-09	1.138375e-08	1.883638e+01	1.712061e+03
4.910000e-06	3.421309e-09	1.129938e-08	1.854815e+01	1.699171e+03
4.920000e-06	3.367913e-09	1.121294e-08	1.825852e+01	1.686024e+03
4.930000e-06	3.314248e-09	1.112467e-08	1.796743e+01	1.672624e+03
4.940000e-06	3.260311e-09	1.103396e-08	1.767488e+01	1.658975e+03
4.950000e-06	3.206116e-09	1.094071e-08	1.738096e+01	1.645082e+03
4.960000e-06	3.151702e-09	1.084535e-08	1.708585e+01	1.630949e+03
4.970000e-06	3.097098e-09	1.074869e-08	1.678970e+01	1.616577e+03
4.980000e-06	3.042302e-09	1.065150e-08	1.649251e+01	1.601964e+03
4.990000e-06	2.987290e-09	1.055391e-08	1.619416e+01	1.587104e+03
5.000000e-06	2.932039e-09	1.045485e-08	1.589451e+01	1.571986e+03
5.010000e-06	2.876557e-09	1.035363e-08	1.559359e+01	1.556593e+03
5.020000e-06	2.820856e-09	1.025050e-08	1.529148e+01	1.540909e+03
5.030000e-06	2.764942e-09	1.014494e-08	1.498821e+01	1.524912e+03
5.040000e-06	2.708817e-09	1.003636e-08	1.468378e+01	1.508579e+03
5.050000e-06	2.652482e-09	9.924880e-09	1.437820e+01	1.491890e+03
5.060000e-06	2.595934e-09	9.810839e-09	1.407148e+01	1.474824e+03
5.070000e-06	2.539164e-09	9.694752e-09	1.376356e+01	1.457365e+03
5.080000e-06	2.482174e-09	9.576943e-09	1.345448e+01	1.439498e+03
5.090000e-06	2.424974e-09	9.456933e-09	1.314427e+01	1.421215e+03
5.100000e-06	2.367577e-09	9.334043e-09	1.283299e+01	1.402510e+03
5.110000e-06	2.310004e-09	9.208134e-09	1.252073e+01	1.383382e+03
5.120000e-06	2.252272e-09	9.079081e-09	1.220760e+01	1.363830e+03
5.130000e-06	2.194387e-09	8.946887e-09	1.189367e+01	1.343854e+03
5.140000e-06	2.136354e-09	8.811570e-09	1.157892e+01	1.323452e+03
5.150000e-06	2.078163e-09	8.673596e-09	1.126331e+01	1.302621e+03
5.160000e-06	2.019821e-09	8.532934e-09	1.094691e+01	1.281352e+03
5.170000e-06	1.961355e-09	8.389402e-09	1.062985e+01	1.259628e+03
5.180000e-06	1.902779e-09	8.243101e-09	1.031218e+01	1.237428e+03
5.190000e-06	1.844097e-09	8.093124e-09	9.993920e+00	1.214723e+03
5.200000e-06	1.785299e-09	7.938923e-09	9.675019e+00	1.191479e+03
5.210000e-06	1.726390e-09	7.780728e-09	9.355529e+00	1.167654e+03
5.220000e-06	1.667381e-09	7.618210e-09	9.035498e+00	1.143207e+03
5.230000e-06	1.608257e-09	7.450864e-09	8.714842e+00	1.118092e+03
5.240000e-06	1.549010e-09	7.279324e-09	8.393520e+00	1.092267e+03
5.250000e-06	1.489651e-09	7.103649e-09	8.071556e+00	1.065691e+03
5.260000e-06	1.430188e-09	6.923560e-09	7.749009e+00	1.038329e+03
5.270000e-06	1.370617e-09	6.739196e-09	7.425900e+00	1.010150e+03
5.280000e-06	1.310937e-09	6.549274e-09	7.102204e+00	9.811299e+02
5.290000e-06	1.251146e-09	6.352113e-09	6.777862e+00	9.512494e+02
5.300000e-06	1.191239e-09	6.148126e-09	6.452875e+00	9.204922e+02
5.310000e-06	1.131233e-09	5.939579e-09	6.127404e+00	8.888433e+02
5.320000e-06	1.071148e-09	5.726740e-09	5.801511e+00	8.562859e+02
5.330000e-06	1.010992e-09	5.507276e-09	5.475233e+00	8.227983e+02
5.340000e-06	9.507695e-10	5.280630e-09	5.148585e+00	7.883506e+02
5.350000e-06	8.904673e-10	5.047079e-09	4.821504e+00	7.529028e+02
5.360000e-06	8.300870e-10	4.806122e-09	4.494029e+00	7.164028e+02
5.370000e-06	7.696418e-10	4.557480e-09	4.166212e+00	6.787857e+02
5.380000e-06	7.091384e-10	4.300479e-09	3.838107e+00	6.399755e+02
5.390000e-06	6.485678e-10	4.035015e-09	3.509642e+00	5.998871e+02
5.400000e-06	5.879230e-10	3.760645e-09	3.180756e+00	5.584305e+02
5.410000e-06	5.272196e-10	3.476657e-09	2.851556e+00	5.155167e+02
5.420000e-06	4.664727e-10	3.182985e-09	2.522122e+00	4.710644e+02
5.430000e-06	4.056868e-10	2.879100e-09	2.192471e+00	4.250072e+02
5.440000e-06	3.448793e-10	2.564972e-09	1.862668e+00	3.773014e+02
5.450000e-06	2.840604e-10	2.240910e-09	1.532786e+00	3.279338e+02
5.460000e-06	2.232333e-10	1.906775e-09	1.202871e+00	2.769276e+02
5.470000e-06	1.624120e-10	1.563123e-09	8.729915e-01	2.243479e+02
5.480000e-06	1.015959e-10	1.210265e-09	5.431592e-01	1.703044e+02
5.490000e-06	4.077194e-11	8.480441e-10	2.132953e-01	1.149527e+02
5.500000e-06	-2.006348e-11	4.773422e-10	-1.166233e-01	5.849227e+01
5.510000e-06	-8.089405e-11	9.911265e-11	-4.465187e-01	1.162611e+00
5.520000e-06	-1.417232e-10	-2.853789e-10	-7.764071e-01	-5.676331e+01
5.530000e-06	-2.025544e-10	-6.732283e-10	-1.106301e+00	-1.149875e+02
5.540000e-06	-2.633767e-10	-1.061775e-09	-1.436160e+00	-1.731967e+02
5.550000e-06	-3.241830e-10	-1.448502e-09	-1.765922e+00	-2.310737e+02
5.560000e-06	-3.849604e-10	-1.829695e-09	-2.095523e+00	-2.883079e+02
5.570000e-06	-4.457044e-10	-2.203213e-09	-2.424954e+00	-3.446068e+02
5.580000e-06	-5.064173e-10	-2.569360e-09	-2.754197e+00	-3.997051e+02
5.590000e-06	-5.670843e-10	-2.927043e-09	-3.083175e+00	-4.533731e+02
5.600000e-06	-6.276893e-10	-3.274040e-09	-3.411835e+00	-5.054228e+02
5.610000e-06	-6.882259e-10	-3.609296e-09	-3.740143e+00	-5.557117e+02
5.620000e-06	-7.486891e-10	-3.931705e-09	-4.068053e+00	-6.041440e+02
5.630000e-06	-8.090840e-10	-4.240583e-09	-4.395587e+00	-6.506695e+02
5.640000e-06	-8.694123e-10	-4.537132e-09	-4.722768e+00	-6.952803e+02
5.650000e-06	-9.296739e-10	-4.822683e-09	-5.049606e+00	-7.380060e+02
5.660000e-06	-9.898676e-10	-5.096400e-09	-5.376070e+00	-7.789068e+02
5.670000e-06	-1.049980e-09	-5.358543e-09	-5.702071e+00	-8.180667e+02
5.680000e-06	-1.110001e-09	-5.610880e-09	-6.027597e+00	-8.555856e+02
5.690000e-06	-1.169928e-09	-5.854253e-09	-6.352652e+00	-8.915721e+02
5.700000e-06	-1.229761e-09	-6.088212e-09	-6.677197e+00	-9.261369e+02
5.710000e-06	-1.289487e-09	-6.311462e-09	-7.001153e+00	-9.593875e+02
5.720000e-06	-1.349104e-09	-6.524887e-09	-7.324501e+00	-9.914234e+02
5.730000e-06	-1.408617e-09	-6.731028e-09	-7.647264e+00	-1.022334e+03
5.740000e-06	-1.468020e-09	-6.931116e-09	-7.969419e+00	-1.052196e+03
5.750000e-06	-1.527305e-09	-7.124757e-09	-8.290932e+00	-1.081076e+03
5.760000e-06	-1.586464e-09	-7.311870e-09	-8.611768e+00	-1.109027e+03
5.770000e-06	-1.645502e-09	-7.493172e-09	-8.931948e+00	-1.136095e+03
5.780000e-06	-1.704430e-09	-7.668734e-09	-9.251531e+00	-1.162319e+03
5.790000e-06	-1.763256e-09	-7.837507e-09	-9.570553e+00	-1.187732e+03
5.800000e-06	-1.821976e-09	-7.998977e-09	-9.889005e+00	-1.212365e+03
5.810000e-06	-1.880581e-09	-8.155242e-09	-1.020684e+01	-1.236250e+03
5.820000e-06	-1.939063e-09	-8.308887e-09	-1.052399e+01	-1.259418e+03
5.830000e-06	-1.997421e-09	-8.460351e-09	-1.084047e+01	-1.281904e+03
5.840000e-06	-2.055642e-09	-8.609029e-09	-1.115622e+01	-1.303742e+03
5.850000e-06	-2.113719e-09	-8.753711e-09	-1.147118e+01	-1.324970e+03
5.860000e-06	-2.171649e-09	-8.892975e-09	-1.178534e+01	-1.345625e+03
5.870000e-06	-2.229432e-09	-9.027204e-09	-1.209869e+01	-1.365743e+03
5.880000e-06	-2.287065e-09	-9.158209e-09	-1.241122e+01	-1.385360e+03
5.890000e-06	-2.344527e-09	-9.286578e-09	-1.272279e+01	-1.404507e+03
5.900000e-06	-2.401785e-09	-9.412205e-09	-1.303328e+01	-1.423212e+03
5.910000e-06	-2.458826e-09	-9.535635e-09	-1.334260e+01	-1.441499e+03
5.920000e-06	-2.515649e-09	-9.657204e-09	-1.365074e+01	-1.459386e+03
5.930000e-06	-2.572259e-09	-9.776051e-09	-1.395776e+01	-1.476889e+03
5.940000e-06	-2.628660e-09	-9.891116e-09	-1.426365e+01	-1.494018e+03
5.950000e-06	-2.684854e-09	-1.000218e-08	-1.456839e+01	-1.510781e+03
5.960000e-06	-2.740836e-09	-1.010977e-08	-1.487200e+01	-1.527184e+03
5.970000e-06	-2.796597e-09	-1.021478e-08	-1.517441e+01	-1.543234e+03
5.980000e-06	-2.852137e-09	-1.031792e-08	-1.547562e+01	-1.558935e+03
5.990000e-06	-2.907457e-09	-1.041962e-08	-1.577562e+01	-1.574295e+03
6.000000e-06	-2.962555e-09	-1.052036e-08	-1.607443e+01	-1.589321e+03
6.010000e-06	-3.017442e-09	-1.062005e-08	-1.637208e+01	-1.604025e+03
6.020000e-06	-3.072134e-09	-1.071725e-08	-1.666865e+01	-1.618418e+03
6.030000e-06	-3.126630e-09	-1.081192e-08	-1.696416e+01	-1.632512e+03
6.040000e-06	-3.180904e-09	-1.090557e-08	-1.725845e+01	-1.646321e+03
6.050000e-06	-3.234941e-09	-1.099807e-08	-1.755144e+01	-1.659860e+03
6.060000e-06	-3.288722e-09	-1.108839e-08	-1.784306e+01	-1.673140e+03
6.070000e-06	-3.342231e-09	-1.117660e-08	-1.813326e+01	-1.686173e+03
6.080000e-06	-3.395479e-09	-1.126308e-08	-1.842207e+01	-1.698969e+03
6.090000e-06	-3.448483e-09	-1.134729e-08	-1.870953e+01	-1.711536e+03
6.100000e-06	-3.501248e-09	-1.142922e-08	-1.899568e+01	-1.723879e+03
6.110000e-06	-3.553772e-09	-1.150940e-08	-1.928051e+01	-1.736002e+03
6.120000e-06	-3.606055e-09	-1.158736e-08	-1.956403e+01	-1.747909e+03
6.130000e-06	-3.658087e-09	-1.166358e-08	-1.984617e+01	-1.759601e+03
6.140000e-06	-3.709862e-09	-1.173966e-08	-2.012694e+01	-1.771083e+03
6.150000e-06	-3.761395e-09	-1.181540e-08	-2.040641e+01	-1.782357e+03
6.160000e-06	-3.812693e-09	-1.188976e-08	-2.068460e+01	-1.793427e+03
6.170000e-06	-3.863749e-09	-1.196307e-08	-2.096146e+01	-1.804301e+03
6.180000e-06	-3.914539e-09	-1.203525e-08	-2.123686e+01	-1.814987e+03
6.190000e-06	-3.965018e-09	-1.210604e-08	-2.151060e+01	-1.825493e+03
6.200000e-06	-4.015167e-09	-1.217625e-08	-2.178256e+01	-1.835830e+03
6.210000e-06	-4.064992e-09	-1.224611e-08	-2.205277e+01	-1.846008e+03
6.220000e-06	-4.114511e-09	-1.231457e-08	-2.232132e+01	-1.856036e+03
6.230000e-06	-4.163734e-09	-1.238120e-08	-2.258825e+01	-1.865924e+03
6.240000e-06	-4.212660e-09	-1.244729e-08	-2.285354e+01	-1.875677e+03
6.250000e-06	-4.261280e-09	-1.251331e-08	-2.311717e+01	-1.885297e+03
6.260000e-06	-4.309598e-09	-1.257806e-08	-2.337917e+01	-1.894785e+03
6.270000e-06	-4.357624e-09	-1.264054e-08	-2.363958e+01	-1.904138e+03
6.280000e-06	-4.405325e-09	-1.270102e-08	-2.389823e+01	-1.913349e+03
6.290000e-06	-4.452648e-09	-1.276059e-08	-2.415483e+01	-1.922409e+03
6.300000e-06	-4.499575e-09	-1.281960e-08	-2.440931e+01	-1.931310e+03
6.310000e-06	-4.546118e-09	-1.287757e-08	-2.466172e+01	-1.940040e+03
6.320000e-06	-4.592309e-09	-1.293407e-08	-2.491221e+01	-1.948589e+03
6.330000e-06	-4.638151e-09	-1.298907e-08	-2.516078e+01	-1.956951e+03
6.340000e-06	-4.683602e-09	-1.304302e-08	-2.540724e+01	-1.965119e+03
6.350000e-06	-4.728635e-09	-1.309626e-08	-2.565147e+01	-1.973093e+03
6.360000e-06	-4.773268e-09	-1.314819e-08	-2.589355e+01	-1.980875e+03
6.370000e-06	-4.817524e-09	-1.319837e-08	-2.613357e+01	-1.988471e+03
6.380000e-06	-4.861433e-09	-1.324744e-08	-2.637169e+01	-1.995890e+03
6.390000e-06	-4.905030e-09	-1.329604e-08	-2.660809e+01	-2.003146e+03
6.400000e-06	-4.948319e-09	-1.334416e-08	-2.684282e+01	-2.010253e+03
6.410000e-06	-4.991295e-09	-1.339165e-08	-2.707585e+01	-2.017228e+03
6.420000e-06	-5.033950e-09	-1.343799e-08	-2.730712e+01	-2.024086e+03
6.430000e-06	-5.076253e-09	-1.348332e-08	-2.753649e+01	-2.030842e+03
6.440000e-06	-5.118199e-09	-1.352825e-08	-2.776393e+01	-2.037508e+03
6.450000e-06	-5.159795e-09	-1.357287e-08	-2.798945e+01	-2.044094e+03
6.460000e-06	-5.201004e-09	-1.361686e-08	-2.821287e+01	-2.050607e+03
6.470000e-06	-5.241775e-09	-1.365970e-08	-2.843391e+01	-2.057048e+03
6.480000e-06	-5.282106e-09	-1.370156e-08	-2.865261e+01	-2.063417e+03
6.490000e-06	-5.322061e-09	-1.374295e-08	-2.886925e+01	-2.069712e+03
6.500000e-06	-5.361674e-09	-1.378436e-08	-2.908402e+01	-2.075927e+03
6.510000e-06	-5.400932e-09	-1.382603e-08	-2.929686e+01	-2.082057e+03
6.520000e-06	-5.439821e-09	-1.386713e-08	-2.950771e+01	-2.088095e+03
6.530000e-06	-5.478358e-09	-1.390723e-08	-2.971666e+01	-2.094035e+03
6.540000e-06	-5.516549e-09	-1.394675e-08	-2.992371e+01	-2.099873e+03
6.550000e-06	-5.554331e-09	-1.398573e-08	-3.012851e+01	-2.105607e+03
6.560000e-06	-5.591642e-09	-1.402371e-08	-3.033079e+01	-2.111235e+03
6.570000e-06	-5.628509e-09	-1.406071e-08	-3.053067e+01	-2.116759e+03
6.580000e-06	-5.664965e-09	-1.409760e-08	-3.072832e+01	-2.122182e+03
6.590000e-06	-5.701014e-09	-1.413441e-08	-3.092378e+01	-2.127506e+03
6.600000e-06	-5.736670e-09	-1.417004e-08	-3.111712e+01	-2.132737e+03
6.610000e-06	-5.771968e-09	-1.420450e-08	-3.130850e+01	-2.137878e+03
6.620000e-06	-5.806909e-09	-1.423829e-08	-3.149792e+01	-2.142932e+03
6.630000e-06	-5.841408e-09	-1.427111e-08	-3.168497e+01	-2.147901e+03
6.640000e-06	-5.875414e-09	-1.430344e-08	-3.186935e+01	-2.152784e+03
6.650000e-06	-5.908984e-09	-1.433582e-08	-3.205136e+01	-2.157581e+03
6.660000e-06	-5.942167e-09	-1.436731e-08	-3.223125e+01	-2.162288e+03
6.670000e-06	-5.974950e-09	-1.439739e-08	-3.240896e+01	-2.166899e+03
6.680000e-06	-6.007335e-09	-1.442675e-08	-3.258453e+01	-2.171410e+03
6.690000e-06	-6.039337e-09	-1.445538e-08	-3.275803e+01	-2.175815e+03
6.700000e-06	-6.070911e-09	-1.448292e-08	-3.292918e+01	-2.180110e+03
6.710000e-06	-6.101959e-09	-1.451004e-08	-3.309750e+01	-2.184291e+03
6.720000e-06	-6.132462e-09	-1.453691e-08	-3.326288e+01	-2.188355e+03
6.730000e-06	-6.162474e-09	-1.456320e-08	-3.342561e+01	-2.192304e+03
6.740000e-06	-6.192040e-09	-1.458905e-08	-3.358593e+01	-2.196139e+03
6.750000e-06	-6.221200e-09	-1.461465e-08	-3.374402e+01	-2.199867e+03
6.760000e-06	-6.249968e-09	-1.464007e-08	-3.390000e+01	-2.203494e+03
6.770000e-06	-6.278283e-09	-1.466443e-08	-3.405353e+01	-2.207027e+03
6.780000e-06	-6.306073e-09	-1.468735e-08	-3.420421e+01	-2.210476e+03
6.790000e-06	-6.333375e-09	-1.470980e-08	-3.435225e+01	-2.213850e+03
6.800000e-06	-6.360245e-09	-1.473243e-08	-3.449794e+01	-2.217156e+03
6.810000e-06	-6.386685e-09	-1.475507e-08	-3.464132e+01	-2.220403e+03
6.820000e-06	-6.412698e-09	-1.477746e-08	-3.478242e+01	-2.223594e+03
6.830000e-06	-6.438305e-09	-1.479964e-08	-3.492129e+01	-2.226734e+03
6.840000e-06	-6.463438e-09	-1.482128e-08	-3.505758e+01	-2.229823e+03
6.850000e-06	-6.488007e-09	-1.484222e-08	-3.519086e+01	-2.232860e+03
6.860000e-06	-6.512085e-09	-1.486269e-08	-3.532144e+01	-2.235843e+03
6.870000e-06	-6.535756e-09	-1.488272e-08	-3.544980e+01	-2.238769e+03
6.880000e-06	-6.558993e-09	-1.490252e-08	-3.557581e+01	-2.241634e+03
6.890000e-06	-6.581779e-09	-1.492210e-08	-3.569935e+01	-2.244435e+03
6.900000e-06	-6.604126e-09	-1.494147e-08	-3.582051e+01	-2.247168e+03
6.910000e-06	-6.625952e-09	-1.496076e-08	-3.593885e+01	-2.249833e+03
6.920000e-06	-6.647170e-09	-1.497973e-08	-3.605388e+01	-2.252429e+03
6.930000e-06	-6.667829e-09	-1.499814e-08	-3.616589e+01	-2.254958e+03
6.940000e-06	-6.687958e-09	-1.501541e-08	-3.627502e+01	-2.257423e+03
6.950000e-06	-6.707472e-09	-1.503176e-08	-3.638083e+01	-2.259828e+03
6.960000e-06	-6.726374e-09	-1.504806e-08	-3.648335e+01	-2.262178e+03
6.970000e-06	-6.744799e-09	-1.506455e-08	-3.658328e+01	-2.264478e+03
6.980000e-06	-6.762819e-09	-1.508091e-08	-3.668100e+01	-2.266731e+03
6.990000e-06	-6.780455e-09	-1.509686e-08	-3.677663e+01	-2.268942e+03
7.000000e-06	-6.797701e-09	-1.511253e-08	-3.687015e+01	-2.271112e+03
7.010000e-06	-6.814507e-09	-1.512774e-08	-3.696126e+01	-2.273243e+03
7.020000e-06	-6.830871e-09	-1.514264e-08	-3.704999e+01	-2.275332e+03
7.030000e-06	-6.846816e-09	-1.515692e-08	-3.713644e+01	-2.277377e+03
7.040000e-06	-6.862259e-09	-1.516989e-08	-3.722013e+01	-2.279374e+03
7.050000e-06	-6.877115e-09	-1.518228e-08	-3.730070e+01	-2.281318e+03
7.060000e-06	-6.891460e-09	-1.519486e-08	-3.737851e+01	-2.283204e+03
7.070000e-06	-6.905345e-09	-1.520732e-08	-3.745381e+01	-2.285029e+03
7.080000e-06	-6.918741e-09	-1.521949e-08	-3.752645e+01	-2.286786e+03
7.090000e-06	-6.931664e-09	-1.523108e-08	-3.759653e+01	-2.288476e+03
7.100000e-06	-6.944094e-09	-1.524178e-08	-3.766389e+01	-2.290095e+03
7.110000e-06	-6.955940e-09	-1.525221e-08	-3.772809e+01	-2.291646e+03
7.120000e-06	-6.967241e-09	-1.526226e-08	-3.778936e+01	-2.293130e+03
7.130000e-06	-6.978084e-09	-1.527177e-08	-3.784813e+01	-2.294551e+03
7.140000e-06	-6.988439e-09	-1.528112e-08	-3.790424e+01	-2.295913e+03
7.150000e-06	-6.998316e-09	-1.529037e-08	-3.795778e+01	-2.297219e+03
7.160000e-06	-7.007757e-09	-1.529970e-08	-3.800896e+01	-2.298475e+03
7.170000e-06	-7.016672e-09	-1.530869e-08	-3.805726e+01	-2.299683e+03
7.180000e-06	-7.025007e-09	-1.531641e-08	-3.810243e+01	-2.300843e+03
7.190000e-06	-7.032851e-09	-1.532300e-08	-3.814494e+01	-2.301958e+03
7.200000e-06	-7.040238e-09	-1.532977e-08	-3.818494e+01	-2.303022e+03
7.210000e-06	-7.047146e-09	-1.533665e-08	-3.822235e+01	-2.304034e+03
7.220000e-06	-7.053581e-09	-1.534266e-08	-3.825721e+01	-2.304988e+03
7.230000e-06	-7.059476e-09	-1.534812e-08	-3.828914e+01	-2.305876e+03
7.240000e-06	-7.064734e-09	-1.535355e-08	-3.831764e+01	-2.306692e+03
7.250000e-06	-7.069398e-09	-1.535848e-08	-3.834292e+01	-2.307428e+03
7.260000e-06	-7.073545e-09	-1.536278e-08	-3.836539e+01	-2.308080e+03
7.270000e-06	-7.077205e-09	-1.536667e-08	-3.838523e+01	-2.308641e+03
7.280000e-06	-7.080417e-09	-1.536983e-08	-3.840262e+01	-2.309109e+03
7.290000e-06	-7.083130e-09	-1.537190e-08	-3.841730e+01	-2.309484e+03
7.300000e-06	-7.085253e-09	-1.537314e-08	-3.842881e+01	-2.309766e+03
7.310000e-06	-7.086854e-09	-1.537404e-08	-3.843750e+01	-2.309958e+03
7.320000e-06	-7.088008e-09	-1.537401e-08	-3.844374e+01	-2.310066e+03
7.330000e-06	-7.088686e-09	-1.537263e-08	-3.844737e+01	-2.310094e+03
