# Concentracion g/m^3_=_53300.0
# C_Vs_to_Am_M_A/Vsm_=_128687336408.14134
# pendiente_HvsI_1/m_=_3716.3
# ordenada_HvsI_A/m_=_1297.0
# frecuencia_Hz_=_135954.0681789226
# Promedio de 27 ciclos

Tiempo_(s)	Campo_(V.s)	Magnetizacion_(V.s)	Campo_(kA/m)	Magnetizacion_(A/m)
0.000000e+00	-7.661849e-10	-4.702082e-09	-5.011042e+00	-6.025338e+02
1.000000e-08	-7.662261e-10	-4.712834e-09	-5.011312e+00	-6.026318e+02
2.000000e-08	-7.662187e-10	-4.731133e-09	-5.011263e+00	-6.026982e+02
3.000000e-08	-7.661598e-10	-4.716648e-09	-5.010878e+00	-6.027336e+02
4.000000e-08	-7.660502e-10	-4.683614e-09	-5.010161e+00	-6.027378e+02
5.000000e-08	-7.658862e-10	-4.688944e-09	-5.009089e+00	-6.027106e+02
6.000000e-08	-7.656695e-10	-4.706164e-09	-5.007671e+00	-6.026513e+02
7.000000e-08	-7.653995e-10	-4.686992e-09	-5.005906e+00	-6.025591e+02
8.000000e-08	-7.650715e-10	-4.675493e-09	-5.003760e+00	-6.024332e+02
9.000000e-08	-7.646833e-10	-4.697886e-09	-5.001221e+00	-6.022725e+02
1.000000e-07	-7.642285e-10	-4.706840e-09	-4.998247e+00	-6.020763e+02
1.100000e-07	-7.636964e-10	-4.695252e-09	-4.994767e+00	-6.018440e+02
1.200000e-07	-7.630750e-10	-4.688947e-09	-4.990703e+00	-6.015751e+02
1.300000e-07	-7.623640e-10	-4.682207e-09	-4.986053e+00	-6.012697e+02
1.400000e-07	-7.615761e-10	-4.672267e-09	-4.980900e+00	-6.009281e+02
1.500000e-07	-7.607208e-10	-4.670339e-09	-4.975305e+00	-6.005509e+02
1.600000e-07	-7.598145e-10	-4.668091e-09	-4.969378e+00	-6.001390e+02
1.700000e-07	-7.588695e-10	-4.661130e-09	-4.963198e+00	-5.996934e+02
1.800000e-07	-7.578865e-10	-4.662951e-09	-4.956769e+00	-5.992154e+02
1.900000e-07	-7.568682e-10	-4.667682e-09	-4.950108e+00	-5.987058e+02
2.000000e-07	-7.558152e-10	-4.659085e-09	-4.943221e+00	-5.981657e+02
2.100000e-07	-7.547214e-10	-4.644386e-09	-4.936068e+00	-5.975958e+02
2.200000e-07	-7.535763e-10	-4.637179e-09	-4.928579e+00	-5.969964e+02
2.300000e-07	-7.523731e-10	-4.634259e-09	-4.920710e+00	-5.963676e+02
2.400000e-07	-7.511112e-10	-4.629680e-09	-4.912457e+00	-5.957092e+02
2.500000e-07	-7.497931e-10	-4.624617e-09	-4.903835e+00	-5.950205e+02
2.600000e-07	-7.484204e-10	-4.617523e-09	-4.894858e+00	-5.943008e+02
2.700000e-07	-7.469883e-10	-4.607923e-09	-4.885492e+00	-5.935491e+02
2.800000e-07	-7.454995e-10	-4.601630e-09	-4.875754e+00	-5.927645e+02
2.900000e-07	-7.439582e-10	-4.598209e-09	-4.865674e+00	-5.919461e+02
3.000000e-07	-7.423613e-10	-4.590255e-09	-4.855230e+00	-5.910930e+02
3.100000e-07	-7.407114e-10	-4.578782e-09	-4.844439e+00	-5.902048e+02
3.200000e-07	-7.390146e-10	-4.570219e-09	-4.833341e+00	-5.892810e+02
3.300000e-07	-7.372767e-10	-4.564755e-09	-4.821975e+00	-5.883217e+02
3.400000e-07	-7.355058e-10	-4.558887e-09	-4.810393e+00	-5.873270e+02
3.500000e-07	-7.337028e-10	-4.549545e-09	-4.798601e+00	-5.862973e+02
3.600000e-07	-7.318603e-10	-4.536681e-09	-4.786550e+00	-5.852332e+02
3.700000e-07	-7.299655e-10	-4.524779e-09	-4.774158e+00	-5.841352e+02
3.800000e-07	-7.280021e-10	-4.516978e-09	-4.761317e+00	-5.830039e+02
3.900000e-07	-7.259630e-10	-4.510310e-09	-4.747981e+00	-5.818396e+02
4.000000e-07	-7.238408e-10	-4.500622e-09	-4.734101e+00	-5.806425e+02
4.100000e-07	-7.216332e-10	-4.488316e-09	-4.719663e+00	-5.794126e+02
4.200000e-07	-7.193444e-10	-4.476259e-09	-4.704693e+00	-5.781496e+02
4.300000e-07	-7.169781e-10	-4.465624e-09	-4.689217e+00	-5.768529e+02
4.400000e-07	-7.145475e-10	-4.455244e-09	-4.673321e+00	-5.755217e+02
4.500000e-07	-7.120616e-10	-4.443019e-09	-4.657062e+00	-5.741551e+02
4.600000e-07	-7.095265e-10	-4.429188e-09	-4.640482e+00	-5.727521e+02
4.700000e-07	-7.069438e-10	-4.417306e-09	-4.623590e+00	-5.713117e+02
4.800000e-07	-7.043121e-10	-4.408899e-09	-4.606379e+00	-5.698332e+02
4.900000e-07	-7.016343e-10	-4.399686e-09	-4.588865e+00	-5.683160e+02
5.000000e-07	-6.989103e-10	-4.386340e-09	-4.571049e+00	-5.667597e+02
5.100000e-07	-6.961333e-10	-4.371176e-09	-4.552887e+00	-5.651644e+02
5.200000e-07	-6.932950e-10	-4.357117e-09	-4.534324e+00	-5.635303e+02
5.300000e-07	-6.903986e-10	-4.344753e-09	-4.515380e+00	-5.618583e+02
5.400000e-07	-6.874457e-10	-4.333361e-09	-4.496068e+00	-5.601492e+02
5.500000e-07	-6.844355e-10	-4.321000e-09	-4.476380e+00	-5.584041e+02
5.600000e-07	-6.813690e-10	-4.306388e-09	-4.456324e+00	-5.566244e+02
5.700000e-07	-6.782435e-10	-4.291820e-09	-4.435883e+00	-5.548113e+02
5.800000e-07	-6.750520e-10	-4.279402e-09	-4.415010e+00	-5.529661e+02
5.900000e-07	-6.717896e-10	-4.266379e-09	-4.393673e+00	-5.510898e+02
6.000000e-07	-6.684613e-10	-4.250066e-09	-4.371905e+00	-5.491835e+02
6.100000e-07	-6.650660e-10	-4.232524e-09	-4.349699e+00	-5.472477e+02
6.200000e-07	-6.616025e-10	-4.217213e-09	-4.327047e+00	-5.452830e+02
6.300000e-07	-6.580770e-10	-4.204157e-09	-4.303989e+00	-5.432896e+02
6.400000e-07	-6.544990e-10	-4.190493e-09	-4.280588e+00	-5.412675e+02
6.500000e-07	-6.508804e-10	-4.174297e-09	-4.256922e+00	-5.392166e+02
6.600000e-07	-6.472241e-10	-4.156487e-09	-4.233009e+00	-5.371369e+02
6.700000e-07	-6.435302e-10	-4.139430e-09	-4.208850e+00	-5.350280e+02
6.800000e-07	-6.398022e-10	-4.124302e-09	-4.184468e+00	-5.328899e+02
6.900000e-07	-6.360412e-10	-4.110183e-09	-4.159869e+00	-5.307225e+02
7.000000e-07	-6.322437e-10	-4.094407e-09	-4.135033e+00	-5.285259e+02
7.100000e-07	-6.284051e-10	-4.076498e-09	-4.109927e+00	-5.263002e+02
7.200000e-07	-6.245262e-10	-4.059206e-09	-4.084559e+00	-5.240456e+02
7.300000e-07	-6.206039e-10	-4.043672e-09	-4.058906e+00	-5.217626e+02
7.400000e-07	-6.166279e-10	-4.027229e-09	-4.032901e+00	-5.194513e+02
7.500000e-07	-6.126027e-10	-4.008474e-09	-4.006576e+00	-5.171123e+02
7.600000e-07	-6.085361e-10	-3.989303e-09	-3.979979e+00	-5.147456e+02
7.700000e-07	-6.044306e-10	-3.971464e-09	-3.953128e+00	-5.123514e+02
7.800000e-07	-6.002926e-10	-3.955045e-09	-3.926065e+00	-5.099296e+02
7.900000e-07	-5.961290e-10	-3.938456e-09	-3.898833e+00	-5.074801e+02
8.000000e-07	-5.919429e-10	-3.919759e-09	-3.871455e+00	-5.050023e+02
8.100000e-07	-5.877329e-10	-3.899082e-09	-3.843921e+00	-5.024959e+02
8.200000e-07	-5.834958e-10	-3.879041e-09	-3.816209e+00	-4.999601e+02
8.300000e-07	-5.792297e-10	-3.860816e-09	-3.788308e+00	-4.973943e+02
8.400000e-07	-5.749304e-10	-3.843043e-09	-3.760189e+00	-4.947977e+02
8.500000e-07	-5.705880e-10	-3.824254e-09	-3.731789e+00	-4.921698e+02
8.600000e-07	-5.661984e-10	-3.804079e-09	-3.703080e+00	-4.895101e+02
8.700000e-07	-5.617677e-10	-3.783590e-09	-3.674102e+00	-4.868183e+02
8.800000e-07	-5.572960e-10	-3.763681e-09	-3.644856e+00	-4.840942e+02
8.900000e-07	-5.527837e-10	-3.743486e-09	-3.615344e+00	-4.813380e+02
9.000000e-07	-5.482314e-10	-3.721503e-09	-3.585571e+00	-4.785499e+02
9.100000e-07	-5.436403e-10	-3.698597e-09	-3.555544e+00	-4.757302e+02
9.200000e-07	-5.390117e-10	-3.677096e-09	-3.525272e+00	-4.728795e+02
9.300000e-07	-5.343434e-10	-3.657275e-09	-3.494740e+00	-4.699982e+02
9.400000e-07	-5.296390e-10	-3.636990e-09	-3.463972e+00	-4.670868e+02
9.500000e-07	-5.248980e-10	-3.614259e-09	-3.432965e+00	-4.641457e+02
9.600000e-07	-5.201183e-10	-3.590017e-09	-3.401704e+00	-4.611749e+02
9.700000e-07	-5.152990e-10	-3.566586e-09	-3.370185e+00	-4.581746e+02
9.800000e-07	-5.104441e-10	-3.544593e-09	-3.338433e+00	-4.551445e+02
9.900000e-07	-5.055576e-10	-3.522198e-09	-3.306474e+00	-4.520842e+02
1.000000e-06	-5.006387e-10	-3.498056e-09	-3.274303e+00	-4.489930e+02
1.010000e-06	-4.956920e-10	-3.473161e-09	-3.241950e+00	-4.458703e+02
1.020000e-06	-4.907227e-10	-3.448950e-09	-3.209449e+00	-4.427150e+02
1.030000e-06	-4.857266e-10	-3.425381e-09	-3.176774e+00	-4.395263e+02
1.040000e-06	-4.807044e-10	-3.400945e-09	-3.143927e+00	-4.363033e+02
1.050000e-06	-4.756535e-10	-3.374647e-09	-3.110894e+00	-4.330451e+02
1.060000e-06	-4.705653e-10	-3.347468e-09	-3.077615e+00	-4.297508e+02
1.070000e-06	-4.654366e-10	-3.321151e-09	-3.044072e+00	-4.264198e+02
1.080000e-06	-4.602659e-10	-3.296038e-09	-3.010254e+00	-4.230515e+02
1.090000e-06	-4.550553e-10	-3.270260e-09	-2.976176e+00	-4.196454e+02
1.100000e-06	-4.498036e-10	-3.242286e-09	-2.941829e+00	-4.162009e+02
1.110000e-06	-4.445028e-10	-3.213861e-09	-2.907160e+00	-4.127176e+02
1.120000e-06	-4.391441e-10	-3.186884e-09	-2.872113e+00	-4.091951e+02
1.130000e-06	-4.337305e-10	-3.160451e-09	-2.836707e+00	-4.056326e+02
1.140000e-06	-4.282672e-10	-3.132836e-09	-2.800975e+00	-4.020297e+02
1.150000e-06	-4.227498e-10	-3.103613e-09	-2.764890e+00	-3.983853e+02
1.160000e-06	-4.171812e-10	-3.073791e-09	-2.728470e+00	-3.946987e+02
1.170000e-06	-4.115666e-10	-3.044723e-09	-2.691749e+00	-3.909689e+02
1.180000e-06	-4.059105e-10	-3.016392e-09	-2.654757e+00	-3.871946e+02
1.190000e-06	-4.002230e-10	-2.986531e-09	-2.617559e+00	-3.833748e+02
1.200000e-06	-3.945081e-10	-2.954158e-09	-2.580182e+00	-3.795085e+02
1.210000e-06	-3.887697e-10	-2.921841e-09	-2.542652e+00	-3.755945e+02
1.220000e-06	-3.830161e-10	-2.890997e-09	-2.505022e+00	-3.716322e+02
1.230000e-06	-3.772504e-10	-2.859756e-09	-2.467312e+00	-3.676209e+02
1.240000e-06	-3.714737e-10	-2.826742e-09	-2.429532e+00	-3.635602e+02
1.250000e-06	-3.656858e-10	-2.793389e-09	-2.391677e+00	-3.594500e+02
1.260000e-06	-3.598850e-10	-2.761109e-09	-2.353738e+00	-3.552905e+02
1.270000e-06	-3.540703e-10	-2.728954e-09	-2.315708e+00	-3.510820e+02
1.280000e-06	-3.482408e-10	-2.695374e-09	-2.277582e+00	-3.468252e+02
1.290000e-06	-3.423924e-10	-2.660582e-09	-2.239332e+00	-3.425206e+02
1.300000e-06	-3.365204e-10	-2.625824e-09	-2.200928e+00	-3.381691e+02
1.310000e-06	-3.306251e-10	-2.591344e-09	-2.162371e+00	-3.337714e+02
1.320000e-06	-3.247047e-10	-2.556395e-09	-2.123650e+00	-3.293282e+02
1.330000e-06	-3.187545e-10	-2.520183e-09	-2.084735e+00	-3.248401e+02
1.340000e-06	-3.127784e-10	-2.483241e-09	-2.045649e+00	-3.203076e+02
1.350000e-06	-3.067763e-10	-2.446394e-09	-2.006394e+00	-3.157310e+02
1.360000e-06	-3.007469e-10	-2.410148e-09	-1.966961e+00	-3.111107e+02
1.370000e-06	-2.946959e-10	-2.373945e-09	-1.927385e+00	-3.064468e+02
1.380000e-06	-2.886252e-10	-2.336701e-09	-1.887681e+00	-3.017394e+02
1.390000e-06	-2.825361e-10	-2.298781e-09	-1.847857e+00	-2.969889e+02
1.400000e-06	-2.764294e-10	-2.260603e-09	-1.807918e+00	-2.921954e+02
1.410000e-06	-2.703049e-10	-2.222720e-09	-1.767862e+00	-2.873594e+02
1.420000e-06	-2.641622e-10	-2.185299e-09	-1.727687e+00	-2.824814e+02
1.430000e-06	-2.580036e-10	-2.146982e-09	-1.687408e+00	-2.775624e+02
1.440000e-06	-2.518318e-10	-2.106970e-09	-1.647043e+00	-2.726033e+02
1.450000e-06	-2.456465e-10	-2.066778e-09	-1.606590e+00	-2.676050e+02
1.460000e-06	-2.394456e-10	-2.027871e-09	-1.566034e+00	-2.625689e+02
1.470000e-06	-2.332310e-10	-1.988796e-09	-1.525390e+00	-2.574962e+02
1.480000e-06	-2.270052e-10	-1.948327e-09	-1.484671e+00	-2.523879e+02
1.490000e-06	-2.207667e-10	-1.907539e-09	-1.443869e+00	-2.472451e+02
1.500000e-06	-2.145172e-10	-1.867081e-09	-1.402996e+00	-2.420686e+02
1.510000e-06	-2.082595e-10	-1.826419e-09	-1.362069e+00	-2.368588e+02
1.520000e-06	-2.019897e-10	-1.785240e-09	-1.321063e+00	-2.316161e+02
1.530000e-06	-1.957071e-10	-1.743575e-09	-1.279974e+00	-2.263403e+02
1.540000e-06	-1.894134e-10	-1.701875e-09	-1.238811e+00	-2.210313e+02
1.550000e-06	-1.831069e-10	-1.660853e-09	-1.197565e+00	-2.156885e+02
1.560000e-06	-1.767873e-10	-1.620330e-09	-1.156233e+00	-2.103114e+02
1.570000e-06	-1.704548e-10	-1.578496e-09	-1.114817e+00	-2.048995e+02
1.580000e-06	-1.641091e-10	-1.534771e-09	-1.073315e+00	-1.994523e+02
1.590000e-06	-1.577453e-10	-1.491299e-09	-1.031694e+00	-1.939696e+02
1.600000e-06	-1.513651e-10	-1.448885e-09	-9.899658e-01	-1.884517e+02
1.610000e-06	-1.449749e-10	-1.406062e-09	-9.481722e-01	-1.828989e+02
1.620000e-06	-1.385756e-10	-1.362421e-09	-9.063189e-01	-1.773122e+02
1.630000e-06	-1.321655e-10	-1.318909e-09	-8.643956e-01	-1.716930e+02
1.640000e-06	-1.257439e-10	-1.275310e-09	-8.223963e-01	-1.660428e+02
1.650000e-06	-1.193132e-10	-1.231084e-09	-7.803379e-01	-1.603637e+02
1.660000e-06	-1.128777e-10	-1.186712e-09	-7.382482e-01	-1.546577e+02
1.670000e-06	-1.064350e-10	-1.142210e-09	-6.961113e-01	-1.489269e+02
1.680000e-06	-9.998335e-11	-1.097296e-09	-6.539160e-01	-1.431734e+02
1.690000e-06	-9.352507e-11	-1.052689e-09	-6.116772e-01	-1.373989e+02
1.700000e-06	-8.705897e-11	-1.008529e-09	-5.693873e-01	-1.316050e+02
1.710000e-06	-8.058416e-11	-9.640887e-10	-5.270404e-01	-1.257924e+02
1.720000e-06	-7.410155e-11	-9.189871e-10	-4.846425e-01	-1.199619e+02
1.730000e-06	-6.761309e-11	-8.731007e-10	-4.422063e-01	-1.141134e+02
1.740000e-06	-6.111912e-11	-8.268379e-10	-3.997341e-01	-1.082465e+02
1.750000e-06	-5.461861e-11	-7.809810e-10	-3.572191e-01	-1.023605e+02
1.760000e-06	-4.811338e-11	-7.353875e-10	-3.146733e-01	-9.645441e+01
1.770000e-06	-4.160495e-11	-6.894966e-10	-2.721065e-01	-9.052716e+01
1.780000e-06	-3.509415e-11	-6.432858e-10	-2.295242e-01	-8.457772e+01
1.790000e-06	-2.858238e-11	-5.974203e-10	-1.869356e-01	-7.860528e+01
1.800000e-06	-2.206903e-11	-5.520469e-10	-1.443366e-01	-7.260931e+01
1.810000e-06	-1.555446e-11	-5.060753e-10	-1.017298e-01	-6.658973e+01
1.820000e-06	-9.041395e-12	-4.584535e-10	-5.913266e-02	-6.054694e+01
1.830000e-06	-2.528023e-12	-4.098987e-10	-1.653358e-02	-5.448182e+01
1.840000e-06	3.986512e-12	-3.622380e-10	2.607312e-02	-4.839574e+01
1.850000e-06	1.050093e-11	-3.155519e-10	6.867907e-02	-4.229049e+01
1.860000e-06	1.701611e-11	-2.688012e-10	1.112900e-01	-3.616818e+01
1.870000e-06	2.353117e-11	-2.214014e-10	1.539001e-01	-3.003110e+01
1.880000e-06	3.004546e-11	-1.737771e-10	1.965052e-01	-2.388164e+01
1.890000e-06	3.655972e-11	-1.263291e-10	2.391101e-01	-1.772216e+01
1.900000e-06	4.307232e-11	-7.852294e-11	2.817041e-01	-1.155483e+01
1.910000e-06	4.958076e-11	-3.010675e-11	3.242710e-01	-5.381593e+00
1.920000e-06	5.608516e-11	1.868527e-11	3.668114e-01	7.958931e-01
1.930000e-06	6.258488e-11	6.758513e-11	4.093212e-01	6.976300e+00
1.940000e-06	6.908116e-11	1.161272e-10	4.518085e-01	1.315860e+01
1.950000e-06	7.557070e-11	1.641616e-10	4.942517e-01	1.934202e+01
1.960000e-06	8.205018e-11	2.119873e-10	5.366292e-01	2.552598e+01
1.970000e-06	8.852244e-11	2.598933e-10	5.789594e-01	3.171000e+01
1.980000e-06	9.499154e-11	3.076482e-10	6.212689e-01	3.789363e+01
1.990000e-06	1.014536e-10	3.551606e-10	6.635324e-01	4.407636e+01
2.000000e-06	1.079056e-10	4.024469e-10	7.057299e-01	5.025756e+01
2.010000e-06	1.143497e-10	4.492715e-10	7.478763e-01	5.643641e+01
2.020000e-06	1.207850e-10	4.965953e-10	7.899646e-01	6.261194e+01
2.030000e-06	1.272101e-10	5.448846e-10	8.319863e-01	6.878300e+01
2.040000e-06	1.336238e-10	5.930684e-10	8.739336e-01	7.494833e+01
2.050000e-06	1.400248e-10	6.409245e-10	9.157977e-01	8.110657e+01
2.060000e-06	1.464113e-10	6.890436e-10	9.575671e-01	8.725641e+01
2.070000e-06	1.527791e-10	7.371983e-10	9.992138e-01	9.339658e+01
2.080000e-06	1.591306e-10	7.850675e-10	1.040755e+00	9.952598e+01
2.090000e-06	1.654707e-10	8.324698e-10	1.082221e+00	1.056437e+02
2.100000e-06	1.717997e-10	8.795469e-10	1.123613e+00	1.117491e+02
2.110000e-06	1.781163e-10	9.267942e-10	1.164926e+00	1.178416e+02
2.120000e-06	1.844198e-10	9.743260e-10	1.206152e+00	1.239210e+02
2.130000e-06	1.907085e-10	1.021954e-09	1.247282e+00	1.299872e+02
2.140000e-06	1.969833e-10	1.068861e-09	1.288321e+00	1.360401e+02
2.150000e-06	2.032483e-10	1.114691e-09	1.329296e+00	1.420796e+02
2.160000e-06	2.095024e-10	1.160591e-09	1.370199e+00	1.481053e+02
2.170000e-06	2.157426e-10	1.206995e-09	1.411011e+00	1.541169e+02
2.180000e-06	2.219691e-10	1.253407e-09	1.451734e+00	1.601135e+02
2.190000e-06	2.281828e-10	1.299851e-09	1.492373e+00	1.660940e+02
2.200000e-06	2.343841e-10	1.346098e-09	1.532932e+00	1.720569e+02
2.210000e-06	2.405732e-10	1.392127e-09	1.573410e+00	1.780003e+02
2.220000e-06	2.467522e-10	1.438316e-09	1.613822e+00	1.839222e+02
2.230000e-06	2.529194e-10	1.484159e-09	1.654157e+00	1.898200e+02
2.240000e-06	2.590726e-10	1.529318e-09	1.694401e+00	1.956913e+02
2.250000e-06	2.652126e-10	1.573921e-09	1.734558e+00	2.015338e+02
2.260000e-06	2.713373e-10	1.618007e-09	1.774615e+00	2.073449e+02
2.270000e-06	2.774456e-10	1.662384e-09	1.814564e+00	2.131227e+02
2.280000e-06	2.835348e-10	1.707290e-09	1.854390e+00	2.188654e+02
2.290000e-06	2.896032e-10	1.752049e-09	1.894078e+00	2.245717e+02
2.300000e-06	2.956488e-10	1.796006e-09	1.933618e+00	2.302407e+02
2.310000e-06	3.016733e-10	1.839141e-09	1.973020e+00	2.358718e+02
2.320000e-06	3.076734e-10	1.882051e-09	2.012262e+00	2.414651e+02
2.330000e-06	3.136441e-10	1.924851e-09	2.051312e+00	2.470207e+02
2.340000e-06	3.195874e-10	1.967398e-09	2.090182e+00	2.525391e+02
2.350000e-06	3.255022e-10	2.009423e-09	2.128867e+00	2.580209e+02
2.360000e-06	3.313889e-10	2.051334e-09	2.167367e+00	2.634666e+02
2.370000e-06	3.372536e-10	2.093357e-09	2.205724e+00	2.688767e+02
2.380000e-06	3.431010e-10	2.135011e-09	2.243967e+00	2.742514e+02
2.390000e-06	3.489322e-10	2.176403e-09	2.282105e+00	2.795906e+02
2.400000e-06	3.547484e-10	2.217659e-09	2.320144e+00	2.848938e+02
2.410000e-06	3.605522e-10	2.258873e-09	2.358102e+00	2.901605e+02
2.420000e-06	3.663452e-10	2.300316e-09	2.395990e+00	2.953894e+02
2.430000e-06	3.721279e-10	2.341782e-09	2.433811e+00	3.005792e+02
2.440000e-06	3.778994e-10	2.382539e-09	2.471557e+00	3.057284e+02
2.450000e-06	3.836588e-10	2.422327e-09	2.509225e+00	3.108352e+02
2.460000e-06	3.894038e-10	2.461485e-09	2.546799e+00	3.158977e+02
2.470000e-06	3.951275e-10	2.500518e-09	2.584234e+00	3.209143e+02
2.480000e-06	4.008250e-10	2.539452e-09	2.621497e+00	3.258831e+02
2.490000e-06	4.064919e-10	2.577636e-09	2.658560e+00	3.308025e+02
2.500000e-06	4.121235e-10	2.615241e-09	2.695392e+00	3.356709e+02
2.510000e-06	4.177148e-10	2.653162e-09	2.731960e+00	3.404869e+02
2.520000e-06	4.232568e-10	2.691028e-09	2.768206e+00	3.452491e+02
2.530000e-06	4.287442e-10	2.727948e-09	2.804096e+00	3.499564e+02
2.540000e-06	4.341779e-10	2.763912e-09	2.839633e+00	3.546076e+02
2.550000e-06	4.395550e-10	2.799605e-09	2.874801e+00	3.592015e+02
2.560000e-06	4.448703e-10	2.835565e-09	2.909564e+00	3.637371e+02
2.570000e-06	4.501276e-10	2.871671e-09	2.943948e+00	3.682133e+02
2.580000e-06	4.553345e-10	2.907036e-09	2.978002e+00	3.726290e+02
2.590000e-06	4.604930e-10	2.941161e-09	3.011740e+00	3.769834e+02
2.600000e-06	4.656066e-10	2.974547e-09	3.045184e+00	3.812756e+02
2.610000e-06	4.706857e-10	3.007481e-09	3.078403e+00	3.855050e+02
2.620000e-06	4.757337e-10	3.039529e-09	3.111419e+00	3.896713e+02
2.630000e-06	4.807473e-10	3.071301e-09	3.144208e+00	3.937744e+02
2.640000e-06	4.857357e-10	3.103483e-09	3.176834e+00	3.978146e+02
2.650000e-06	4.907070e-10	3.135376e-09	3.209347e+00	4.017926e+02
2.660000e-06	4.956564e-10	3.166444e-09	3.241718e+00	4.057096e+02
2.670000e-06	5.005767e-10	3.196838e-09	3.273898e+00	4.095671e+02
2.680000e-06	5.054650e-10	3.226500e-09	3.305869e+00	4.133669e+02
2.690000e-06	5.103219e-10	3.255456e-09	3.337634e+00	4.171111e+02
2.700000e-06	5.151409e-10	3.284277e-09	3.369151e+00	4.208020e+02
2.710000e-06	5.199165e-10	3.312865e-09	3.400385e+00	4.244419e+02
2.720000e-06	5.246527e-10	3.340995e-09	3.431361e+00	4.280330e+02
2.730000e-06	5.293496e-10	3.368901e-09	3.462080e+00	4.315774e+02
2.740000e-06	5.340102e-10	3.396250e-09	3.492561e+00	4.350770e+02
2.750000e-06	5.386352e-10	3.422823e-09	3.522810e+00	4.385331e+02
2.760000e-06	5.432234e-10	3.449026e-09	3.552818e+00	4.419468e+02
2.770000e-06	5.477800e-10	3.475122e-09	3.582619e+00	4.453189e+02
2.780000e-06	5.523031e-10	3.501098e-09	3.612202e+00	4.486496e+02
2.790000e-06	5.567888e-10	3.526559e-09	3.641539e+00	4.519391e+02
2.800000e-06	5.612370e-10	3.551187e-09	3.670631e+00	4.551870e+02
2.810000e-06	5.656434e-10	3.575300e-09	3.699450e+00	4.583930e+02
2.820000e-06	5.700072e-10	3.599283e-09	3.727991e+00	4.615569e+02
2.830000e-06	5.743296e-10	3.623086e-09	3.756261e+00	4.646784e+02
2.840000e-06	5.786121e-10	3.646720e-09	3.784269e+00	4.677574e+02
2.850000e-06	5.828603e-10	3.669729e-09	3.812053e+00	4.707941e+02
2.860000e-06	5.870793e-10	3.691911e-09	3.839647e+00	4.737890e+02
2.870000e-06	5.912742e-10	3.713561e-09	3.867083e+00	4.767428e+02
2.880000e-06	5.954491e-10	3.734845e-09	3.894387e+00	4.796565e+02
2.890000e-06	5.996011e-10	3.755885e-09	3.921542e+00	4.825315e+02
2.900000e-06	6.037211e-10	3.776684e-09	3.948488e+00	4.853691e+02
2.910000e-06	6.078071e-10	3.796976e-09	3.975212e+00	4.881707e+02
2.920000e-06	6.118562e-10	3.817021e-09	4.001694e+00	4.909377e+02
2.930000e-06	6.158599e-10	3.837078e-09	4.027879e+00	4.936715e+02
2.940000e-06	6.198116e-10	3.856845e-09	4.053724e+00	4.963732e+02
2.950000e-06	6.237101e-10	3.876214e-09	4.079221e+00	4.990434e+02
2.960000e-06	6.275578e-10	3.895499e-09	4.104386e+00	5.016829e+02
2.970000e-06	6.313591e-10	3.915063e-09	4.129248e+00	5.042919e+02
2.980000e-06	6.351145e-10	3.934219e-09	4.153809e+00	5.068705e+02
2.990000e-06	6.388265e-10	3.952918e-09	4.178087e+00	5.094185e+02
3.000000e-06	6.425043e-10	3.971222e-09	4.202140e+00	5.119355e+02
3.010000e-06	6.461466e-10	3.988958e-09	4.225962e+00	5.144212e+02
3.020000e-06	6.497522e-10	4.006561e-09	4.249543e+00	5.168753e+02
3.030000e-06	6.533208e-10	4.024189e-09	4.272883e+00	5.192973e+02
3.040000e-06	6.568483e-10	4.041868e-09	4.295954e+00	5.216870e+02
3.050000e-06	6.603292e-10	4.059231e-09	4.318719e+00	5.240443e+02
3.060000e-06	6.637522e-10	4.075713e-09	4.341106e+00	5.263692e+02
3.070000e-06	6.671138e-10	4.091794e-09	4.363092e+00	5.286617e+02
3.080000e-06	6.704078e-10	4.108088e-09	4.384636e+00	5.309220e+02
3.090000e-06	6.736308e-10	4.124068e-09	4.405715e+00	5.331503e+02
3.100000e-06	6.767866e-10	4.139737e-09	4.426355e+00	5.353467e+02
3.110000e-06	6.798833e-10	4.155382e-09	4.446608e+00	5.375114e+02
3.120000e-06	6.829280e-10	4.170682e-09	4.466521e+00	5.396443e+02
3.130000e-06	6.859184e-10	4.185909e-09	4.486079e+00	5.417453e+02
3.140000e-06	6.888590e-10	4.201170e-09	4.505311e+00	5.438144e+02
3.150000e-06	6.917502e-10	4.215940e-09	4.524221e+00	5.458511e+02
3.160000e-06	6.945872e-10	4.230059e-09	4.542775e+00	5.478553e+02
3.170000e-06	6.973710e-10	4.243931e-09	4.560982e+00	5.498268e+02
3.180000e-06	7.001039e-10	4.257907e-09	4.578856e+00	5.517652e+02
3.190000e-06	7.027867e-10	4.271857e-09	4.596402e+00	5.536707e+02
3.200000e-06	7.054227e-10	4.285678e-09	4.613642e+00	5.555433e+02
3.210000e-06	7.080153e-10	4.299166e-09	4.630598e+00	5.573835e+02
3.220000e-06	7.105623e-10	4.312284e-09	4.647256e+00	5.591918e+02
3.230000e-06	7.130591e-10	4.325333e-09	4.663586e+00	5.609689e+02
3.240000e-06	7.155013e-10	4.338421e-09	4.679559e+00	5.627156e+02
3.250000e-06	7.178778e-10	4.351355e-09	4.695102e+00	5.644329e+02
3.260000e-06	7.201771e-10	4.363717e-09	4.710140e+00	5.661214e+02
3.270000e-06	7.223910e-10	4.375667e-09	4.724619e+00	5.677817e+02
3.280000e-06	7.245156e-10	4.387683e-09	4.738514e+00	5.694140e+02
3.290000e-06	7.265564e-10	4.399429e-09	4.751862e+00	5.710180e+02
3.300000e-06	7.285247e-10	4.410702e-09	4.764735e+00	5.725931e+02
3.310000e-06	7.304290e-10	4.421986e-09	4.777190e+00	5.741381e+02
3.320000e-06	7.322819e-10	4.433159e-09	4.789308e+00	5.756510e+02
3.330000e-06	7.340982e-10	4.444124e-09	4.801187e+00	5.771297e+02
3.340000e-06	7.358819e-10	4.455258e-09	4.812853e+00	5.785715e+02
3.350000e-06	7.376306e-10	4.465944e-09	4.824290e+00	5.799736e+02
3.360000e-06	7.393406e-10	4.475752e-09	4.835474e+00	5.813330e+02
3.370000e-06	7.410072e-10	4.485307e-09	4.846374e+00	5.826469e+02
3.380000e-06	7.426249e-10	4.494742e-09	4.856954e+00	5.839128e+02
3.390000e-06	7.441908e-10	4.504311e-09	4.867195e+00	5.851288e+02
3.400000e-06	7.457019e-10	4.514669e-09	4.877079e+00	5.862935e+02
3.410000e-06	7.471573e-10	4.525357e-09	4.886597e+00	5.874063e+02
3.420000e-06	7.485626e-10	4.534447e-09	4.895788e+00	5.884673e+02
3.430000e-06	7.499215e-10	4.540214e-09	4.904676e+00	5.894775e+02
3.440000e-06	7.512307e-10	4.543060e-09	4.913238e+00	5.904384e+02
3.450000e-06	7.524828e-10	4.547132e-09	4.921427e+00	5.913525e+02
3.460000e-06	7.536759e-10	4.556855e-09	4.929230e+00	5.922222e+02
3.470000e-06	7.548159e-10	4.569372e-09	4.936686e+00	5.930505e+02
3.480000e-06	7.559076e-10	4.577965e-09	4.943826e+00	5.938404e+02
3.490000e-06	7.569558e-10	4.583617e-09	4.950681e+00	5.945945e+02
3.500000e-06	7.579681e-10	4.590390e-09	4.957302e+00	5.953154e+02
3.510000e-06	7.589471e-10	4.595722e-09	4.963705e+00	5.960049e+02
3.520000e-06	7.598888e-10	4.598914e-09	4.969864e+00	5.966644e+02
3.530000e-06	7.607858e-10	4.604563e-09	4.975731e+00	5.972946e+02
3.540000e-06	7.616303e-10	4.612843e-09	4.981254e+00	5.978957e+02
3.550000e-06	7.624109e-10	4.621450e-09	4.986359e+00	5.984672e+02
3.560000e-06	7.631162e-10	4.630542e-09	4.990972e+00	5.990084e+02
3.570000e-06	7.637458e-10	4.636051e-09	4.995090e+00	5.995180e+02
3.580000e-06	7.643005e-10	4.632232e-09	4.998718e+00	5.999950e+02
3.590000e-06	7.647794e-10	4.625938e-09	5.001850e+00	6.004379e+02
3.600000e-06	7.651825e-10	4.630171e-09	5.004486e+00	6.008459e+02
3.610000e-06	7.655142e-10	4.640781e-09	5.006655e+00	6.012180e+02
3.620000e-06	7.657877e-10	4.644976e-09	5.008444e+00	6.015539e+02
3.630000e-06	7.660158e-10	4.649136e-09	5.009936e+00	6.018535e+02
3.640000e-06	7.662079e-10	4.662950e-09	5.011192e+00	6.021171e+02
3.650000e-06	7.663605e-10	4.674636e-09	5.012191e+00	6.023452e+02
3.660000e-06	7.664658e-10	4.672689e-09	5.012879e+00	6.025388e+02
3.670000e-06	7.665218e-10	4.665551e-09	5.013246e+00	6.026986e+02
3.680000e-06	7.665233e-10	4.656118e-09	5.013255e+00	6.028257e+02
3.690000e-06	7.664651e-10	4.642893e-09	5.012875e+00	6.029209e+02
3.700000e-06	7.663512e-10	4.650220e-09	5.012130e+00	6.029846e+02
3.710000e-06	7.661838e-10	4.678493e-09	5.011035e+00	6.030172e+02
3.720000e-06	7.659678e-10	4.683544e-09	5.009622e+00	6.030187e+02
3.730000e-06	7.657090e-10	4.667974e-09	5.007930e+00	6.029887e+02
3.740000e-06	7.654118e-10	4.677582e-09	5.005986e+00	6.029265e+02
3.750000e-06	7.650703e-10	4.692580e-09	5.003752e+00	6.028314e+02
3.760000e-06	7.646664e-10	4.674531e-09	5.001111e+00	6.027025e+02
3.770000e-06	7.642059e-10	4.653397e-09	4.998099e+00	6.025387e+02
3.780000e-06	7.637011e-10	4.655258e-09	4.994798e+00	6.023393e+02
3.790000e-06	7.631531e-10	4.664105e-09	4.991214e+00	6.021038e+02
3.800000e-06	7.625639e-10	4.668728e-09	4.987360e+00	6.018317e+02
3.810000e-06	7.619403e-10	4.669579e-09	4.983282e+00	6.015231e+02
3.820000e-06	7.612821e-10	4.666954e-09	4.978976e+00	6.011783e+02
3.830000e-06	7.605776e-10	4.665472e-09	4.974369e+00	6.007980e+02
3.840000e-06	7.598088e-10	4.665022e-09	4.969341e+00	6.003832e+02
3.850000e-06	7.589581e-10	4.658025e-09	4.963777e+00	5.999347e+02
3.860000e-06	7.580172e-10	4.646742e-09	4.957623e+00	5.994539e+02
3.870000e-06	7.569912e-10	4.642175e-09	4.950913e+00	5.989416e+02
3.880000e-06	7.558922e-10	4.645975e-09	4.943725e+00	5.983989e+02
3.890000e-06	7.547263e-10	4.648260e-09	4.936100e+00	5.978264e+02
3.900000e-06	7.534972e-10	4.643213e-09	4.928061e+00	5.972245e+02
3.910000e-06	7.522113e-10	4.636099e-09	4.919651e+00	5.965931e+02
3.920000e-06	7.508726e-10	4.631455e-09	4.910896e+00	5.959320e+02
3.930000e-06	7.494844e-10	4.627164e-09	4.901816e+00	5.952406e+02
3.940000e-06	7.480541e-10	4.622145e-09	4.892462e+00	5.945182e+02
3.950000e-06	7.465874e-10	4.616575e-09	4.882869e+00	5.937636e+02
3.960000e-06	7.450798e-10	4.610478e-09	4.873009e+00	5.929761e+02
3.970000e-06	7.435221e-10	4.606169e-09	4.862822e+00	5.921547e+02
3.980000e-06	7.419105e-10	4.602652e-09	4.852282e+00	5.912985e+02
3.990000e-06	7.402465e-10	4.595494e-09	4.841399e+00	5.904072e+02
4.000000e-06	7.385304e-10	4.584993e-09	4.830175e+00	5.894803e+02
4.010000e-06	7.367617e-10	4.576131e-09	4.818607e+00	5.885179e+02
4.020000e-06	7.349435e-10	4.571384e-09	4.806716e+00	5.875201e+02
4.030000e-06	7.330795e-10	4.568197e-09	4.794525e+00	5.864874e+02
4.040000e-06	7.311694e-10	4.562618e-09	4.782032e+00	5.854203e+02
4.050000e-06	7.292034e-10	4.553566e-09	4.769174e+00	5.843194e+02
4.060000e-06	7.271780e-10	4.543864e-09	4.755927e+00	5.831852e+02
4.070000e-06	7.250959e-10	4.536214e-09	4.742310e+00	5.820180e+02
4.080000e-06	7.229576e-10	4.529025e-09	4.728325e+00	5.808181e+02
4.090000e-06	7.207682e-10	4.519131e-09	4.714005e+00	5.795853e+02
4.100000e-06	7.185297e-10	4.507422e-09	4.699365e+00	5.783194e+02
4.110000e-06	7.162399e-10	4.497713e-09	4.684389e+00	5.770197e+02
4.120000e-06	7.138931e-10	4.490976e-09	4.669040e+00	5.756854e+02
4.130000e-06	7.114772e-10	4.483951e-09	4.653240e+00	5.743156e+02
4.140000e-06	7.089808e-10	4.473570e-09	4.636913e+00	5.729093e+02
4.150000e-06	7.063971e-10	4.459774e-09	4.620015e+00	5.714656e+02
4.160000e-06	7.037259e-10	4.445798e-09	4.602545e+00	5.699837e+02
4.170000e-06	7.009705e-10	4.434993e-09	4.584523e+00	5.684631e+02
4.180000e-06	6.981393e-10	4.426275e-09	4.566007e+00	5.669033e+02
4.190000e-06	6.952488e-10	4.415524e-09	4.547102e+00	5.653045e+02
4.200000e-06	6.923110e-10	4.401300e-09	4.527888e+00	5.636671e+02
4.210000e-06	6.893319e-10	4.386497e-09	4.508404e+00	5.619918e+02
4.220000e-06	6.863187e-10	4.373536e-09	4.488697e+00	5.602795e+02
4.230000e-06	6.832734e-10	4.360961e-09	4.468780e+00	5.585313e+02
4.240000e-06	6.801940e-10	4.346062e-09	4.448640e+00	5.567486e+02
4.250000e-06	6.770768e-10	4.329287e-09	4.428253e+00	5.549327e+02
4.260000e-06	6.739162e-10	4.314007e-09	4.407582e+00	5.530847e+02
4.270000e-06	6.707085e-10	4.301801e-09	4.386602e+00	5.512058e+02
4.280000e-06	6.674527e-10	4.289963e-09	4.365308e+00	5.492968e+02
4.290000e-06	6.641484e-10	4.274875e-09	4.343697e+00	5.473585e+02
4.300000e-06	6.607956e-10	4.256857e-09	4.321769e+00	5.453913e+02
4.310000e-06	6.573977e-10	4.239357e-09	4.299546e+00	5.433954e+02
4.320000e-06	6.539553e-10	4.224129e-09	4.277032e+00	5.413708e+02
4.330000e-06	6.504722e-10	4.209789e-09	4.254252e+00	5.393174e+02
4.340000e-06	6.469492e-10	4.193673e-09	4.231211e+00	5.372351e+02
4.350000e-06	6.433778e-10	4.175021e-09	4.207853e+00	5.351237e+02
4.360000e-06	6.397570e-10	4.156557e-09	4.184172e+00	5.329831e+02
4.370000e-06	6.360905e-10	4.140180e-09	4.160192e+00	5.308131e+02
4.380000e-06	6.323800e-10	4.123684e-09	4.135924e+00	5.286139e+02
4.390000e-06	6.286328e-10	4.104928e-09	4.111417e+00	5.263856e+02
4.400000e-06	6.248562e-10	4.084946e-09	4.086717e+00	5.241286e+02
4.410000e-06	6.210558e-10	4.065828e-09	4.061861e+00	5.218430e+02
4.420000e-06	6.172345e-10	4.048049e-09	4.036869e+00	5.195294e+02
4.430000e-06	6.133901e-10	4.030738e-09	4.011725e+00	5.171879e+02
4.440000e-06	6.095141e-10	4.012280e-09	3.986376e+00	5.148188e+02
4.450000e-06	6.055937e-10	3.991585e-09	3.960735e+00	5.124222e+02
4.460000e-06	6.016195e-10	3.970455e-09	3.934743e+00	5.099980e+02
4.470000e-06	5.975826e-10	3.951400e-09	3.908340e+00	5.075461e+02
4.480000e-06	5.934767e-10	3.932755e-09	3.881487e+00	5.050659e+02
4.490000e-06	5.892972e-10	3.911818e-09	3.854152e+00	5.025569e+02
4.500000e-06	5.850411e-10	3.889501e-09	3.826316e+00	5.000185e+02
4.510000e-06	5.807135e-10	3.867935e-09	3.798013e+00	4.974500e+02
4.520000e-06	5.763227e-10	3.847887e-09	3.769295e+00	4.948507e+02
4.530000e-06	5.718763e-10	3.827745e-09	3.740215e+00	4.922200e+02
4.540000e-06	5.673839e-10	3.805581e-09	3.710833e+00	4.895575e+02
4.550000e-06	5.628524e-10	3.782132e-09	3.681196e+00	4.868629e+02
4.560000e-06	5.582892e-10	3.759490e-09	3.651352e+00	4.841360e+02
4.570000e-06	5.537039e-10	3.738004e-09	3.621362e+00	4.813770e+02
4.580000e-06	5.490960e-10	3.716596e-09	3.591226e+00	4.785861e+02
4.590000e-06	5.444625e-10	3.694166e-09	3.560922e+00	4.757637e+02
4.600000e-06	5.398041e-10	3.670668e-09	3.530454e+00	4.729103e+02
4.610000e-06	5.351151e-10	3.647118e-09	3.499787e+00	4.700263e+02
4.620000e-06	5.303927e-10	3.624016e-09	3.468901e+00	4.671123e+02
4.630000e-06	5.256341e-10	3.601238e-09	3.437779e+00	4.641686e+02
4.640000e-06	5.208364e-10	3.578129e-09	3.406401e+00	4.611953e+02
4.650000e-06	5.160000e-10	3.554017e-09	3.374770e+00	4.581924e+02
4.660000e-06	5.111252e-10	3.529232e-09	3.342887e+00	4.551597e+02
4.670000e-06	5.062150e-10	3.504529e-09	3.310773e+00	4.520967e+02
4.680000e-06	5.012707e-10	3.480290e-09	3.278436e+00	4.490028e+02
4.690000e-06	4.962922e-10	3.455967e-09	3.245876e+00	4.458772e+02
4.700000e-06	4.912806e-10	3.430806e-09	3.213098e+00	4.427190e+02
4.710000e-06	4.862357e-10	3.405197e-09	3.180104e+00	4.395274e+02
4.720000e-06	4.811545e-10	3.380227e-09	3.146872e+00	4.363013e+02
4.730000e-06	4.760329e-10	3.355850e-09	3.113375e+00	4.330399e+02
4.740000e-06	4.708708e-10	3.330740e-09	3.079613e+00	4.297425e+02
4.750000e-06	4.656737e-10	3.304270e-09	3.045623e+00	4.264082e+02
4.760000e-06	4.604419e-10	3.277307e-09	3.011406e+00	4.230366e+02
4.770000e-06	4.551755e-10	3.251158e-09	2.976962e+00	4.196271e+02
4.780000e-06	4.498786e-10	3.225809e-09	2.942319e+00	4.161793e+02
4.790000e-06	4.445510e-10	3.199608e-09	2.907476e+00	4.126926e+02
4.800000e-06	4.391983e-10	3.172038e-09	2.872467e+00	4.091665e+02
4.810000e-06	4.338273e-10	3.144010e-09	2.837340e+00	4.056005e+02
4.820000e-06	4.284392e-10	3.116098e-09	2.802100e+00	4.019939e+02
4.830000e-06	4.230371e-10	3.088384e-09	2.766769e+00	3.983459e+02
4.840000e-06	4.176214e-10	3.060204e-09	2.731349e+00	3.946556e+02
4.850000e-06	4.121909e-10	3.031086e-09	2.695832e+00	3.909218e+02
4.860000e-06	4.067425e-10	3.001609e-09	2.660198e+00	3.871436e+02
4.870000e-06	4.012725e-10	2.972389e-09	2.624423e+00	3.833197e+02
4.880000e-06	3.957767e-10	2.943212e-09	2.588479e+00	3.794492e+02
4.890000e-06	3.902531e-10	2.913359e-09	2.552353e+00	3.755311e+02
4.900000e-06	3.846985e-10	2.882991e-09	2.516025e+00	3.715644e+02
4.910000e-06	3.791052e-10	2.852823e-09	2.479443e+00	3.675488e+02
4.920000e-06	3.734720e-10	2.822598e-09	2.442601e+00	3.634837e+02
4.930000e-06	3.677972e-10	2.791950e-09	2.405486e+00	3.593692e+02
4.940000e-06	3.620807e-10	2.760426e-09	2.368099e+00	3.552053e+02
4.950000e-06	3.563229e-10	2.727727e-09	2.330441e+00	3.509926e+02
4.960000e-06	3.505185e-10	2.694935e-09	2.292479e+00	3.467315e+02
4.970000e-06	3.446665e-10	2.663031e-09	2.254205e+00	3.424227e+02
4.980000e-06	3.387707e-10	2.631061e-09	2.215645e+00	3.380671e+02
4.990000e-06	3.328370e-10	2.597638e-09	2.176838e+00	3.336654e+02
5.000000e-06	3.268644e-10	2.563243e-09	2.137775e+00	3.292182e+02
5.010000e-06	3.208525e-10	2.529100e-09	2.098456e+00	3.247261e+02
5.020000e-06	3.148048e-10	2.494723e-09	2.058902e+00	3.201897e+02
5.030000e-06	3.087241e-10	2.459023e-09	2.019133e+00	3.156093e+02
5.040000e-06	3.026210e-10	2.422904e-09	1.979217e+00	3.109851e+02
5.050000e-06	2.964983e-10	2.387713e-09	1.939173e+00	3.063174e+02
5.060000e-06	2.903591e-10	2.352872e-09	1.899021e+00	3.016062e+02
5.070000e-06	2.842058e-10	2.316992e-09	1.858777e+00	2.968518e+02
5.080000e-06	2.780382e-10	2.280356e-09	1.818439e+00	2.920545e+02
5.090000e-06	2.718591e-10	2.243518e-09	1.778027e+00	2.872148e+02
5.100000e-06	2.656661e-10	2.206013e-09	1.737523e+00	2.823332e+02
5.110000e-06	2.594592e-10	2.167909e-09	1.696928e+00	2.774106e+02
5.120000e-06	2.532427e-10	2.129425e-09	1.656271e+00	2.724480e+02
5.130000e-06	2.470160e-10	2.090090e-09	1.615547e+00	2.674464e+02
5.140000e-06	2.407774e-10	2.050752e-09	1.574745e+00	2.624070e+02
5.150000e-06	2.345279e-10	2.012903e-09	1.533871e+00	2.573311e+02
5.160000e-06	2.282670e-10	1.975455e-09	1.492923e+00	2.522198e+02
5.170000e-06	2.219950e-10	1.936497e-09	1.451903e+00	2.470740e+02
5.180000e-06	2.157093e-10	1.896056e-09	1.410793e+00	2.418945e+02
5.190000e-06	2.094089e-10	1.854914e-09	1.369587e+00	2.366819e+02
5.200000e-06	2.030961e-10	1.813159e-09	1.328300e+00	2.314363e+02
5.210000e-06	1.967743e-10	1.771378e-09	1.286953e+00	2.261576e+02
5.220000e-06	1.904392e-10	1.730384e-09	1.245520e+00	2.208457e+02
5.230000e-06	1.840884e-10	1.689613e-09	1.203984e+00	2.154999e+02
5.240000e-06	1.777210e-10	1.648318e-09	1.162340e+00	2.101198e+02
5.250000e-06	1.713361e-10	1.607104e-09	1.120581e+00	2.047048e+02
5.260000e-06	1.649399e-10	1.565588e-09	1.078748e+00	1.992545e+02
5.270000e-06	1.585322e-10	1.522518e-09	1.036840e+00	1.937687e+02
5.280000e-06	1.521122e-10	1.478363e-09	9.948517e-01	1.882477e+02
5.290000e-06	1.456771e-10	1.434439e-09	9.527644e-01	1.826919e+02
5.300000e-06	1.392276e-10	1.390929e-09	9.105833e-01	1.771023e+02
5.310000e-06	1.327684e-10	1.347299e-09	8.683384e-01	1.714803e+02
5.320000e-06	1.262965e-10	1.303671e-09	8.260108e-01	1.658275e+02
5.330000e-06	1.198155e-10	1.260261e-09	7.836236e-01	1.601460e+02
5.340000e-06	1.133290e-10	1.216610e-09	7.412001e-01	1.544377e+02
5.350000e-06	1.068357e-10	1.172120e-09	6.987320e-01	1.487049e+02
5.360000e-06	1.003371e-10	1.126605e-09	6.562295e-01	1.429495e+02
5.370000e-06	9.383476e-11	1.080523e-09	6.137027e-01	1.371734e+02
5.380000e-06	8.732528e-11	1.034851e-09	5.711291e-01	1.313777e+02
5.390000e-06	8.080571e-11	9.898866e-10	5.284895e-01	1.255636e+02
5.400000e-06	7.427826e-11	9.452975e-10	4.857983e-01	1.197316e+02
5.410000e-06	6.774260e-11	9.003252e-10	4.430535e-01	1.138815e+02
5.420000e-06	6.120287e-11	8.545929e-10	4.002820e-01	1.080130e+02
5.430000e-06	5.466150e-11	8.083806e-10	3.574998e-01	1.021253e+02
5.440000e-06	4.811617e-11	7.618382e-10	3.146917e-01	9.621742e+01
5.450000e-06	4.156710e-11	7.151203e-10	2.718591e-01	9.028829e+01
5.460000e-06	3.501724e-11	6.684806e-10	2.290214e-01	8.433689e+01
5.470000e-06	2.846823e-11	6.223640e-10	1.861892e-01	7.836242e+01
5.480000e-06	2.191640e-11	5.764588e-10	1.433386e-01	7.236440e+01
5.490000e-06	1.536425e-11	5.295559e-10	1.004859e-01	6.634279e+01
5.500000e-06	8.812511e-12	4.818035e-10	5.763585e-02	6.029802e+01
5.510000e-06	2.258323e-12	4.344738e-10	1.476980e-02	5.423104e+01
5.520000e-06	-4.294947e-12	3.878022e-10	-2.809023e-02	4.814324e+01
5.530000e-06	-1.084871e-11	3.411392e-10	-7.095348e-02	4.203644e+01
5.540000e-06	-1.740305e-11	2.938029e-10	-1.138205e-01	3.591277e+01
5.550000e-06	-2.395403e-11	2.455487e-10	-1.566656e-01	2.977456e+01
5.560000e-06	-3.050382e-11	1.972268e-10	-1.995028e-01	2.362418e+01
5.570000e-06	-3.705423e-11	1.494559e-10	-2.423442e-01	1.746396e+01
5.580000e-06	-4.360515e-11	1.013803e-10	-2.851889e-01	1.129609e+01
5.590000e-06	-5.015044e-11	5.309122e-11	-3.279967e-01	5.122466e+00
5.600000e-06	-5.668582e-11	5.152791e-12	-3.707397e-01	-1.055277e+00
5.610000e-06	-6.321551e-11	-4.251999e-11	-4.134456e-01	-7.235840e+00
5.620000e-06	-6.974087e-11	-8.984389e-11	-4.561231e-01	-1.341822e+01
5.630000e-06	-7.626314e-11	-1.373600e-10	-4.987803e-01	-1.960165e+01
5.640000e-06	-8.278039e-11	-1.856298e-10	-5.414048e-01	-2.578558e+01
5.650000e-06	-8.929048e-11	-2.342506e-10	-5.839825e-01	-3.196954e+01
5.660000e-06	-9.579333e-11	-2.828159e-10	-6.265127e-01	-3.815305e+01
5.670000e-06	-1.022898e-10	-3.309151e-10	-6.690012e-01	-4.433562e+01
5.680000e-06	-1.087805e-10	-3.784403e-10	-7.114519e-01	-5.051658e+01
5.690000e-06	-1.152607e-10	-4.261766e-10	-7.538340e-01	-5.669511e+01
5.700000e-06	-1.217292e-10	-4.747002e-10	-7.961398e-01	-6.287022e+01
5.710000e-06	-1.281874e-10	-5.234206e-10	-8.383780e-01	-6.904076e+01
5.720000e-06	-1.346361e-10	-5.714930e-10	-8.805540e-01	-7.520544e+01
5.730000e-06	-1.410752e-10	-6.189469e-10	-9.226674e-01	-8.136291e+01
5.740000e-06	-1.474984e-10	-6.661720e-10	-9.646767e-01	-8.751186e+01
5.750000e-06	-1.539058e-10	-7.137572e-10	-1.006583e+00	-9.365105e+01
5.760000e-06	-1.603013e-10	-7.619272e-10	-1.048411e+00	-9.977938e+01
5.770000e-06	-1.666829e-10	-8.099179e-10	-1.090149e+00	-1.058960e+02
5.780000e-06	-1.730484e-10	-8.576111e-10	-1.131781e+00	-1.120001e+02
5.790000e-06	-1.794024e-10	-9.054298e-10	-1.173337e+00	-1.180914e+02
5.800000e-06	-1.857439e-10	-9.530980e-10	-1.214812e+00	-1.241696e+02
5.810000e-06	-1.920723e-10	-1.000210e-09	-1.256201e+00	-1.302346e+02
5.820000e-06	-1.983906e-10	-1.046519e-09	-1.297525e+00	-1.362862e+02
5.830000e-06	-2.046956e-10	-1.092861e-09	-1.338761e+00	-1.423244e+02
5.840000e-06	-2.109879e-10	-1.140040e-09	-1.379914e+00	-1.483488e+02
5.850000e-06	-2.172687e-10	-1.187655e-09	-1.420992e+00	-1.543590e+02
5.860000e-06	-2.235361e-10	-1.234890e-09	-1.461982e+00	-1.603542e+02
5.870000e-06	-2.297895e-10	-1.281480e-09	-1.502881e+00	-1.663331e+02
5.880000e-06	-2.360305e-10	-1.327746e-09	-1.543699e+00	-1.722943e+02
5.890000e-06	-2.422628e-10	-1.374050e-09	-1.584460e+00	-1.782358e+02
5.900000e-06	-2.484870e-10	-1.420506e-09	-1.625168e+00	-1.841555e+02
5.910000e-06	-2.546997e-10	-1.466848e-09	-1.665800e+00	-1.900510e+02
5.920000e-06	-2.608998e-10	-1.513017e-09	-1.706350e+00	-1.959197e+02
5.930000e-06	-2.670884e-10	-1.559282e-09	-1.746825e+00	-2.017594e+02
5.940000e-06	-2.732646e-10	-1.605484e-09	-1.787220e+00	-2.075676e+02
5.950000e-06	-2.794264e-10	-1.650993e-09	-1.827520e+00	-2.133422e+02
5.960000e-06	-2.855738e-10	-1.695745e-09	-1.867725e+00	-2.190817e+02
5.970000e-06	-2.917043e-10	-1.739925e-09	-1.907820e+00	-2.247846e+02
5.980000e-06	-2.978148e-10	-1.783758e-09	-1.947784e+00	-2.304501e+02
5.990000e-06	-3.038996e-10	-1.827513e-09	-1.987580e+00	-2.360778e+02
6.000000e-06	-3.099564e-10	-1.871408e-09	-2.027193e+00	-2.416676e+02
6.010000e-06	-3.159863e-10	-1.915449e-09	-2.066630e+00	-2.472198e+02
6.020000e-06	-3.219872e-10	-1.959057e-09	-2.105878e+00	-2.527349e+02
6.030000e-06	-3.279535e-10	-2.001924e-09	-2.144899e+00	-2.582134e+02
6.040000e-06	-3.338806e-10	-2.044253e-09	-2.183663e+00	-2.636558e+02
6.050000e-06	-3.397670e-10	-2.086263e-09	-2.222162e+00	-2.690627e+02
6.060000e-06	-3.456080e-10	-2.127896e-09	-2.260364e+00	-2.744342e+02
6.070000e-06	-3.514064e-10	-2.169072e-09	-2.298287e+00	-2.797701e+02
6.080000e-06	-3.571623e-10	-2.210273e-09	-2.335932e+00	-2.850701e+02
6.090000e-06	-3.628715e-10	-2.251520e-09	-2.373271e+00	-2.903333e+02
6.100000e-06	-3.685362e-10	-2.291886e-09	-2.410320e+00	-2.955587e+02
6.110000e-06	-3.741579e-10	-2.331579e-09	-2.447087e+00	-3.007449e+02
6.120000e-06	-3.797408e-10	-2.371474e-09	-2.483600e+00	-3.058903e+02
6.130000e-06	-3.852876e-10	-2.411089e-09	-2.519878e+00	-3.109931e+02
6.140000e-06	-3.907999e-10	-2.449796e-09	-2.555930e+00	-3.160515e+02
6.150000e-06	-3.962818e-10	-2.487980e-09	-2.591783e+00	-3.210638e+02
6.160000e-06	-4.017404e-10	-2.526195e-09	-2.627484e+00	-3.260282e+02
6.170000e-06	-4.071815e-10	-2.564103e-09	-2.663070e+00	-3.309430e+02
6.180000e-06	-4.126078e-10	-2.601461e-09	-2.698559e+00	-3.358067e+02
6.190000e-06	-4.180215e-10	-2.638544e-09	-2.733966e+00	-3.406179e+02
6.200000e-06	-4.234217e-10	-2.675144e-09	-2.769285e+00	-3.453752e+02
6.210000e-06	-4.288066e-10	-2.711309e-09	-2.804504e+00	-3.500774e+02
6.220000e-06	-4.341752e-10	-2.747271e-09	-2.839615e+00	-3.547235e+02
6.230000e-06	-4.395246e-10	-2.782454e-09	-2.874602e+00	-3.593122e+02
6.240000e-06	-4.448493e-10	-2.817247e-09	-2.909427e+00	-3.638424e+02
6.250000e-06	-4.501453e-10	-2.852038e-09	-2.944064e+00	-3.683132e+02
6.260000e-06	-4.554078e-10	-2.885861e-09	-2.978482e+00	-3.727234e+02
6.270000e-06	-4.606317e-10	-2.918558e-09	-3.012648e+00	-3.770722e+02
6.280000e-06	-4.658170e-10	-2.950974e-09	-3.046560e+00	-3.813587e+02
6.290000e-06	-4.709637e-10	-2.983433e-09	-3.080222e+00	-3.855824e+02
6.300000e-06	-4.760709e-10	-3.015610e-09	-3.113624e+00	-3.897430e+02
6.310000e-06	-4.811450e-10	-3.047250e-09	-3.146809e+00	-3.938404e+02
6.320000e-06	-4.861893e-10	-3.078148e-09	-3.179801e+00	-3.978749e+02
6.330000e-06	-4.912006e-10	-3.108756e-09	-3.212576e+00	-4.018474e+02
6.340000e-06	-4.961785e-10	-3.139150e-09	-3.245132e+00	-4.057589e+02
6.350000e-06	-5.011246e-10	-3.168381e-09	-3.277482e+00	-4.096111e+02
6.360000e-06	-5.060346e-10	-3.196816e-09	-3.309594e+00	-4.134058e+02
6.370000e-06	-5.109049e-10	-3.225491e-09	-3.341447e+00	-4.171450e+02
6.380000e-06	-5.157328e-10	-3.254214e-09	-3.373023e+00	-4.208312e+02
6.390000e-06	-5.205196e-10	-3.282765e-09	-3.404329e+00	-4.244666e+02
6.400000e-06	-5.252715e-10	-3.311053e-09	-3.435408e+00	-4.280534e+02
6.410000e-06	-5.299867e-10	-3.338557e-09	-3.466246e+00	-4.315937e+02
6.420000e-06	-5.346664e-10	-3.365271e-09	-3.496853e+00	-4.350892e+02
6.430000e-06	-5.393189e-10	-3.391700e-09	-3.527281e+00	-4.385414e+02
6.440000e-06	-5.439469e-10	-3.417757e-09	-3.557550e+00	-4.419514e+02
6.450000e-06	-5.485534e-10	-3.444008e-09	-3.587677e+00	-4.453197e+02
6.460000e-06	-5.531412e-10	-3.470662e-09	-3.617683e+00	-4.486467e+02
6.470000e-06	-5.577082e-10	-3.496645e-09	-3.647552e+00	-4.519324e+02
6.480000e-06	-5.622438e-10	-3.522102e-09	-3.677216e+00	-4.551765e+02
6.490000e-06	-5.667408e-10	-3.547638e-09	-3.706628e+00	-4.583788e+02
6.500000e-06	-5.711957e-10	-3.573110e-09	-3.735764e+00	-4.615388e+02
6.510000e-06	-5.755985e-10	-3.598144e-09	-3.764560e+00	-4.646564e+02
6.520000e-06	-5.799438e-10	-3.622416e-09	-3.792979e+00	-4.677315e+02
6.530000e-06	-5.842241e-10	-3.646471e-09	-3.820973e+00	-4.707644e+02
6.540000e-06	-5.884340e-10	-3.671059e-09	-3.848507e+00	-4.737555e+02
6.550000e-06	-5.925734e-10	-3.695877e-09	-3.875579e+00	-4.767056e+02
6.560000e-06	-5.966419e-10	-3.720234e-09	-3.902189e+00	-4.796158e+02
6.570000e-06	-6.006450e-10	-3.743637e-09	-3.928370e+00	-4.824873e+02
6.580000e-06	-6.045901e-10	-3.766331e-09	-3.954171e+00	-4.853215e+02
6.590000e-06	-6.084864e-10	-3.788778e-09	-3.979655e+00	-4.881199e+02
6.600000e-06	-6.123471e-10	-3.811250e-09	-4.004904e+00	-4.908839e+02
6.610000e-06	-6.161810e-10	-3.834144e-09	-4.029979e+00	-4.936147e+02
6.620000e-06	-6.199923e-10	-3.857030e-09	-4.054906e+00	-4.963134e+02
6.630000e-06	-6.237786e-10	-3.879460e-09	-4.079669e+00	-4.989809e+02
6.640000e-06	-6.275349e-10	-3.901494e-09	-4.104236e+00	-5.016176e+02
6.650000e-06	-6.312601e-10	-3.922738e-09	-4.128600e+00	-5.042238e+02
6.660000e-06	-6.349465e-10	-3.943346e-09	-4.152710e+00	-5.067996e+02
6.670000e-06	-6.385863e-10	-3.963836e-09	-4.176515e+00	-5.093447e+02
6.680000e-06	-6.421781e-10	-3.984635e-09	-4.200007e+00	-5.118589e+02
6.690000e-06	-6.457234e-10	-4.005662e-09	-4.223194e+00	-5.143417e+02
6.700000e-06	-6.492233e-10	-4.026350e-09	-4.246084e+00	-5.167929e+02
6.710000e-06	-6.526804e-10	-4.046711e-09	-4.268694e+00	-5.192119e+02
6.720000e-06	-6.560979e-10	-4.066883e-09	-4.291046e+00	-5.215987e+02
6.730000e-06	-6.594779e-10	-4.086369e-09	-4.313152e+00	-5.239530e+02
6.740000e-06	-6.628159e-10	-4.105083e-09	-4.334983e+00	-5.262749e+02
6.750000e-06	-6.661072e-10	-4.123636e-09	-4.356509e+00	-5.285645e+02
6.760000e-06	-6.693555e-10	-4.142279e-09	-4.377754e+00	-5.308219e+02
6.770000e-06	-6.725553e-10	-4.160997e-09	-4.398681e+00	-5.330472e+02
6.780000e-06	-6.757040e-10	-4.179930e-09	-4.419274e+00	-5.352407e+02
6.790000e-06	-6.788072e-10	-4.198717e-09	-4.439570e+00	-5.374024e+02
6.800000e-06	-6.818728e-10	-4.216695e-09	-4.459620e+00	-5.395324e+02
6.810000e-06	-6.849065e-10	-4.233674e-09	-4.479461e+00	-5.416306e+02
6.820000e-06	-6.879047e-10	-4.250124e-09	-4.499070e+00	-5.436967e+02
6.830000e-06	-6.908660e-10	-4.266876e-09	-4.518438e+00	-5.457305e+02
6.840000e-06	-6.937848e-10	-4.283665e-09	-4.537527e+00	-5.477317e+02
6.850000e-06	-6.966473e-10	-4.299897e-09	-4.556249e+00	-5.497001e+02
6.860000e-06	-6.994381e-10	-4.316012e-09	-4.574501e+00	-5.516356e+02
6.870000e-06	-7.021489e-10	-4.332250e-09	-4.592231e+00	-5.535380e+02
6.880000e-06	-7.047778e-10	-4.347937e-09	-4.609424e+00	-5.554077e+02
6.890000e-06	-7.073234e-10	-4.362994e-09	-4.626074e+00	-5.572449e+02
6.900000e-06	-7.097865e-10	-4.377533e-09	-4.642183e+00	-5.590503e+02
6.910000e-06	-7.121783e-10	-4.391726e-09	-4.657825e+00	-5.608246e+02
6.920000e-06	-7.145111e-10	-4.406231e-09	-4.673083e+00	-5.625687e+02
6.930000e-06	-7.167884e-10	-4.420630e-09	-4.687977e+00	-5.642833e+02
6.940000e-06	-7.190162e-10	-4.434297e-09	-4.702547e+00	-5.659692e+02
6.950000e-06	-7.211988e-10	-4.447468e-09	-4.716822e+00	-5.676269e+02
6.960000e-06	-7.233335e-10	-4.460399e-09	-4.730783e+00	-5.692566e+02
6.970000e-06	-7.254175e-10	-4.473263e-09	-4.744413e+00	-5.708580e+02
6.980000e-06	-7.274491e-10	-4.486314e-09	-4.757700e+00	-5.724305e+02
6.990000e-06	-7.294257e-10	-4.499277e-09	-4.770628e+00	-5.739725e+02
7.000000e-06	-7.313490e-10	-4.511547e-09	-4.783207e+00	-5.754824e+02
7.010000e-06	-7.332237e-10	-4.523262e-09	-4.795468e+00	-5.769578e+02
7.020000e-06	-7.350530e-10	-4.534724e-09	-4.807432e+00	-5.783961e+02
7.030000e-06	-7.368377e-10	-4.545880e-09	-4.819104e+00	-5.797944e+02
7.040000e-06	-7.385735e-10	-4.556866e-09	-4.830457e+00	-5.811498e+02
7.050000e-06	-7.402590e-10	-4.568002e-09	-4.841481e+00	-5.824595e+02
7.060000e-06	-7.418900e-10	-4.578934e-09	-4.852147e+00	-5.837210e+02
7.070000e-06	-7.434649e-10	-4.588863e-09	-4.862448e+00	-5.849324e+02
7.080000e-06	-7.449918e-10	-4.597045e-09	-4.872434e+00	-5.860924e+02
7.090000e-06	-7.464753e-10	-4.603483e-09	-4.882137e+00	-5.872004e+02
7.100000e-06	-7.479241e-10	-4.610797e-09	-4.891612e+00	-5.882568e+02
7.110000e-06	-7.493434e-10	-4.622180e-09	-4.900895e+00	-5.892624e+02
7.120000e-06	-7.507297e-10	-4.635003e-09	-4.909961e+00	-5.902190e+02
7.130000e-06	-7.520708e-10	-4.641444e-09	-4.918733e+00	-5.911289e+02
7.140000e-06	-7.533513e-10	-4.640985e-09	-4.927107e+00	-5.919947e+02
7.150000e-06	-7.545637e-10	-4.642754e-09	-4.935037e+00	-5.928195e+02
7.160000e-06	-7.557037e-10	-4.649260e-09	-4.942492e+00	-5.936060e+02
7.170000e-06	-7.567690e-10	-4.654437e-09	-4.949460e+00	-5.943570e+02
7.180000e-06	-7.577531e-10	-4.658775e-09	-4.955896e+00	-5.950749e+02
7.190000e-06	-7.586580e-10	-4.665967e-09	-4.961814e+00	-5.957616e+02
7.200000e-06	-7.594949e-10	-4.672496e-09	-4.967288e+00	-5.964184e+02
7.210000e-06	-7.602656e-10	-4.676717e-09	-4.972329e+00	-5.970459e+02
7.220000e-06	-7.609735e-10	-4.680957e-09	-4.976959e+00	-5.976443e+02
7.230000e-06	-7.616244e-10	-4.681940e-09	-4.981216e+00	-5.982130e+02
7.240000e-06	-7.622294e-10	-4.678757e-09	-4.985173e+00	-5.987513e+02
7.250000e-06	-7.628076e-10	-4.679005e-09	-4.988954e+00	-5.992581e+02
7.260000e-06	-7.633698e-10	-4.688077e-09	-4.992631e+00	-5.997319e+02
7.270000e-06	-7.639103e-10	-4.702431e-09	-4.996166e+00	-6.001718e+02
7.280000e-06	-7.644100e-10	-4.710581e-09	-4.999434e+00	-6.005765e+02
7.290000e-06	-7.648526e-10	-4.706019e-09	-5.002328e+00	-6.009454e+02
7.300000e-06	-7.652315e-10	-4.701014e-09	-5.004807e+00	-6.012780e+02
7.310000e-06	-7.655419e-10	-4.702799e-09	-5.006837e+00	-6.015743e+02
7.320000e-06	-7.657831e-10	-4.696604e-09	-5.008414e+00	-6.018346e+02
7.330000e-06	-7.659557e-10	-4.683853e-09	-5.009543e+00	-6.020595e+02
7.340000e-06	-7.660592e-10	-4.686549e-09	-5.010220e+00	-6.022500e+02
7.350000e-06	-7.661240e-10	-4.698611e-09	-5.010644e+00	-6.024068e+02
