# Concentracion g/m^3_=_53300.0
# C_Vs_to_Am_M_A/Vsm_=_128687336408.14134
# pendiente_HvsI_1/m_=_3716.3
# ordenada_HvsI_A/m_=_1297.0
# frecuencia_Hz_=_135988.2668058229
# Promedio de 26 ciclos

Tiempo_(s)	Campo_(V.s)	Magnetizacion_(V.s)	Campo_(kA/m)	Magnetizacion_(A/m)
0.000000e+00	-1.469001e-09	-7.067753e-09	-8.718535e+00	-9.063951e+02
1.000000e-08	-1.469027e-09	-7.068740e-09	-8.718691e+00	-9.064018e+02
2.000000e-08	-1.469010e-09	-7.071414e-09	-8.718592e+00	-9.063737e+02
3.000000e-08	-1.468944e-09	-7.063908e-09	-8.718201e+00	-9.063115e+02
4.000000e-08	-1.468821e-09	-7.067300e-09	-8.717471e+00	-9.062151e+02
5.000000e-08	-1.468599e-09	-7.076193e-09	-8.716150e+00	-9.060840e+02
6.000000e-08	-1.468233e-09	-7.072326e-09	-8.713980e+00	-9.059171e+02
7.000000e-08	-1.467720e-09	-7.067697e-09	-8.710935e+00	-9.057127e+02
8.000000e-08	-1.467077e-09	-7.065343e-09	-8.707115e+00	-9.054690e+02
9.000000e-08	-1.466288e-09	-7.053871e-09	-8.702433e+00	-9.051838e+02
1.000000e-07	-1.465312e-09	-7.044951e-09	-8.696644e+00	-9.048553e+02
1.100000e-07	-1.464133e-09	-7.049419e-09	-8.689643e+00	-9.044814e+02
1.200000e-07	-1.462774e-09	-7.054029e-09	-8.681580e+00	-9.040607e+02
1.300000e-07	-1.461293e-09	-7.049947e-09	-8.672789e+00	-9.035920e+02
1.400000e-07	-1.459739e-09	-7.042619e-09	-8.663568e+00	-9.030748e+02
1.500000e-07	-1.458135e-09	-7.035197e-09	-8.654046e+00	-9.025089e+02
1.600000e-07	-1.456489e-09	-7.027540e-09	-8.644277e+00	-9.018949e+02
1.700000e-07	-1.454782e-09	-7.020184e-09	-8.634146e+00	-9.012337e+02
1.800000e-07	-1.452981e-09	-7.013183e-09	-8.623456e+00	-9.005269e+02
1.900000e-07	-1.451067e-09	-7.006217e-09	-8.612098e+00	-8.997762e+02
2.000000e-07	-1.449045e-09	-7.000351e-09	-8.600098e+00	-8.989835e+02
2.100000e-07	-1.446920e-09	-6.996347e-09	-8.587485e+00	-8.981510e+02
2.200000e-07	-1.444694e-09	-6.991909e-09	-8.574274e+00	-8.972805e+02
2.300000e-07	-1.442375e-09	-6.983712e-09	-8.560511e+00	-8.963736e+02
2.400000e-07	-1.439970e-09	-6.971786e-09	-8.546235e+00	-8.954317e+02
2.500000e-07	-1.437476e-09	-6.959530e-09	-8.531433e+00	-8.944557e+02
2.600000e-07	-1.434878e-09	-6.950585e-09	-8.516019e+00	-8.934457e+02
2.700000e-07	-1.432155e-09	-6.945535e-09	-8.499857e+00	-8.924015e+02
2.800000e-07	-1.429289e-09	-6.940074e-09	-8.482843e+00	-8.913222e+02
2.900000e-07	-1.426292e-09	-6.930963e-09	-8.465061e+00	-8.902065e+02
3.000000e-07	-1.423203e-09	-6.919907e-09	-8.446724e+00	-8.890524e+02
3.100000e-07	-1.420055e-09	-6.908763e-09	-8.428042e+00	-8.878577e+02
3.200000e-07	-1.416864e-09	-6.897161e-09	-8.409102e+00	-8.866201e+02
3.300000e-07	-1.413626e-09	-6.884836e-09	-8.389888e+00	-8.853371e+02
3.400000e-07	-1.410329e-09	-6.872463e-09	-8.370320e+00	-8.840062e+02
3.500000e-07	-1.406951e-09	-6.860947e-09	-8.350271e+00	-8.826253e+02
3.600000e-07	-1.403468e-09	-6.851343e-09	-8.329600e+00	-8.811926e+02
3.700000e-07	-1.399842e-09	-6.842386e-09	-8.308080e+00	-8.797067e+02
3.800000e-07	-1.396038e-09	-6.830531e-09	-8.285499e+00	-8.781666e+02
3.900000e-07	-1.392037e-09	-6.814920e-09	-8.261755e+00	-8.765720e+02
4.000000e-07	-1.387862e-09	-6.798630e-09	-8.236977e+00	-8.749231e+02
4.100000e-07	-1.383530e-09	-6.783925e-09	-8.211266e+00	-8.732206e+02
4.200000e-07	-1.379040e-09	-6.770124e-09	-8.184619e+00	-8.714657e+02
4.300000e-07	-1.374425e-09	-6.755952e-09	-8.157225e+00	-8.696597e+02
4.400000e-07	-1.369715e-09	-6.741483e-09	-8.129271e+00	-8.678045e+02
4.500000e-07	-1.364932e-09	-6.727236e-09	-8.100884e+00	-8.659018e+02
4.600000e-07	-1.360078e-09	-6.712682e-09	-8.072078e+00	-8.639534e+02
4.700000e-07	-1.355145e-09	-6.695983e-09	-8.042797e+00	-8.619611e+02
4.800000e-07	-1.350126e-09	-6.676872e-09	-8.013011e+00	-8.599262e+02
4.900000e-07	-1.345013e-09	-6.658410e-09	-7.982665e+00	-8.578500e+02
5.000000e-07	-1.339790e-09	-6.642838e-09	-7.951666e+00	-8.557333e+02
5.100000e-07	-1.334451e-09	-6.628599e-09	-7.919978e+00	-8.535767e+02
5.200000e-07	-1.328996e-09	-6.612576e-09	-7.887608e+00	-8.513804e+02
5.300000e-07	-1.323436e-09	-6.594004e-09	-7.854607e+00	-8.491442e+02
5.400000e-07	-1.317779e-09	-6.574999e-09	-7.821032e+00	-8.468678e+02
5.500000e-07	-1.312009e-09	-6.556783e-09	-7.786788e+00	-8.445508e+02
5.600000e-07	-1.306095e-09	-6.537826e-09	-7.751686e+00	-8.421925e+02
5.700000e-07	-1.300018e-09	-6.517554e-09	-7.715621e+00	-8.397925e+02
5.800000e-07	-1.293803e-09	-6.497480e-09	-7.678734e+00	-8.373501e+02
5.900000e-07	-1.287471e-09	-6.478633e-09	-7.641154e+00	-8.348651e+02
6.000000e-07	-1.281010e-09	-6.460683e-09	-7.602805e+00	-8.323372e+02
6.100000e-07	-1.274425e-09	-6.441473e-09	-7.563726e+00	-8.297664e+02
6.200000e-07	-1.267736e-09	-6.419585e-09	-7.524025e+00	-8.271530e+02
6.300000e-07	-1.260957e-09	-6.396990e-09	-7.483791e+00	-8.244971e+02
6.400000e-07	-1.254098e-09	-6.376217e-09	-7.443086e+00	-8.217992e+02
6.500000e-07	-1.247169e-09	-6.356355e-09	-7.401958e+00	-8.190599e+02
6.600000e-07	-1.240171e-09	-6.334725e-09	-7.360428e+00	-8.162795e+02
6.700000e-07	-1.233104e-09	-6.311640e-09	-7.318487e+00	-8.134585e+02
6.800000e-07	-1.225977e-09	-6.288765e-09	-7.276184e+00	-8.105972e+02
6.900000e-07	-1.218778e-09	-6.265975e-09	-7.233457e+00	-8.076957e+02
7.000000e-07	-1.211493e-09	-6.242146e-09	-7.190221e+00	-8.047539e+02
7.100000e-07	-1.204110e-09	-6.216874e-09	-7.146403e+00	-8.017716e+02
7.200000e-07	-1.196617e-09	-6.191749e-09	-7.101936e+00	-7.987482e+02
7.300000e-07	-1.189031e-09	-6.168589e-09	-7.056911e+00	-7.956830e+02
7.400000e-07	-1.181361e-09	-6.146538e-09	-7.011388e+00	-7.925752e+02
7.500000e-07	-1.173603e-09	-6.123440e-09	-6.965343e+00	-7.894238e+02
7.600000e-07	-1.165767e-09	-6.098762e-09	-6.918837e+00	-7.862277e+02
7.700000e-07	-1.157869e-09	-6.073468e-09	-6.871963e+00	-7.829857e+02
7.800000e-07	-1.149923e-09	-6.047824e-09	-6.824807e+00	-7.796967e+02
7.900000e-07	-1.141939e-09	-6.021561e-09	-6.777421e+00	-7.763595e+02
8.000000e-07	-1.133918e-09	-5.994715e-09	-6.729813e+00	-7.729728e+02
8.100000e-07	-1.125855e-09	-5.967511e-09	-6.681964e+00	-7.695356e+02
8.200000e-07	-1.117742e-09	-5.940439e-09	-6.633813e+00	-7.660467e+02
8.300000e-07	-1.109556e-09	-5.913227e-09	-6.585228e+00	-7.625049e+02
8.400000e-07	-1.101285e-09	-5.885170e-09	-6.536139e+00	-7.589090e+02
8.500000e-07	-1.092929e-09	-5.856576e-09	-6.486545e+00	-7.552579e+02
8.600000e-07	-1.084488e-09	-5.827737e-09	-6.436448e+00	-7.515502e+02
8.700000e-07	-1.075970e-09	-5.798143e-09	-6.385896e+00	-7.477846e+02
8.800000e-07	-1.067382e-09	-5.767729e-09	-6.334923e+00	-7.439596e+02
8.900000e-07	-1.058716e-09	-5.736972e-09	-6.283492e+00	-7.400739e+02
9.000000e-07	-1.049980e-09	-5.706046e-09	-6.231644e+00	-7.361258e+02
9.100000e-07	-1.041180e-09	-5.674720e-09	-6.179416e+00	-7.321141e+02
9.200000e-07	-1.032312e-09	-5.642689e-09	-6.126784e+00	-7.280373e+02
9.300000e-07	-1.023376e-09	-5.609762e-09	-6.073746e+00	-7.238942e+02
9.400000e-07	-1.014368e-09	-5.576618e-09	-6.020284e+00	-7.196837e+02
9.500000e-07	-1.005278e-09	-5.543214e-09	-5.966333e+00	-7.154051e+02
9.600000e-07	-9.961020e-10	-5.508599e-09	-5.911875e+00	-7.110577e+02
9.700000e-07	-9.868513e-10	-5.473216e-09	-5.856972e+00	-7.066413e+02
9.800000e-07	-9.775211e-10	-5.437673e-09	-5.801598e+00	-7.021559e+02
9.900000e-07	-9.681056e-10	-5.401989e-09	-5.745716e+00	-6.976017e+02
1.000000e-06	-9.586229e-10	-5.365601e-09	-5.689437e+00	-6.929794e+02
1.010000e-06	-9.490968e-10	-5.327634e-09	-5.632899e+00	-6.882896e+02
1.020000e-06	-9.395359e-10	-5.288794e-09	-5.576155e+00	-6.835333e+02
1.030000e-06	-9.299403e-10	-5.250538e-09	-5.519205e+00	-6.787114e+02
1.040000e-06	-9.203052e-10	-5.212922e-09	-5.462021e+00	-6.738250e+02
1.050000e-06	-9.106241e-10	-5.175057e-09	-5.404563e+00	-6.688750e+02
1.060000e-06	-9.008871e-10	-5.136063e-09	-5.346774e+00	-6.638624e+02
1.070000e-06	-8.910869e-10	-5.095882e-09	-5.288610e+00	-6.587880e+02
1.080000e-06	-8.812117e-10	-5.055129e-09	-5.230000e+00	-6.536526e+02
1.090000e-06	-8.712539e-10	-5.014154e-09	-5.170900e+00	-6.484566e+02
1.100000e-06	-8.612055e-10	-4.972704e-09	-5.111263e+00	-6.432008e+02
1.110000e-06	-8.510614e-10	-4.930891e-09	-5.051058e+00	-6.378854e+02
1.120000e-06	-8.408147e-10	-4.889341e-09	-4.990244e+00	-6.325110e+02
1.130000e-06	-8.304552e-10	-4.848025e-09	-4.928760e+00	-6.270780e+02
1.140000e-06	-8.199882e-10	-4.806142e-09	-4.866638e+00	-6.215870e+02
1.150000e-06	-8.094269e-10	-4.763155e-09	-4.803957e+00	-6.160385e+02
1.160000e-06	-7.987809e-10	-4.719310e-09	-4.740773e+00	-6.104333e+02
1.170000e-06	-7.880470e-10	-4.674853e-09	-4.677066e+00	-6.047722e+02
1.180000e-06	-7.772312e-10	-4.629878e-09	-4.612875e+00	-5.990560e+02
1.190000e-06	-7.663376e-10	-4.584907e-09	-4.548221e+00	-5.932859e+02
1.200000e-06	-7.553641e-10	-4.540138e-09	-4.483093e+00	-5.874626e+02
1.210000e-06	-7.443186e-10	-4.495633e-09	-4.417538e+00	-5.815871e+02
1.220000e-06	-7.332189e-10	-4.450857e-09	-4.351661e+00	-5.756602e+02
1.230000e-06	-7.220822e-10	-4.404857e-09	-4.285565e+00	-5.696826e+02
1.240000e-06	-7.109188e-10	-4.357689e-09	-4.219310e+00	-5.636544e+02
1.250000e-06	-6.997312e-10	-4.309484e-09	-4.152911e+00	-5.575759e+02
1.260000e-06	-6.885218e-10	-4.260656e-09	-4.086384e+00	-5.514466e+02
1.270000e-06	-6.772946e-10	-4.211840e-09	-4.019750e+00	-5.452662e+02
1.280000e-06	-6.660494e-10	-4.163487e-09	-3.953009e+00	-5.390335e+02
1.290000e-06	-6.547849e-10	-4.115271e-09	-3.886155e+00	-5.327474e+02
1.300000e-06	-6.434993e-10	-4.066624e-09	-3.819175e+00	-5.264064e+02
1.310000e-06	-6.321901e-10	-4.017283e-09	-3.752054e+00	-5.200086e+02
1.320000e-06	-6.208484e-10	-3.966928e-09	-3.684741e+00	-5.135522e+02
1.330000e-06	-6.094640e-10	-3.915663e-09	-3.617174e+00	-5.070351e+02
1.340000e-06	-5.980281e-10	-3.863583e-09	-3.549303e+00	-5.004550e+02
1.350000e-06	-5.865385e-10	-3.810939e-09	-3.481112e+00	-4.938096e+02
1.360000e-06	-5.749956e-10	-3.758431e-09	-3.412604e+00	-4.870965e+02
1.370000e-06	-5.633944e-10	-3.705973e-09	-3.343751e+00	-4.803132e+02
1.380000e-06	-5.517401e-10	-3.652461e-09	-3.274583e+00	-4.734571e+02
1.390000e-06	-5.400429e-10	-3.597629e-09	-3.205160e+00	-4.665255e+02
1.400000e-06	-5.283051e-10	-3.542220e-09	-3.135496e+00	-4.595155e+02
1.410000e-06	-5.165308e-10	-3.486329e-09	-3.065615e+00	-4.524240e+02
1.420000e-06	-5.047195e-10	-3.429802e-09	-2.995515e+00	-4.452479e+02
1.430000e-06	-4.928717e-10	-3.372837e-09	-2.925198e+00	-4.379837e+02
1.440000e-06	-4.809981e-10	-3.315600e-09	-2.854728e+00	-4.306279e+02
1.450000e-06	-4.691019e-10	-3.257730e-09	-2.784124e+00	-4.231768e+02
1.460000e-06	-4.571804e-10	-3.198885e-09	-2.713370e+00	-4.156267e+02
1.470000e-06	-4.452315e-10	-3.139221e-09	-2.642453e+00	-4.079743e+02
1.480000e-06	-4.332544e-10	-3.078136e-09	-2.571369e+00	-4.002160e+02
1.490000e-06	-4.212548e-10	-3.015888e-09	-2.500151e+00	-3.923490e+02
1.500000e-06	-4.092310e-10	-2.953576e-09	-2.428790e+00	-3.843707e+02
1.510000e-06	-3.971836e-10	-2.890802e-09	-2.357288e+00	-3.762792e+02
1.520000e-06	-3.851176e-10	-2.826543e-09	-2.285676e+00	-3.680734e+02
1.530000e-06	-3.730312e-10	-2.760614e-09	-2.213943e+00	-3.597528e+02
1.540000e-06	-3.609265e-10	-2.693440e-09	-2.142102e+00	-3.513179e+02
1.550000e-06	-3.488097e-10	-2.625161e-09	-2.070189e+00	-3.427698e+02
1.560000e-06	-3.366783e-10	-2.556020e-09	-1.998189e+00	-3.341104e+02
1.570000e-06	-3.245265e-10	-2.486676e-09	-1.926068e+00	-3.253425e+02
1.580000e-06	-3.123596e-10	-2.417308e-09	-1.853857e+00	-3.164692e+02
1.590000e-06	-3.001773e-10	-2.347431e-09	-1.781555e+00	-3.074941e+02
1.600000e-06	-2.879774e-10	-2.277411e-09	-1.709149e+00	-2.984210e+02
1.610000e-06	-2.757541e-10	-2.207300e-09	-1.636603e+00	-2.892538e+02
1.620000e-06	-2.634980e-10	-2.135818e-09	-1.563862e+00	-2.799963e+02
1.630000e-06	-2.512077e-10	-2.062470e-09	-1.490920e+00	-2.706521e+02
1.640000e-06	-2.388929e-10	-1.988117e-09	-1.417831e+00	-2.612243e+02
1.650000e-06	-2.265649e-10	-1.913317e-09	-1.344664e+00	-2.517157e+02
1.660000e-06	-2.142271e-10	-1.838126e-09	-1.271439e+00	-2.421286e+02
1.670000e-06	-2.018778e-10	-1.763414e-09	-1.198146e+00	-2.324649e+02
1.680000e-06	-1.895193e-10	-1.689103e-09	-1.124798e+00	-2.227260e+02
1.690000e-06	-1.771609e-10	-1.613964e-09	-1.051451e+00	-2.129131e+02
1.700000e-06	-1.647928e-10	-1.537661e-09	-9.780463e-01	-2.030272e+02
1.710000e-06	-1.524105e-10	-1.460393e-09	-9.045573e-01	-1.930691e+02
1.720000e-06	-1.400155e-10	-1.382367e-09	-8.309929e-01	-1.830395e+02
1.730000e-06	-1.276086e-10	-1.304157e-09	-7.573575e-01	-1.729395e+02
1.740000e-06	-1.151910e-10	-1.225734e-09	-6.836592e-01	-1.627701e+02
1.750000e-06	-1.027552e-10	-1.146751e-09	-6.098523e-01	-1.525329e+02
1.760000e-06	-9.030395e-11	-1.067583e-09	-5.359541e-01	-1.422295e+02
1.770000e-06	-7.784296e-11	-9.882025e-10	-4.619980e-01	-1.318619e+02
1.780000e-06	-6.537127e-11	-9.082073e-10	-3.879784e-01	-1.214324e+02
1.790000e-06	-5.288842e-11	-8.270586e-10	-3.138925e-01	-1.109435e+02
1.800000e-06	-4.039905e-11	-7.448929e-10	-2.397680e-01	-1.003980e+02
1.810000e-06	-2.790266e-11	-6.626244e-10	-1.656018e-01	-8.979846e+01
1.820000e-06	-1.541643e-11	-5.808278e-10	-9.149587e-02	-7.914781e+01
1.830000e-06	-2.945612e-12	-4.991373e-10	-1.748140e-02	-6.844881e+01
1.840000e-06	9.523937e-12	-4.167561e-10	5.652552e-02	-5.770423e+01
1.850000e-06	2.199324e-11	-3.333248e-10	1.305310e-01	-4.691676e+01
1.860000e-06	3.446325e-11	-2.494703e-10	2.045406e-01	-3.608907e+01
1.870000e-06	4.693009e-11	-1.657012e-10	2.785314e-01	-2.522387e+01
1.880000e-06	5.939500e-11	-8.160546e-11	3.525108e-01	-1.432392e+01
1.890000e-06	7.186141e-11	2.690452e-12	4.264991e-01	-3.392161e+00
1.900000e-06	8.432902e-11	8.739707e-11	5.004945e-01	7.568250e+00
1.910000e-06	9.679516e-11	1.726176e-10	5.744812e-01	1.855382e+01
1.920000e-06	1.092550e-10	2.575829e-10	6.484303e-01	2.956070e+01
1.930000e-06	1.217062e-10	3.421174e-10	7.223284e-01	4.058459e+01
1.940000e-06	1.341389e-10	4.269307e-10	7.961169e-01	5.162078e+01
1.950000e-06	1.465491e-10	5.125067e-10	8.697712e-01	6.266414e+01
1.960000e-06	1.589449e-10	5.982084e-10	9.433403e-01	7.370919e+01
1.970000e-06	1.713262e-10	6.830556e-10	1.016824e+00	8.475014e+01
1.980000e-06	1.836849e-10	7.669547e-10	1.090173e+00	9.578104e+01
1.990000e-06	1.960180e-10	8.507141e-10	1.163370e+00	1.067959e+02
2.000000e-06	2.083361e-10	9.349904e-10	1.236478e+00	1.177888e+02
2.010000e-06	2.206483e-10	1.019346e-09	1.309551e+00	1.287540e+02
2.020000e-06	2.329513e-10	1.102989e-09	1.382569e+00	1.396861e+02
2.030000e-06	2.452342e-10	1.186050e-09	1.455469e+00	1.505802e+02
2.040000e-06	2.574920e-10	1.269170e-09	1.528219e+00	1.614318e+02
2.050000e-06	2.697294e-10	1.352352e-09	1.600848e+00	1.722370e+02
2.060000e-06	2.819511e-10	1.435016e-09	1.673384e+00	1.829922e+02
2.070000e-06	2.941595e-10	1.516971e-09	1.745841e+00	1.936946e+02
2.080000e-06	3.063484e-10	1.598486e-09	1.818182e+00	2.043418e+02
2.090000e-06	3.185096e-10	1.679874e-09	1.890359e+00	2.149315e+02
2.100000e-06	3.306467e-10	1.761134e-09	1.962393e+00	2.254619e+02
2.110000e-06	3.427638e-10	1.841837e-09	2.034308e+00	2.359312e+02
2.120000e-06	3.548626e-10	1.921489e-09	2.106114e+00	2.463377e+02
2.130000e-06	3.669448e-10	2.000285e-09	2.177823e+00	2.566795e+02
2.140000e-06	3.790089e-10	2.079114e-09	2.249423e+00	2.669547e+02
2.150000e-06	3.910573e-10	2.157939e-09	2.320930e+00	2.771609e+02
2.160000e-06	4.030929e-10	2.235893e-09	2.392361e+00	2.872956e+02
2.170000e-06	4.151109e-10	2.312704e-09	2.463689e+00	2.973557e+02
2.180000e-06	4.271094e-10	2.388731e-09	2.534900e+00	3.073379e+02
2.190000e-06	4.390917e-10	2.464502e-09	2.606015e+00	3.172386e+02
2.200000e-06	4.510545e-10	2.540298e-09	2.677014e+00	3.270536e+02
2.210000e-06	4.629859e-10	2.615564e-09	2.747827e+00	3.367787e+02
2.220000e-06	4.748819e-10	2.689418e-09	2.818430e+00	3.464092e+02
2.230000e-06	4.867437e-10	2.762190e-09	2.888830e+00	3.559404e+02
2.240000e-06	4.985642e-10	2.835081e-09	2.958985e+00	3.653674e+02
2.250000e-06	5.103444e-10	2.907915e-09	3.028901e+00	3.746853e+02
2.260000e-06	5.220866e-10	2.979574e-09	3.098590e+00	3.838894e+02
2.270000e-06	5.337803e-10	3.049668e-09	3.167992e+00	3.929748e+02
2.280000e-06	5.454223e-10	3.118575e-09	3.237088e+00	4.019374e+02
2.290000e-06	5.570236e-10	3.187084e-09	3.305942e+00	4.107729e+02
2.300000e-06	5.685836e-10	3.255276e-09	3.374551e+00	4.194781e+02
2.310000e-06	5.801005e-10	3.322655e-09	3.442904e+00	4.280498e+02
2.320000e-06	5.915806e-10	3.388757e-09	3.511038e+00	4.364861e+02
2.330000e-06	6.030152e-10	3.453663e-09	3.578903e+00	4.447855e+02
2.340000e-06	6.144024e-10	3.517620e-09	3.646486e+00	4.529475e+02
2.350000e-06	6.257509e-10	3.580442e-09	3.713839e+00	4.609726e+02
2.360000e-06	6.370658e-10	3.641908e-09	3.780993e+00	4.688624e+02
2.370000e-06	6.483522e-10	3.702089e-09	3.847978e+00	4.766193e+02
2.380000e-06	6.596166e-10	3.761447e-09	3.914832e+00	4.842469e+02
2.390000e-06	6.708600e-10	3.819919e-09	3.981562e+00	4.917492e+02
2.400000e-06	6.820841e-10	3.877394e-09	4.048178e+00	4.991315e+02
2.410000e-06	6.932931e-10	3.934074e-09	4.114703e+00	5.063993e+02
2.420000e-06	7.044845e-10	3.989628e-09	4.181124e+00	5.135585e+02
2.430000e-06	7.156562e-10	4.044312e-09	4.247428e+00	5.206155e+02
2.440000e-06	7.268023e-10	4.098748e-09	4.313580e+00	5.275761e+02
2.450000e-06	7.379172e-10	4.152527e-09	4.379548e+00	5.344464e+02
2.460000e-06	7.489919e-10	4.205640e-09	4.445276e+00	5.412317e+02
2.470000e-06	7.600067e-10	4.258269e-09	4.510649e+00	5.479367e+02
2.480000e-06	7.709454e-10	4.310401e-09	4.575570e+00	5.545654e+02
2.490000e-06	7.817975e-10	4.362326e-09	4.639977e+00	5.611209e+02
2.500000e-06	7.925464e-10	4.413560e-09	4.703772e+00	5.676057e+02
2.510000e-06	8.031834e-10	4.463222e-09	4.766903e+00	5.740212e+02
2.520000e-06	8.137094e-10	4.511371e-09	4.829375e+00	5.803683e+02
2.530000e-06	8.241228e-10	4.558692e-09	4.891178e+00	5.866470e+02
2.540000e-06	8.344197e-10	4.606070e-09	4.952291e+00	5.928572e+02
2.550000e-06	8.446104e-10	4.654031e-09	5.012773e+00	5.989983e+02
2.560000e-06	8.547052e-10	4.701533e-09	5.072685e+00	6.050697e+02
2.570000e-06	8.647130e-10	4.747608e-09	5.132082e+00	6.110709e+02
2.580000e-06	8.746506e-10	4.792889e-09	5.191061e+00	6.170015e+02
2.590000e-06	8.845126e-10	4.838087e-09	5.249593e+00	6.228613e+02
2.600000e-06	8.943058e-10	4.882872e-09	5.307716e+00	6.286508e+02
2.610000e-06	9.040466e-10	4.926540e-09	5.365527e+00	6.343703e+02
2.620000e-06	9.137411e-10	4.969249e-09	5.423064e+00	6.400206e+02
2.630000e-06	9.233913e-10	5.011897e-09	5.480338e+00	6.456028e+02
2.640000e-06	9.329947e-10	5.054754e-09	5.537334e+00	6.511178e+02
2.650000e-06	9.425531e-10	5.097617e-09	5.594064e+00	6.565664e+02
2.660000e-06	9.520626e-10	5.139702e-09	5.650503e+00	6.619494e+02
2.670000e-06	9.615064e-10	5.180261e-09	5.706551e+00	6.672669e+02
2.680000e-06	9.708746e-10	5.219851e-09	5.762152e+00	6.725187e+02
2.690000e-06	9.801692e-10	5.259339e-09	5.817315e+00	6.777041e+02
2.700000e-06	9.893877e-10	5.298961e-09	5.872027e+00	6.828216e+02
2.710000e-06	9.985295e-10	5.338437e-09	5.926284e+00	6.878695e+02
2.720000e-06	1.007597e-09	5.377407e-09	5.980097e+00	6.928455e+02
2.730000e-06	1.016595e-09	5.415632e-09	6.033505e+00	6.977470e+02
2.740000e-06	1.025530e-09	5.453551e-09	6.086535e+00	7.025713e+02
2.750000e-06	1.034405e-09	5.491072e-09	6.139208e+00	7.073159e+02
2.760000e-06	1.043219e-09	5.527435e-09	6.191516e+00	7.119783e+02
2.770000e-06	1.051969e-09	5.562864e-09	6.243448e+00	7.165565e+02
2.780000e-06	1.060647e-09	5.598022e-09	6.294950e+00	7.210492e+02
2.790000e-06	1.069238e-09	5.633041e-09	6.345942e+00	7.254556e+02
2.800000e-06	1.077736e-09	5.667910e-09	6.396378e+00	7.297757e+02
2.810000e-06	1.086147e-09	5.701824e-09	6.446295e+00	7.340102e+02
2.820000e-06	1.094481e-09	5.734235e-09	6.495756e+00	7.381607e+02
2.830000e-06	1.102736e-09	5.765750e-09	6.544748e+00	7.422291e+02
2.840000e-06	1.110917e-09	5.796873e-09	6.593307e+00	7.462179e+02
2.850000e-06	1.119042e-09	5.827657e-09	6.641528e+00	7.501299e+02
2.860000e-06	1.127130e-09	5.857480e-09	6.689532e+00	7.539682e+02
2.870000e-06	1.135184e-09	5.886431e-09	6.737330e+00	7.577357e+02
2.880000e-06	1.143201e-09	5.915604e-09	6.784912e+00	7.614352e+02
2.890000e-06	1.151181e-09	5.944809e-09	6.832273e+00	7.650693e+02
2.900000e-06	1.159107e-09	5.972918e-09	6.879312e+00	7.686401e+02
2.910000e-06	1.166958e-09	6.000061e-09	6.925909e+00	7.721495e+02
2.920000e-06	1.174723e-09	6.026371e-09	6.971994e+00	7.755989e+02
2.930000e-06	1.182393e-09	6.051941e-09	7.017515e+00	7.789895e+02
2.940000e-06	1.189960e-09	6.077380e-09	7.062428e+00	7.823222e+02
2.950000e-06	1.197426e-09	6.102761e-09	7.106735e+00	7.855978e+02
2.960000e-06	1.204794e-09	6.127386e-09	7.150464e+00	7.888170e+02
2.970000e-06	1.212068e-09	6.151101e-09	7.193638e+00	7.919808e+02
2.980000e-06	1.219257e-09	6.174539e-09	7.236303e+00	7.950900e+02
2.990000e-06	1.226367e-09	6.197867e-09	7.278501e+00	7.981460e+02
3.000000e-06	1.233407e-09	6.220538e-09	7.320282e+00	8.011501e+02
3.010000e-06	1.240384e-09	6.242213e-09	7.361694e+00	8.041043e+02
3.020000e-06	1.247304e-09	6.263019e-09	7.402763e+00	8.070102e+02
3.030000e-06	1.254161e-09	6.283647e-09	7.443458e+00	8.098700e+02
3.040000e-06	1.260940e-09	6.304434e-09	7.483693e+00	8.126858e+02
3.050000e-06	1.267629e-09	6.324977e-09	7.523395e+00	8.154593e+02
3.060000e-06	1.274208e-09	6.344814e-09	7.562439e+00	8.181925e+02
3.070000e-06	1.280664e-09	6.364230e-09	7.600755e+00	8.208866e+02
3.080000e-06	1.286982e-09	6.383801e-09	7.638254e+00	8.235428e+02
3.090000e-06	1.293156e-09	6.403215e-09	7.674897e+00	8.261616e+02
3.100000e-06	1.299203e-09	6.422169e-09	7.710787e+00	8.287430e+02
3.110000e-06	1.305128e-09	6.440715e-09	7.745947e+00	8.312869e+02
3.120000e-06	1.310949e-09	6.458987e-09	7.780498e+00	8.337925e+02
3.130000e-06	1.316687e-09	6.477300e-09	7.814550e+00	8.362590e+02
3.140000e-06	1.322338e-09	6.495424e-09	7.848089e+00	8.386852e+02
3.150000e-06	1.327902e-09	6.512804e-09	7.881111e+00	8.410699e+02
3.160000e-06	1.333367e-09	6.529521e-09	7.913546e+00	8.434121e+02
3.170000e-06	1.338718e-09	6.546047e-09	7.945303e+00	8.457110e+02
3.180000e-06	1.343954e-09	6.562483e-09	7.976381e+00	8.479661e+02
3.190000e-06	1.349081e-09	6.578784e-09	8.006812e+00	8.501770e+02
3.200000e-06	1.354102e-09	6.594715e-09	8.036607e+00	8.523439e+02
3.210000e-06	1.359033e-09	6.609885e-09	8.065878e+00	8.544673e+02
3.220000e-06	1.363899e-09	6.624793e-09	8.094754e+00	8.565481e+02
3.230000e-06	1.368695e-09	6.639733e-09	8.123218e+00	8.585872e+02
3.240000e-06	1.373404e-09	6.654346e-09	8.151168e+00	8.605859e+02
3.250000e-06	1.378009e-09	6.668508e-09	8.178501e+00	8.625454e+02
3.260000e-06	1.382495e-09	6.682259e-09	8.205125e+00	8.644667e+02
3.270000e-06	1.386841e-09	6.695498e-09	8.230914e+00	8.663509e+02
3.280000e-06	1.391027e-09	6.709027e-09	8.255762e+00	8.681987e+02
3.290000e-06	1.395032e-09	6.723284e-09	8.279527e+00	8.700105e+02
3.300000e-06	1.398852e-09	6.736945e-09	8.302204e+00	8.717865e+02
3.310000e-06	1.402507e-09	6.749534e-09	8.323895e+00	8.735265e+02
3.320000e-06	1.406021e-09	6.761941e-09	8.344753e+00	8.752300e+02
3.330000e-06	1.409435e-09	6.774444e-09	8.365015e+00	8.768965e+02
3.340000e-06	1.412771e-09	6.786539e-09	8.384812e+00	8.785252e+02
3.350000e-06	1.416046e-09	6.798081e-09	8.404247e+00	8.801155e+02
3.360000e-06	1.419267e-09	6.809394e-09	8.423364e+00	8.816665e+02
3.370000e-06	1.422428e-09	6.821091e-09	8.442123e+00	8.831778e+02
3.380000e-06	1.425513e-09	6.833074e-09	8.460436e+00	8.846490e+02
3.390000e-06	1.428510e-09	6.844165e-09	8.478220e+00	8.860798e+02
3.400000e-06	1.431402e-09	6.853988e-09	8.495386e+00	8.874703e+02
3.410000e-06	1.434180e-09	6.863777e-09	8.511875e+00	8.888204e+02
3.420000e-06	1.436843e-09	6.874213e-09	8.527680e+00	8.901303e+02
3.430000e-06	1.439406e-09	6.884398e-09	8.542889e+00	8.914002e+02
3.440000e-06	1.441882e-09	6.893501e-09	8.557588e+00	8.926300e+02
3.450000e-06	1.444268e-09	6.901817e-09	8.571745e+00	8.938196e+02
3.460000e-06	1.446552e-09	6.910209e-09	8.585301e+00	8.949685e+02
3.470000e-06	1.448724e-09	6.918640e-09	8.598190e+00	8.960759e+02
3.480000e-06	1.450778e-09	6.926605e-09	8.610381e+00	8.971405e+02
3.490000e-06	1.452717e-09	6.933869e-09	8.621892e+00	8.981609e+02
3.500000e-06	1.454558e-09	6.940667e-09	8.632820e+00	8.991350e+02
3.510000e-06	1.456321e-09	6.947565e-09	8.643279e+00	9.000607e+02
3.520000e-06	1.458025e-09	6.954448e-09	8.653391e+00	9.009358e+02
3.530000e-06	1.459678e-09	6.960865e-09	8.663206e+00	9.017579e+02
3.540000e-06	1.461278e-09	6.966746e-09	8.672700e+00	9.025248e+02
3.550000e-06	1.462815e-09	6.972001e-09	8.681822e+00	9.032347e+02
3.560000e-06	1.464270e-09	6.977081e-09	8.690455e+00	9.038860e+02
3.570000e-06	1.465602e-09	6.981850e-09	8.698362e+00	9.044778e+02
3.580000e-06	1.466778e-09	6.986292e-09	8.705345e+00	9.050097e+02
3.590000e-06	1.467790e-09	6.991353e-09	8.711349e+00	9.054822e+02
3.600000e-06	1.468646e-09	6.997098e-09	8.716432e+00	9.058963e+02
3.610000e-06	1.469373e-09	7.004811e-09	8.720743e+00	9.062536e+02
3.620000e-06	1.469947e-09	7.008542e-09	8.724149e+00	9.065564e+02
3.630000e-06	1.470336e-09	7.004600e-09	8.726462e+00	9.068073e+02
3.640000e-06	1.470582e-09	7.004545e-09	8.727921e+00	9.070093e+02
3.650000e-06	1.470740e-09	7.007947e-09	8.728860e+00	9.071655e+02
3.660000e-06	1.470833e-09	7.005390e-09	8.729412e+00	9.072788e+02
3.670000e-06	1.470863e-09	7.008078e-09	8.729588e+00	9.073520e+02
3.680000e-06	1.470817e-09	7.019737e-09	8.729317e+00	9.073876e+02
3.690000e-06	1.470667e-09	7.020907e-09	8.728426e+00	9.073872e+02
3.700000e-06	1.470384e-09	7.016750e-09	8.726744e+00	9.073521e+02
3.710000e-06	1.469996e-09	7.020555e-09	8.724443e+00	9.072830e+02
3.720000e-06	1.469539e-09	7.019733e-09	8.721729e+00	9.071797e+02
3.730000e-06	1.469014e-09	7.012109e-09	8.718613e+00	9.070415e+02
3.740000e-06	1.468402e-09	7.012178e-09	8.714980e+00	9.068672e+02
3.750000e-06	1.467684e-09	7.015853e-09	8.710718e+00	9.066550e+02
3.760000e-06	1.466861e-09	7.013520e-09	8.705835e+00	9.064031e+02
3.770000e-06	1.465944e-09	7.013137e-09	8.700396e+00	9.061093e+02
3.780000e-06	1.464930e-09	7.014487e-09	8.694376e+00	9.057718e+02
3.790000e-06	1.463814e-09	7.009044e-09	8.687750e+00	9.053885e+02
3.800000e-06	1.462589e-09	7.001912e-09	8.680483e+00	9.049582e+02
3.810000e-06	1.461255e-09	7.000200e-09	8.672563e+00	9.044798e+02
3.820000e-06	1.459840e-09	6.999215e-09	8.664163e+00	9.039527e+02
3.830000e-06	1.458358e-09	6.995443e-09	8.655368e+00	9.033771e+02
3.840000e-06	1.456814e-09	6.992109e-09	8.646208e+00	9.027535e+02
3.850000e-06	1.455211e-09	6.989680e-09	8.636693e+00	9.020830e+02
3.860000e-06	1.453537e-09	6.984940e-09	8.626755e+00	9.013672e+02
3.870000e-06	1.451768e-09	6.977818e-09	8.616256e+00	9.006080e+02
3.880000e-06	1.449884e-09	6.970392e-09	8.605075e+00	8.998072e+02
3.890000e-06	1.447871e-09	6.963321e-09	8.593127e+00	8.989669e+02
3.900000e-06	1.445701e-09	6.957649e-09	8.580248e+00	8.980890e+02
3.910000e-06	1.443337e-09	6.954047e-09	8.566222e+00	8.971750e+02
3.920000e-06	1.440779e-09	6.950586e-09	8.551040e+00	8.962263e+02
3.930000e-06	1.438058e-09	6.944383e-09	8.534888e+00	8.952434e+02
3.940000e-06	1.435200e-09	6.935323e-09	8.517929e+00	8.942266e+02
3.950000e-06	1.432234e-09	6.925580e-09	8.500325e+00	8.931755e+02
3.960000e-06	1.429183e-09	6.917385e-09	8.482217e+00	8.920890e+02
3.970000e-06	1.426064e-09	6.910541e-09	8.463704e+00	8.909657e+02
3.980000e-06	1.422883e-09	6.902795e-09	8.444825e+00	8.898036e+02
3.990000e-06	1.419634e-09	6.893700e-09	8.425543e+00	8.886005e+02
4.000000e-06	1.416305e-09	6.884573e-09	8.405782e+00	8.873539e+02
4.010000e-06	1.412876e-09	6.875167e-09	8.385436e+00	8.860614e+02
4.020000e-06	1.409338e-09	6.864509e-09	8.364433e+00	8.847206e+02
4.030000e-06	1.405687e-09	6.853277e-09	8.342770e+00	8.833294e+02
4.040000e-06	1.401943e-09	6.842709e-09	8.320548e+00	8.818860e+02
4.050000e-06	1.398117e-09	6.832942e-09	8.297842e+00	8.803892e+02
4.060000e-06	1.394207e-09	6.822948e-09	8.274635e+00	8.788381e+02
4.070000e-06	1.390204e-09	6.811982e-09	8.250876e+00	8.772325e+02
4.080000e-06	1.386107e-09	6.800993e-09	8.226558e+00	8.755728e+02
4.090000e-06	1.381913e-09	6.789764e-09	8.201669e+00	8.738596e+02
4.100000e-06	1.377609e-09	6.776430e-09	8.176125e+00	8.720943e+02
4.110000e-06	1.373180e-09	6.760495e-09	8.149840e+00	8.702783e+02
4.120000e-06	1.368633e-09	6.743489e-09	8.122853e+00	8.684134e+02
4.130000e-06	1.363994e-09	6.727555e-09	8.095317e+00	8.665014e+02
4.140000e-06	1.359277e-09	6.713956e-09	8.067321e+00	8.645441e+02
4.150000e-06	1.354481e-09	6.701164e-09	8.038857e+00	8.625431e+02
4.160000e-06	1.349589e-09	6.686671e-09	8.009824e+00	8.604998e+02
4.170000e-06	1.344591e-09	6.670198e-09	7.980159e+00	8.584155e+02
4.180000e-06	1.339484e-09	6.653096e-09	7.949849e+00	8.562908e+02
4.190000e-06	1.334251e-09	6.636278e-09	7.918792e+00	8.541262e+02
4.200000e-06	1.328858e-09	6.619420e-09	7.886787e+00	8.519219e+02
4.210000e-06	1.323274e-09	6.602087e-09	7.853646e+00	8.496776e+02
4.220000e-06	1.317504e-09	6.584376e-09	7.819399e+00	8.473931e+02
4.230000e-06	1.311563e-09	6.567029e-09	7.784138e+00	8.450679e+02
4.240000e-06	1.305476e-09	6.550570e-09	7.748017e+00	8.427012e+02
4.250000e-06	1.299293e-09	6.533520e-09	7.711315e+00	8.402927e+02
4.260000e-06	1.293041e-09	6.514047e-09	7.674211e+00	8.378418e+02
4.270000e-06	1.286738e-09	6.492758e-09	7.636801e+00	8.353481e+02
4.280000e-06	1.280388e-09	6.472216e-09	7.599116e+00	8.328116e+02
4.290000e-06	1.273988e-09	6.453754e-09	7.561133e+00	8.302322e+02
4.300000e-06	1.267524e-09	6.435408e-09	7.522769e+00	8.276102e+02
4.310000e-06	1.260981e-09	6.414709e-09	7.483937e+00	8.249458e+02
4.320000e-06	1.254349e-09	6.392645e-09	7.444572e+00	8.222396e+02
4.330000e-06	1.247619e-09	6.371817e-09	7.404631e+00	8.194920e+02
4.340000e-06	1.240783e-09	6.351943e-09	7.364063e+00	8.167034e+02
4.350000e-06	1.233847e-09	6.330551e-09	7.322893e+00	8.138743e+02
4.360000e-06	1.226824e-09	6.307143e-09	7.281216e+00	8.110050e+02
4.370000e-06	1.219731e-09	6.284084e-09	7.239113e+00	8.080954e+02
4.380000e-06	1.212569e-09	6.263203e-09	7.196610e+00	8.051455e+02
4.390000e-06	1.205334e-09	6.243145e-09	7.153671e+00	8.021550e+02
4.400000e-06	1.198018e-09	6.221105e-09	7.110248e+00	7.991233e+02
4.410000e-06	1.190615e-09	6.196724e-09	7.066313e+00	7.960497e+02
4.420000e-06	1.183125e-09	6.171158e-09	7.021859e+00	7.929332e+02
4.430000e-06	1.175548e-09	6.145313e-09	6.976889e+00	7.897729e+02
4.440000e-06	1.167885e-09	6.119627e-09	6.931411e+00	7.865677e+02
4.450000e-06	1.160141e-09	6.094036e-09	6.885451e+00	7.833164e+02
4.460000e-06	1.152328e-09	6.068856e-09	6.839079e+00	7.800178e+02
4.470000e-06	1.144459e-09	6.044071e-09	6.792379e+00	7.766707e+02
4.480000e-06	1.136550e-09	6.018891e-09	6.745438e+00	7.732739e+02
4.490000e-06	1.128601e-09	5.993061e-09	6.698260e+00	7.698264e+02
4.500000e-06	1.120614e-09	5.966232e-09	6.650855e+00	7.663269e+02
4.510000e-06	1.112584e-09	5.937920e-09	6.603195e+00	7.627743e+02
4.520000e-06	1.104492e-09	5.908807e-09	6.555174e+00	7.591674e+02
4.530000e-06	1.096320e-09	5.880132e-09	6.506667e+00	7.555050e+02
4.540000e-06	1.088051e-09	5.852165e-09	6.457593e+00	7.517857e+02
4.550000e-06	1.079667e-09	5.823621e-09	6.407835e+00	7.480082e+02
4.560000e-06	1.071153e-09	5.793779e-09	6.357305e+00	7.441711e+02
4.570000e-06	1.062517e-09	5.763621e-09	6.306051e+00	7.402729e+02
4.580000e-06	1.053753e-09	5.733923e-09	6.254035e+00	7.363121e+02
4.590000e-06	1.044856e-09	5.703928e-09	6.201234e+00	7.322874e+02
4.600000e-06	1.035827e-09	5.672758e-09	6.147644e+00	7.281973e+02
4.610000e-06	1.026673e-09	5.640452e-09	6.093317e+00	7.240407e+02
4.620000e-06	1.017414e-09	5.607788e-09	6.038360e+00	7.198165e+02
4.630000e-06	1.008064e-09	5.575217e-09	5.982871e+00	7.155241e+02
4.640000e-06	9.986454e-10	5.542250e-09	5.926971e+00	7.111628e+02
4.650000e-06	9.891723e-10	5.508534e-09	5.870748e+00	7.067324e+02
4.660000e-06	9.796619e-10	5.474075e-09	5.814303e+00	7.022331e+02
4.670000e-06	9.701210e-10	5.439235e-09	5.757678e+00	6.976652e+02
4.680000e-06	9.605460e-10	5.404061e-09	5.700850e+00	6.930292e+02
4.690000e-06	9.509368e-10	5.367944e-09	5.643820e+00	6.883259e+02
4.700000e-06	9.412889e-10	5.330831e-09	5.586559e+00	6.835563e+02
4.710000e-06	9.315952e-10	5.293253e-09	5.529027e+00	6.787214e+02
4.720000e-06	9.218478e-10	5.255636e-09	5.471176e+00	6.738221e+02
4.730000e-06	9.120312e-10	5.217989e-09	5.412914e+00	6.688595e+02
4.740000e-06	9.021393e-10	5.179718e-09	5.354206e+00	6.638344e+02
4.750000e-06	8.921717e-10	5.140148e-09	5.295048e+00	6.587477e+02
4.760000e-06	8.821281e-10	5.099730e-09	5.235439e+00	6.536000e+02
4.770000e-06	8.720087e-10	5.059397e-09	5.175381e+00	6.483920e+02
4.780000e-06	8.618229e-10	5.018869e-09	5.114928e+00	6.431241e+02
4.790000e-06	8.515792e-10	4.977810e-09	5.054131e+00	6.377969e+02
4.800000e-06	8.412818e-10	4.935931e-09	4.993016e+00	6.324107e+02
4.810000e-06	8.309369e-10	4.892976e-09	4.931619e+00	6.269660e+02
4.820000e-06	8.205447e-10	4.849804e-09	4.869941e+00	6.214634e+02
4.830000e-06	8.101051e-10	4.807078e-09	4.807982e+00	6.159035e+02
4.840000e-06	7.996143e-10	4.764055e-09	4.745719e+00	6.102870e+02
4.850000e-06	7.890695e-10	4.719935e-09	4.683135e+00	6.046147e+02
4.860000e-06	7.784643e-10	4.674728e-09	4.620194e+00	5.988877e+02
4.870000e-06	7.677901e-10	4.629189e-09	4.556842e+00	5.931067e+02
4.880000e-06	7.570455e-10	4.583607e-09	4.493073e+00	5.872729e+02
4.890000e-06	7.462321e-10	4.537188e-09	4.428895e+00	5.813870e+02
4.900000e-06	7.353511e-10	4.490064e-09	4.364316e+00	5.754498e+02
4.910000e-06	7.244101e-10	4.443226e-09	4.299381e+00	5.694619e+02
4.920000e-06	7.134196e-10	4.397313e-09	4.234153e+00	5.634236e+02
4.930000e-06	7.023870e-10	4.351595e-09	4.168674e+00	5.573348e+02
4.940000e-06	6.913169e-10	4.304667e-09	4.102973e+00	5.511953e+02
4.950000e-06	6.802201e-10	4.255833e-09	4.037113e+00	5.450044e+02
4.960000e-06	6.691057e-10	4.205772e-09	3.971149e+00	5.387610e+02
4.970000e-06	6.579752e-10	4.155857e-09	3.905089e+00	5.324640e+02
4.980000e-06	6.468273e-10	4.106577e-09	3.838927e+00	5.261116e+02
4.990000e-06	6.356588e-10	4.057752e-09	3.772641e+00	5.197022e+02
5.000000e-06	6.244745e-10	4.008879e-09	3.706262e+00	5.132338e+02
5.010000e-06	6.132749e-10	3.959445e-09	3.639793e+00	5.067042e+02
5.020000e-06	6.020457e-10	3.909384e-09	3.573147e+00	5.001111e+02
5.030000e-06	5.907814e-10	3.858281e-09	3.506293e+00	4.934523e+02
5.040000e-06	5.794781e-10	3.805552e-09	3.439208e+00	4.867252e+02
5.050000e-06	5.681305e-10	3.751851e-09	3.371860e+00	4.799275e+02
5.060000e-06	5.567395e-10	3.698419e-09	3.304254e+00	4.730564e+02
5.070000e-06	5.453061e-10	3.645141e-09	3.236397e+00	4.661093e+02
5.080000e-06	5.338250e-10	3.592019e-09	3.168256e+00	4.590832e+02
5.090000e-06	5.222911e-10	3.538846e-09	3.099802e+00	4.519749e+02
5.100000e-06	5.106979e-10	3.484039e-09	3.030997e+00	4.447813e+02
5.110000e-06	4.990487e-10	3.427467e-09	2.961859e+00	4.374989e+02
5.120000e-06	4.873504e-10	3.369766e-09	2.892429e+00	4.301241e+02
5.130000e-06	4.755901e-10	3.311055e-09	2.822632e+00	4.226534e+02
5.140000e-06	4.637719e-10	3.252152e-09	2.752490e+00	4.150829e+02
5.150000e-06	4.518959e-10	3.194172e-09	2.682006e+00	4.074094e+02
5.160000e-06	4.399495e-10	3.136124e-09	2.611104e+00	3.996294e+02
5.170000e-06	4.279330e-10	3.076068e-09	2.539786e+00	3.917401e+02
5.180000e-06	4.158489e-10	3.014514e-09	2.468067e+00	3.837391e+02
5.190000e-06	4.037016e-10	2.952099e-09	2.395972e+00	3.756247e+02
5.200000e-06	3.915066e-10	2.888227e-09	2.323595e+00	3.673957e+02
5.210000e-06	3.792726e-10	2.823660e-09	2.250986e+00	3.590520e+02
5.220000e-06	3.669944e-10	2.759085e-09	2.178115e+00	3.505942e+02
5.230000e-06	3.546807e-10	2.693677e-09	2.105033e+00	3.420235e+02
5.240000e-06	3.423296e-10	2.627047e-09	2.031730e+00	3.333420e+02
5.250000e-06	3.299385e-10	2.559615e-09	1.958188e+00	3.245527e+02
5.260000e-06	3.175214e-10	2.491135e-09	1.884493e+00	3.156586e+02
5.270000e-06	3.050843e-10	2.421426e-09	1.810678e+00	3.066635e+02
5.280000e-06	2.926200e-10	2.350701e-09	1.736702e+00	2.975711e+02
5.290000e-06	2.801213e-10	2.279115e-09	1.662522e+00	2.883855e+02
5.300000e-06	2.675933e-10	2.207380e-09	1.588169e+00	2.791103e+02
5.310000e-06	2.550427e-10	2.135710e-09	1.513681e+00	2.697490e+02
5.320000e-06	2.424751e-10	2.063066e-09	1.439092e+00	2.603047e+02
5.330000e-06	2.298893e-10	1.988771e-09	1.364395e+00	2.507801e+02
5.340000e-06	2.172836e-10	1.913498e-09	1.289580e+00	2.411774e+02
5.350000e-06	2.046669e-10	1.837634e-09	1.214700e+00	2.314984e+02
5.360000e-06	1.920432e-10	1.760804e-09	1.139778e+00	2.217446e+02
5.370000e-06	1.794114e-10	1.683316e-09	1.064808e+00	2.119169e+02
5.380000e-06	1.667735e-10	1.605447e-09	9.898016e-01	2.020164e+02
5.390000e-06	1.541277e-10	1.527417e-09	9.147493e-01	1.920437e+02
5.400000e-06	1.414729e-10	1.449781e-09	8.396428e-01	1.819999e+02
5.410000e-06	1.288100e-10	1.372041e-09	7.644883e-01	1.718857e+02
5.420000e-06	1.161394e-10	1.293154e-09	6.892881e-01	1.617026e+02
5.430000e-06	1.034649e-10	1.212336e-09	6.140646e-01	1.514519e+02
5.440000e-06	9.078544e-11	1.130229e-09	5.388120e-01	1.411354e+02
5.450000e-06	7.810174e-11	1.048005e-09	4.635340e-01	1.307551e+02
5.460000e-06	6.541014e-11	9.655751e-10	3.882092e-01	1.203135e+02
5.470000e-06	5.271397e-11	8.827669e-10	3.128573e-01	1.098130e+02
5.480000e-06	4.002359e-11	7.996896e-10	2.375398e-01	9.925640e+01
5.490000e-06	2.733221e-11	7.166008e-10	1.622163e-01	8.864640e+01
5.500000e-06	1.463509e-11	6.337556e-10	8.685870e-02	7.798583e+01
5.510000e-06	1.938810e-12	5.507767e-10	1.150614e-02	6.727748e+01
5.520000e-06	-1.075333e-11	4.666644e-10	-6.382185e-02	5.652409e+01
5.530000e-06	-2.344236e-11	3.812218e-10	-1.391314e-01	4.572836e+01
5.540000e-06	-3.612805e-11	2.955161e-10	-2.144211e-01	3.489296e+01
5.550000e-06	-4.881184e-11	2.105423e-10	-2.896996e-01	2.402060e+01
5.560000e-06	-6.149698e-11	1.260640e-10	-3.649860e-01	1.311406e+01
5.570000e-06	-7.418019e-11	4.114858e-11	-4.402610e-01	2.176338e+00
5.580000e-06	-8.685954e-11	-4.465978e-11	-5.155131e-01	-8.789358e+00
5.590000e-06	-9.953788e-11	-1.307884e-10	-5.907592e-01	-1.977947e+01
5.600000e-06	-1.122144e-10	-2.167671e-10	-6.659944e-01	-3.079005e+01
5.610000e-06	-1.248839e-10	-3.030552e-10	-7.411883e-01	-4.181673e+01
5.620000e-06	-1.375424e-10	-3.901484e-10	-8.163162e-01	-5.285471e+01
5.630000e-06	-1.501965e-10	-4.776736e-10	-8.914188e-01	-6.389878e+01
5.640000e-06	-1.628421e-10	-5.645197e-10	-9.664703e-01	-7.494338e+01
5.650000e-06	-1.754718e-10	-6.507429e-10	-1.041428e+00	-8.598271e+01
5.660000e-06	-1.880921e-10	-7.373375e-10	-1.116329e+00	-9.701078e+01
5.670000e-06	-2.006980e-10	-8.242864e-10	-1.191146e+00	-1.080216e+02
5.680000e-06	-2.132908e-10	-9.109390e-10	-1.265884e+00	-1.190093e+02
5.690000e-06	-2.258700e-10	-9.966922e-10	-1.340542e+00	-1.299682e+02
5.700000e-06	-2.384352e-10	-1.081768e-09	-1.415116e+00	-1.408930e+02
5.710000e-06	-2.509891e-10	-1.167079e-09	-1.489624e+00	-1.517788e+02
5.720000e-06	-2.635201e-10	-1.252593e-09	-1.563996e+00	-1.626212e+02
5.730000e-06	-2.760281e-10	-1.337901e-09	-1.638230e+00	-1.734165e+02
5.740000e-06	-2.885134e-10	-1.422726e-09	-1.712331e+00	-1.841612e+02
5.750000e-06	-3.009697e-10	-1.506472e-09	-1.786259e+00	-1.948526e+02
5.760000e-06	-3.133984e-10	-1.589373e-09	-1.860024e+00	-2.054882e+02
5.770000e-06	-3.257944e-10	-1.672124e-09	-1.933594e+00	-2.160661e+02
5.780000e-06	-3.381433e-10	-1.754587e-09	-2.006885e+00	-2.265842e+02
5.790000e-06	-3.504463e-10	-1.836763e-09	-2.079903e+00	-2.370409e+02
5.800000e-06	-3.627069e-10	-1.918829e-09	-2.152670e+00	-2.474344e+02
5.810000e-06	-3.749208e-10	-2.000402e-09	-2.225160e+00	-2.577629e+02
5.820000e-06	-3.870879e-10	-2.081113e-09	-2.297371e+00	-2.680243e+02
5.830000e-06	-3.992088e-10	-2.161139e-09	-2.369309e+00	-2.782162e+02
5.840000e-06	-4.112859e-10	-2.240522e-09	-2.440987e+00	-2.883359e+02
5.850000e-06	-4.233174e-10	-2.319245e-09	-2.512394e+00	-2.983805e+02
5.860000e-06	-4.352933e-10	-2.397233e-09	-2.583471e+00	-3.083465e+02
5.870000e-06	-4.472058e-10	-2.474415e-09	-2.654172e+00	-3.182301e+02
5.880000e-06	-4.590499e-10	-2.551190e-09	-2.724467e+00	-3.280273e+02
5.890000e-06	-4.708295e-10	-2.627610e-09	-2.794379e+00	-3.377336e+02
5.900000e-06	-4.825510e-10	-2.703157e-09	-2.863946e+00	-3.473444e+02
5.910000e-06	-4.942042e-10	-2.777602e-09	-2.933108e+00	-3.568549e+02
5.920000e-06	-5.057851e-10	-2.850998e-09	-3.001840e+00	-3.662602e+02
5.930000e-06	-5.173133e-10	-2.923635e-09	-3.070260e+00	-3.755555e+02
5.940000e-06	-5.287919e-10	-2.995537e-09	-3.138386e+00	-3.847359e+02
5.950000e-06	-5.402110e-10	-3.066211e-09	-3.206159e+00	-3.937968e+02
5.960000e-06	-5.515745e-10	-3.135697e-09	-3.273601e+00	-4.027340e+02
5.970000e-06	-5.628945e-10	-3.204350e-09	-3.340786e+00	-4.115435e+02
5.980000e-06	-5.741889e-10	-3.272243e-09	-3.407818e+00	-4.202218e+02
5.990000e-06	-5.854565e-10	-3.339006e-09	-3.474691e+00	-4.287664e+02
6.000000e-06	-5.966930e-10	-3.404485e-09	-3.541380e+00	-4.371750e+02
6.010000e-06	-6.079069e-10	-3.468423e-09	-3.607934e+00	-4.454467e+02
6.020000e-06	-6.191007e-10	-3.530891e-09	-3.674370e+00	-4.535809e+02
6.030000e-06	-6.302741e-10	-3.592669e-09	-3.740684e+00	-4.615786e+02
6.040000e-06	-6.414298e-10	-3.653685e-09	-3.806894e+00	-4.694413e+02
6.050000e-06	-6.525679e-10	-3.713463e-09	-3.872998e+00	-4.771718e+02
6.060000e-06	-6.636857e-10	-3.772061e-09	-3.938982e+00	-4.847736e+02
6.070000e-06	-6.747804e-10	-3.829918e-09	-4.004830e+00	-4.922513e+02
6.080000e-06	-6.858455e-10	-3.887429e-09	-4.070501e+00	-4.996099e+02
6.090000e-06	-6.968744e-10	-3.944333e-09	-4.135958e+00	-5.068553e+02
6.100000e-06	-7.078648e-10	-3.999918e-09	-4.201186e+00	-5.139934e+02
6.110000e-06	-7.188124e-10	-4.054151e-09	-4.266160e+00	-5.210304e+02
6.120000e-06	-7.297029e-10	-4.107589e-09	-4.330795e+00	-5.279723e+02
6.130000e-06	-7.405374e-10	-4.160818e-09	-4.395098e+00	-5.348250e+02
6.140000e-06	-7.513174e-10	-4.213710e-09	-4.459077e+00	-5.415937e+02
6.150000e-06	-7.620296e-10	-4.265695e-09	-4.522654e+00	-5.482830e+02
6.160000e-06	-7.726732e-10	-4.316981e-09	-4.585825e+00	-5.548967e+02
6.170000e-06	-7.832507e-10	-4.367783e-09	-4.648602e+00	-5.614378e+02
6.180000e-06	-7.937662e-10	-4.417804e-09	-4.711012e+00	-5.679085e+02
6.190000e-06	-8.042226e-10	-4.467184e-09	-4.773070e+00	-5.743101e+02
6.200000e-06	-8.146211e-10	-4.516038e-09	-4.834786e+00	-5.806433e+02
6.210000e-06	-8.249681e-10	-4.564322e-09	-4.896195e+00	-5.869082e+02
6.220000e-06	-8.352646e-10	-4.612647e-09	-4.957305e+00	-5.931044e+02
6.230000e-06	-8.455092e-10	-4.661273e-09	-5.018107e+00	-5.992315e+02
6.240000e-06	-8.556983e-10	-4.709666e-09	-5.078579e+00	-6.052887e+02
6.250000e-06	-8.658262e-10	-4.757072e-09	-5.138689e+00	-6.112756e+02
6.260000e-06	-8.758921e-10	-4.803304e-09	-5.198429e+00	-6.171919e+02
6.270000e-06	-8.858843e-10	-4.848871e-09	-5.257734e+00	-6.230374e+02
6.280000e-06	-8.957973e-10	-4.894310e-09	-5.316567e+00	-6.288126e+02
6.290000e-06	-9.056436e-10	-4.939589e-09	-5.375005e+00	-6.345180e+02
6.300000e-06	-9.154247e-10	-4.983929e-09	-5.433056e+00	-6.401544e+02
6.310000e-06	-9.251432e-10	-5.027087e-09	-5.490736e+00	-6.457229e+02
6.320000e-06	-9.348115e-10	-5.070144e-09	-5.548117e+00	-6.512244e+02
6.330000e-06	-9.444366e-10	-5.113310e-09	-5.605242e+00	-6.566597e+02
6.340000e-06	-9.540230e-10	-5.155586e-09	-5.662137e+00	-6.620294e+02
6.350000e-06	-9.635773e-10	-5.196567e-09	-5.718842e+00	-6.673336e+02
6.360000e-06	-9.731055e-10	-5.236792e-09	-5.775392e+00	-6.725721e+02
6.370000e-06	-9.825999e-10	-5.276911e-09	-5.831742e+00	-6.777438e+02
6.380000e-06	-9.920460e-10	-5.316967e-09	-5.887805e+00	-6.828474e+02
6.390000e-06	-1.001430e-09	-5.356681e-09	-5.943500e+00	-6.878810e+02
6.400000e-06	-1.010742e-09	-5.395394e-09	-5.998767e+00	-6.928421e+02
6.410000e-06	-1.019971e-09	-5.432970e-09	-6.053542e+00	-6.977282e+02
6.420000e-06	-1.029104e-09	-5.469312e-09	-6.107746e+00	-7.025367e+02
6.430000e-06	-1.038125e-09	-5.504810e-09	-6.161285e+00	-7.072648e+02
6.440000e-06	-1.047018e-09	-5.540190e-09	-6.214061e+00	-7.119103e+02
6.450000e-06	-1.055766e-09	-5.575032e-09	-6.265982e+00	-7.164713e+02
6.460000e-06	-1.064368e-09	-5.609253e-09	-6.317033e+00	-7.209466e+02
6.470000e-06	-1.072842e-09	-5.643064e-09	-6.367331e+00	-7.253355e+02
6.480000e-06	-1.081197e-09	-5.676512e-09	-6.416916e+00	-7.296382e+02
6.490000e-06	-1.089443e-09	-5.709230e-09	-6.465856e+00	-7.338556e+02
6.500000e-06	-1.097600e-09	-5.740676e-09	-6.514267e+00	-7.379892e+02
6.510000e-06	-1.105686e-09	-5.771247e-09	-6.562258e+00	-7.420413e+02
6.520000e-06	-1.113722e-09	-5.801655e-09	-6.609955e+00	-7.460143e+02
6.530000e-06	-1.121721e-09	-5.831865e-09	-6.657427e+00	-7.499111e+02
6.540000e-06	-1.129686e-09	-5.861413e-09	-6.704702e+00	-7.537348e+02
6.550000e-06	-1.137614e-09	-5.890183e-09	-6.751754e+00	-7.574883e+02
6.560000e-06	-1.145494e-09	-5.918515e-09	-6.798521e+00	-7.611744e+02
6.570000e-06	-1.153310e-09	-5.946564e-09	-6.844907e+00	-7.647954e+02
6.580000e-06	-1.161050e-09	-5.974096e-09	-6.890844e+00	-7.683537e+02
6.590000e-06	-1.168706e-09	-6.001081e-09	-6.936286e+00	-7.718508e+02
6.600000e-06	-1.176258e-09	-6.027636e-09	-6.981104e+00	-7.752882e+02
6.610000e-06	-1.183704e-09	-6.054063e-09	-7.025295e+00	-7.786671e+02
6.620000e-06	-1.191072e-09	-6.080750e-09	-7.069023e+00	-7.819882e+02
6.630000e-06	-1.198363e-09	-6.107365e-09	-7.112298e+00	-7.852523e+02
6.640000e-06	-1.205583e-09	-6.133178e-09	-7.155148e+00	-7.884603e+02
6.650000e-06	-1.212744e-09	-6.157891e-09	-7.197651e+00	-7.916129e+02
6.660000e-06	-1.219842e-09	-6.181818e-09	-7.239775e+00	-7.947112e+02
6.670000e-06	-1.226866e-09	-6.206026e-09	-7.281466e+00	-7.977566e+02
6.680000e-06	-1.233801e-09	-6.230882e-09	-7.322623e+00	-8.007505e+02
6.690000e-06	-1.240635e-09	-6.255483e-09	-7.363181e+00	-8.036947e+02
6.700000e-06	-1.247369e-09	-6.279514e-09	-7.403149e+00	-8.065911e+02
6.710000e-06	-1.254005e-09	-6.303331e-09	-7.442535e+00	-8.094418e+02
6.720000e-06	-1.260552e-09	-6.326834e-09	-7.481390e+00	-8.122489e+02
6.730000e-06	-1.267032e-09	-6.349596e-09	-7.519852e+00	-8.150141e+02
6.740000e-06	-1.273460e-09	-6.371276e-09	-7.558000e+00	-8.177393e+02
6.750000e-06	-1.279836e-09	-6.392245e-09	-7.595843e+00	-8.204256e+02
6.760000e-06	-1.286164e-09	-6.413469e-09	-7.633397e+00	-8.230742e+02
6.770000e-06	-1.292428e-09	-6.435573e-09	-7.670572e+00	-8.256854e+02
6.780000e-06	-1.298605e-09	-6.458021e-09	-7.707234e+00	-8.282593e+02
6.790000e-06	-1.304665e-09	-6.479226e-09	-7.743200e+00	-8.307955e+02
6.800000e-06	-1.310577e-09	-6.499178e-09	-7.778287e+00	-8.332933e+02
6.810000e-06	-1.316335e-09	-6.519004e-09	-7.812463e+00	-8.357517e+02
6.820000e-06	-1.321923e-09	-6.538639e-09	-7.845629e+00	-8.381695e+02
6.830000e-06	-1.327335e-09	-6.557883e-09	-7.877749e+00	-8.405458e+02
6.840000e-06	-1.332598e-09	-6.576982e-09	-7.908985e+00	-8.428793e+02
6.850000e-06	-1.337728e-09	-6.596057e-09	-7.939432e+00	-8.451693e+02
6.860000e-06	-1.342745e-09	-6.615339e-09	-7.969204e+00	-8.474154e+02
6.870000e-06	-1.347664e-09	-6.634622e-09	-7.998399e+00	-8.496174e+02
6.880000e-06	-1.352496e-09	-6.653069e-09	-8.027081e+00	-8.517754e+02
6.890000e-06	-1.357250e-09	-6.670329e-09	-8.055295e+00	-8.538901e+02
6.900000e-06	-1.361916e-09	-6.686974e-09	-8.082988e+00	-8.559623e+02
6.910000e-06	-1.366485e-09	-6.703663e-09	-8.110105e+00	-8.579931e+02
6.920000e-06	-1.370951e-09	-6.720021e-09	-8.136609e+00	-8.599837e+02
6.930000e-06	-1.375306e-09	-6.735811e-09	-8.162454e+00	-8.619353e+02
6.940000e-06	-1.379553e-09	-6.751230e-09	-8.187662e+00	-8.638490e+02
6.950000e-06	-1.383709e-09	-6.766173e-09	-8.212328e+00	-8.657257e+02
6.960000e-06	-1.387782e-09	-6.780698e-09	-8.236501e+00	-8.675662e+02
6.970000e-06	-1.391778e-09	-6.795477e-09	-8.260215e+00	-8.693707e+02
6.980000e-06	-1.395693e-09	-6.810466e-09	-8.283451e+00	-8.711394e+02
6.990000e-06	-1.399511e-09	-6.824516e-09	-8.306113e+00	-8.728721e+02
7.000000e-06	-1.403218e-09	-6.837635e-09	-8.328117e+00	-8.745681e+02
7.010000e-06	-1.406813e-09	-6.850595e-09	-8.349451e+00	-8.762270e+02
7.020000e-06	-1.410292e-09	-6.863493e-09	-8.370101e+00	-8.778480e+02
7.030000e-06	-1.413671e-09	-6.876049e-09	-8.390152e+00	-8.794304e+02
7.040000e-06	-1.416978e-09	-6.888083e-09	-8.409780e+00	-8.809734e+02
7.050000e-06	-1.420226e-09	-6.899730e-09	-8.429059e+00	-8.824766e+02
7.060000e-06	-1.423422e-09	-6.911231e-09	-8.448024e+00	-8.839396e+02
7.070000e-06	-1.426568e-09	-6.922646e-09	-8.466694e+00	-8.853622e+02
7.080000e-06	-1.429648e-09	-6.933819e-09	-8.484976e+00	-8.867444e+02
7.090000e-06	-1.432639e-09	-6.944067e-09	-8.502730e+00	-8.880864e+02
7.100000e-06	-1.435524e-09	-6.953599e-09	-8.519854e+00	-8.893881e+02
7.110000e-06	-1.438280e-09	-6.963574e-09	-8.536210e+00	-8.906499e+02
7.120000e-06	-1.440882e-09	-6.974154e-09	-8.551648e+00	-8.918715e+02
7.130000e-06	-1.443310e-09	-6.984335e-09	-8.566062e+00	-8.930529e+02
7.140000e-06	-1.445559e-09	-6.993504e-09	-8.579407e+00	-8.941934e+02
7.150000e-06	-1.447633e-09	-7.001915e-09	-8.591716e+00	-8.952922e+02
7.160000e-06	-1.449554e-09	-7.010055e-09	-8.603122e+00	-8.963480e+02
7.170000e-06	-1.451354e-09	-7.018338e-09	-8.613802e+00	-8.973591e+02
7.180000e-06	-1.453058e-09	-7.026447e-09	-8.623915e+00	-8.983236e+02
7.190000e-06	-1.454696e-09	-7.033861e-09	-8.633636e+00	-8.992393e+02
7.200000e-06	-1.456286e-09	-7.040740e-09	-8.643076e+00	-9.001038e+02
7.210000e-06	-1.457823e-09	-7.047171e-09	-8.652197e+00	-9.009149e+02
7.220000e-06	-1.459284e-09	-7.053061e-09	-8.660866e+00	-9.016705e+02
7.230000e-06	-1.460652e-09	-7.058494e-09	-8.668987e+00	-9.023686e+02
7.240000e-06	-1.461912e-09	-7.063632e-09	-8.676462e+00	-9.030080e+02
7.250000e-06	-1.463033e-09	-7.068706e-09	-8.683118e+00	-9.035877e+02
7.260000e-06	-1.464019e-09	-7.071948e-09	-8.688969e+00	-9.041076e+02
7.270000e-06	-1.464918e-09	-7.072420e-09	-8.694304e+00	-9.045682e+02
7.280000e-06	-1.465793e-09	-7.071572e-09	-8.699497e+00	-9.049707e+02
7.290000e-06	-1.466656e-09	-7.071614e-09	-8.704621e+00	-9.053168e+02
7.300000e-06	-1.467458e-09	-7.077919e-09	-8.709379e+00	-9.056088e+02
7.310000e-06	-1.468097e-09	-7.084147e-09	-8.713169e+00	-9.058496e+02
7.320000e-06	-1.468498e-09	-7.083718e-09	-8.715553e+00	-9.060421e+02
7.330000e-06	-1.468729e-09	-7.086923e-09	-8.716921e+00	-9.061894e+02
7.340000e-06	-1.468870e-09	-7.090924e-09	-8.717758e+00	-9.062944e+02
7.350000e-06	-1.468950e-09	-7.081819e-09	-8.718237e+00	-9.063598e+02
