# Concentracion g/m^3_=_53300.0
# C_Vs_to_Am_M_A/Vsm_=_128687336408.14134
# pendiente_HvsI_1/m_=_3716.3
# ordenada_HvsI_A/m_=_1297.0
# frecuencia_Hz_=_135971.6482400123
# Promedio de 28 ciclos

Tiempo_(s)	Campo_(V.s)	Magnetizacion_(V.s)	Campo_(kA/m)	Magnetizacion_(A/m)
0.000000e+00	-2.154770e-09	-9.195076e-09	-1.243234e+01	-1.321226e+03
1.000000e-08	-2.154837e-09	-9.184439e-09	-1.243272e+01	-1.321209e+03
2.000000e-08	-2.154878e-09	-9.194809e-09	-1.243296e+01	-1.321133e+03
3.000000e-08	-2.154820e-09	-9.219806e-09	-1.243265e+01	-1.321001e+03
4.000000e-08	-2.154554e-09	-9.219182e-09	-1.243114e+01	-1.320814e+03
5.000000e-08	-2.154002e-09	-9.201924e-09	-1.242799e+01	-1.320574e+03
6.000000e-08	-2.153127e-09	-9.204917e-09	-1.242294e+01	-1.320281e+03
7.000000e-08	-2.151942e-09	-9.205736e-09	-1.241609e+01	-1.319938e+03
8.000000e-08	-2.150538e-09	-9.179409e-09	-1.240797e+01	-1.319543e+03
9.000000e-08	-2.149027e-09	-9.169340e-09	-1.239925e+01	-1.319097e+03
1.000000e-07	-2.147473e-09	-9.183995e-09	-1.239028e+01	-1.318599e+03
1.100000e-07	-2.145866e-09	-9.183417e-09	-1.238102e+01	-1.318048e+03
1.200000e-07	-2.144142e-09	-9.175264e-09	-1.237111e+01	-1.317445e+03
1.300000e-07	-2.142236e-09	-9.173628e-09	-1.236011e+01	-1.316789e+03
1.400000e-07	-2.140143e-09	-9.165176e-09	-1.234803e+01	-1.316080e+03
1.500000e-07	-2.137902e-09	-9.155792e-09	-1.233510e+01	-1.315316e+03
1.600000e-07	-2.135553e-09	-9.150882e-09	-1.232155e+01	-1.314499e+03
1.700000e-07	-2.133104e-09	-9.139238e-09	-1.230743e+01	-1.313628e+03
1.800000e-07	-2.130513e-09	-9.129979e-09	-1.229249e+01	-1.312704e+03
1.900000e-07	-2.127734e-09	-9.132673e-09	-1.227649e+01	-1.311728e+03
2.000000e-07	-2.124773e-09	-9.134591e-09	-1.225943e+01	-1.310698e+03
2.100000e-07	-2.121670e-09	-9.124491e-09	-1.224154e+01	-1.309617e+03
2.200000e-07	-2.118452e-09	-9.106386e-09	-1.222298e+01	-1.308484e+03
2.300000e-07	-2.115127e-09	-9.088710e-09	-1.220379e+01	-1.307298e+03
2.400000e-07	-2.111666e-09	-9.078073e-09	-1.218383e+01	-1.306061e+03
2.500000e-07	-2.108030e-09	-9.072985e-09	-1.216288e+01	-1.304770e+03
2.600000e-07	-2.104213e-09	-9.067587e-09	-1.214090e+01	-1.303427e+03
2.700000e-07	-2.100172e-09	-9.059492e-09	-1.211765e+01	-1.302030e+03
2.800000e-07	-2.095853e-09	-9.048730e-09	-1.209278e+01	-1.300578e+03
2.900000e-07	-2.091294e-09	-9.035295e-09	-1.206649e+01	-1.299071e+03
3.000000e-07	-2.086569e-09	-9.019878e-09	-1.203924e+01	-1.297507e+03
3.100000e-07	-2.081723e-09	-9.003337e-09	-1.201129e+01	-1.295887e+03
3.200000e-07	-2.076763e-09	-8.988114e-09	-1.198268e+01	-1.294208e+03
3.300000e-07	-2.071664e-09	-8.977644e-09	-1.195325e+01	-1.292472e+03
3.400000e-07	-2.066397e-09	-8.971101e-09	-1.192285e+01	-1.290677e+03
3.500000e-07	-2.060956e-09	-8.962777e-09	-1.189147e+01	-1.288823e+03
3.600000e-07	-2.055331e-09	-8.947532e-09	-1.185904e+01	-1.286910e+03
3.700000e-07	-2.049495e-09	-8.926353e-09	-1.182539e+01	-1.284938e+03
3.800000e-07	-2.043422e-09	-8.905765e-09	-1.179039e+01	-1.282908e+03
3.900000e-07	-2.037140e-09	-8.889629e-09	-1.175419e+01	-1.280818e+03
4.000000e-07	-2.030680e-09	-8.875199e-09	-1.171693e+01	-1.278669e+03
4.100000e-07	-2.024048e-09	-8.860157e-09	-1.167869e+01	-1.276461e+03
4.200000e-07	-2.017271e-09	-8.845701e-09	-1.163963e+01	-1.274193e+03
4.300000e-07	-2.010366e-09	-8.831728e-09	-1.159981e+01	-1.271865e+03
4.400000e-07	-2.003341e-09	-8.814763e-09	-1.155929e+01	-1.269477e+03
4.500000e-07	-1.996203e-09	-8.793253e-09	-1.151813e+01	-1.267027e+03
4.600000e-07	-1.988945e-09	-8.769674e-09	-1.147630e+01	-1.264516e+03
4.700000e-07	-1.981547e-09	-8.748065e-09	-1.143367e+01	-1.261943e+03
4.800000e-07	-1.973995e-09	-8.730181e-09	-1.139013e+01	-1.259308e+03
4.900000e-07	-1.966286e-09	-8.714320e-09	-1.134566e+01	-1.256610e+03
5.000000e-07	-1.958437e-09	-8.697489e-09	-1.130038e+01	-1.253850e+03
5.100000e-07	-1.950485e-09	-8.678081e-09	-1.125450e+01	-1.251027e+03
5.200000e-07	-1.942450e-09	-8.655565e-09	-1.120816e+01	-1.248142e+03
5.300000e-07	-1.934326e-09	-8.630610e-09	-1.116131e+01	-1.245195e+03
5.400000e-07	-1.926096e-09	-8.605486e-09	-1.111384e+01	-1.242186e+03
5.500000e-07	-1.917748e-09	-8.582590e-09	-1.106566e+01	-1.239117e+03
5.600000e-07	-1.909267e-09	-8.561542e-09	-1.101674e+01	-1.235987e+03
5.700000e-07	-1.900649e-09	-8.540591e-09	-1.096705e+01	-1.232798e+03
5.800000e-07	-1.891899e-09	-8.519582e-09	-1.091659e+01	-1.229550e+03
5.900000e-07	-1.883010e-09	-8.497894e-09	-1.086531e+01	-1.226243e+03
6.000000e-07	-1.873967e-09	-8.473769e-09	-1.081317e+01	-1.222877e+03
6.100000e-07	-1.864779e-09	-8.447270e-09	-1.076019e+01	-1.219452e+03
6.200000e-07	-1.855454e-09	-8.420431e-09	-1.070640e+01	-1.215969e+03
6.300000e-07	-1.846004e-09	-8.395110e-09	-1.065190e+01	-1.212425e+03
6.400000e-07	-1.836458e-09	-8.371105e-09	-1.059685e+01	-1.208822e+03
6.500000e-07	-1.826821e-09	-8.347135e-09	-1.054128e+01	-1.205157e+03
6.600000e-07	-1.817065e-09	-8.321964e-09	-1.048501e+01	-1.201431e+03
6.700000e-07	-1.807155e-09	-8.294926e-09	-1.042781e+01	-1.197642e+03
6.800000e-07	-1.797073e-09	-8.266893e-09	-1.036959e+01	-1.193789e+03
6.900000e-07	-1.786804e-09	-8.238684e-09	-1.031031e+01	-1.189871e+03
7.000000e-07	-1.776339e-09	-8.210549e-09	-1.024993e+01	-1.185888e+03
7.100000e-07	-1.765682e-09	-8.182503e-09	-1.018844e+01	-1.181837e+03
7.200000e-07	-1.754838e-09	-8.154318e-09	-1.012587e+01	-1.177719e+03
7.300000e-07	-1.743838e-09	-8.125798e-09	-1.006241e+01	-1.173532e+03
7.400000e-07	-1.732726e-09	-8.096698e-09	-9.998308e+00	-1.169275e+03
7.500000e-07	-1.721536e-09	-8.066172e-09	-9.933762e+00	-1.164946e+03
7.600000e-07	-1.710280e-09	-8.033896e-09	-9.868841e+00	-1.160546e+03
7.700000e-07	-1.698937e-09	-8.000705e-09	-9.803426e+00	-1.156072e+03
7.800000e-07	-1.687486e-09	-7.968150e-09	-9.737369e+00	-1.151524e+03
7.900000e-07	-1.675897e-09	-7.936736e-09	-9.670522e+00	-1.146900e+03
8.000000e-07	-1.664169e-09	-7.905039e-09	-9.602866e+00	-1.142200e+03
8.100000e-07	-1.652328e-09	-7.871689e-09	-9.534536e+00	-1.137421e+03
8.200000e-07	-1.640385e-09	-7.837096e-09	-9.465623e+00	-1.132563e+03
8.300000e-07	-1.628348e-09	-7.802121e-09	-9.396175e+00	-1.127624e+03
8.400000e-07	-1.616214e-09	-7.766789e-09	-9.326175e+00	-1.122605e+03
8.500000e-07	-1.603975e-09	-7.730560e-09	-9.255568e+00	-1.117505e+03
8.600000e-07	-1.591620e-09	-7.693362e-09	-9.184293e+00	-1.112322e+03
8.700000e-07	-1.579144e-09	-7.655845e-09	-9.112312e+00	-1.107058e+03
8.800000e-07	-1.566559e-09	-7.618472e-09	-9.039689e+00	-1.101713e+03
8.900000e-07	-1.553886e-09	-7.581122e-09	-8.966558e+00	-1.096286e+03
9.000000e-07	-1.541136e-09	-7.543327e-09	-8.892993e+00	-1.090780e+03
9.100000e-07	-1.528314e-09	-7.504666e-09	-8.819028e+00	-1.085195e+03
9.200000e-07	-1.515419e-09	-7.465219e-09	-8.744647e+00	-1.079532e+03
9.300000e-07	-1.502425e-09	-7.425209e-09	-8.669720e+00	-1.073794e+03
9.400000e-07	-1.489307e-09	-7.384681e-09	-8.594078e+00	-1.067981e+03
9.500000e-07	-1.476043e-09	-7.343861e-09	-8.517571e+00	-1.062096e+03
9.600000e-07	-1.462619e-09	-7.302814e-09	-8.440132e+00	-1.056139e+03
9.700000e-07	-1.449036e-09	-7.261557e-09	-8.361765e+00	-1.050112e+03
9.800000e-07	-1.435287e-09	-7.219929e-09	-8.282425e+00	-1.044016e+03
9.900000e-07	-1.421369e-09	-7.177472e-09	-8.202124e+00	-1.037851e+03
1.000000e-06	-1.407299e-09	-7.134033e-09	-8.120956e+00	-1.031618e+03
1.010000e-06	-1.393104e-09	-7.090000e-09	-8.039052e+00	-1.025317e+03
1.020000e-06	-1.378815e-09	-7.045427e-09	-7.956605e+00	-1.018946e+03
1.030000e-06	-1.364456e-09	-7.000616e-09	-7.873768e+00	-1.012504e+03
1.040000e-06	-1.350048e-09	-6.955693e-09	-7.790649e+00	-1.005989e+03
1.050000e-06	-1.335597e-09	-6.910358e-09	-7.707273e+00	-9.993991e+02
1.060000e-06	-1.321083e-09	-6.864517e-09	-7.623537e+00	-9.927302e+02
1.070000e-06	-1.306485e-09	-6.817890e-09	-7.539308e+00	-9.859788e+02
1.080000e-06	-1.291795e-09	-6.769929e-09	-7.454541e+00	-9.791407e+02
1.090000e-06	-1.277005e-09	-6.721204e-09	-7.369203e+00	-9.722112e+02
1.100000e-06	-1.262115e-09	-6.672758e-09	-7.283306e+00	-9.651855e+02
1.110000e-06	-1.247134e-09	-6.623787e-09	-7.196898e+00	-9.580582e+02
1.120000e-06	-1.232074e-09	-6.573714e-09	-7.110008e+00	-9.508242e+02
1.130000e-06	-1.216930e-09	-6.522678e-09	-7.022620e+00	-9.434785e+02
1.140000e-06	-1.201703e-09	-6.469821e-09	-6.934751e+00	-9.360160e+02
1.150000e-06	-1.186393e-09	-6.415380e-09	-6.846429e+00	-9.284323e+02
1.160000e-06	-1.170990e-09	-6.360753e-09	-6.757599e+00	-9.207233e+02
1.170000e-06	-1.155493e-09	-6.305889e-09	-6.668213e+00	-9.128857e+02
1.180000e-06	-1.139904e-09	-6.250338e-09	-6.578285e+00	-9.049166e+02
1.190000e-06	-1.124227e-09	-6.194189e-09	-6.487865e+00	-8.968142e+02
1.200000e-06	-1.108470e-09	-6.136830e-09	-6.396977e+00	-8.885772e+02
1.210000e-06	-1.092640e-09	-6.077567e-09	-6.305663e+00	-8.802052e+02
1.220000e-06	-1.076748e-09	-6.016704e-09	-6.214001e+00	-8.716985e+02
1.230000e-06	-1.060810e-09	-5.954922e-09	-6.122058e+00	-8.630581e+02
1.240000e-06	-1.044832e-09	-5.892749e-09	-6.029877e+00	-8.542857e+02
1.250000e-06	-1.028818e-09	-5.830667e-09	-5.937496e+00	-8.453833e+02
1.260000e-06	-1.012772e-09	-5.768623e-09	-5.844938e+00	-8.363534e+02
1.270000e-06	-9.966858e-10	-5.705733e-09	-5.752139e+00	-8.271989e+02
1.280000e-06	-9.805408e-10	-5.641578e-09	-5.658989e+00	-8.179226e+02
1.290000e-06	-9.643286e-10	-5.576401e-09	-5.565445e+00	-8.085277e+02
1.300000e-06	-9.480325e-10	-5.510153e-09	-5.471422e+00	-7.990171e+02
1.310000e-06	-9.316334e-10	-5.442847e-09	-5.376815e+00	-7.893937e+02
1.320000e-06	-9.151300e-10	-5.375093e-09	-5.281605e+00	-7.796604e+02
1.330000e-06	-8.985298e-10	-5.307112e-09	-5.185835e+00	-7.698194e+02
1.340000e-06	-8.818325e-10	-5.238686e-09	-5.089488e+00	-7.598729e+02
1.350000e-06	-8.650256e-10	-5.170057e-09	-4.992474e+00	-7.498226e+02
1.360000e-06	-8.481131e-10	-5.101045e-09	-4.894823e+00	-7.396695e+02
1.370000e-06	-8.310953e-10	-5.031017e-09	-4.796591e+00	-7.294143e+02
1.380000e-06	-8.139650e-10	-4.959980e-09	-4.697744e+00	-7.190568e+02
1.390000e-06	-7.967398e-10	-4.887899e-09	-4.598346e+00	-7.085958e+02
1.400000e-06	-7.794395e-10	-4.815027e-09	-4.498520e+00	-6.980294e+02
1.410000e-06	-7.620656e-10	-4.741923e-09	-4.398278e+00	-6.873548e+02
1.420000e-06	-7.446293e-10	-4.668553e-09	-4.297679e+00	-6.765678e+02
1.430000e-06	-7.271504e-10	-4.594159e-09	-4.196840e+00	-6.656634e+02
1.440000e-06	-7.096308e-10	-4.518189e-09	-4.095779e+00	-6.546356e+02
1.450000e-06	-6.920739e-10	-4.440640e-09	-3.994501e+00	-6.434774e+02
1.460000e-06	-6.744914e-10	-4.361679e-09	-3.893074e+00	-6.321810e+02
1.470000e-06	-6.568898e-10	-4.281968e-09	-3.791535e+00	-6.207383e+02
1.480000e-06	-6.392678e-10	-4.201493e-09	-3.689876e+00	-6.091408e+02
1.490000e-06	-6.216296e-10	-4.119557e-09	-3.588119e+00	-5.973805e+02
1.500000e-06	-6.039788e-10	-4.036288e-09	-3.486284e+00	-5.854495e+02
1.510000e-06	-5.863107e-10	-3.952418e-09	-3.384354e+00	-5.733411e+02
1.520000e-06	-5.686205e-10	-3.867304e-09	-3.282302e+00	-5.610500e+02
1.530000e-06	-5.508981e-10	-3.779794e-09	-3.180068e+00	-5.485720e+02
1.540000e-06	-5.331441e-10	-3.690441e-09	-3.077647e+00	-5.359052e+02
1.550000e-06	-5.153581e-10	-3.600330e-09	-2.975037e+00	-5.230493e+02
1.560000e-06	-4.975302e-10	-3.509290e-09	-2.872199e+00	-5.100059e+02
1.570000e-06	-4.796526e-10	-3.417180e-09	-2.769082e+00	-4.967783e+02
1.580000e-06	-4.617216e-10	-3.324521e-09	-2.665641e+00	-4.833712e+02
1.590000e-06	-4.437464e-10	-3.230846e-09	-2.561924e+00	-4.697904e+02
1.600000e-06	-4.257350e-10	-3.136000e-09	-2.457998e+00	-4.560418e+02
1.610000e-06	-4.076908e-10	-3.040660e-09	-2.353902e+00	-4.421317e+02
1.620000e-06	-3.896095e-10	-2.944349e-09	-2.249604e+00	-4.280651e+02
1.630000e-06	-3.715018e-10	-2.846676e-09	-2.145137e+00	-4.138461e+02
1.640000e-06	-3.533788e-10	-2.748092e-09	-2.040571e+00	-3.994770e+02
1.650000e-06	-3.352269e-10	-2.648469e-09	-1.935842e+00	-3.849576e+02
1.660000e-06	-3.170488e-10	-2.547648e-09	-1.830972e+00	-3.702857e+02
1.670000e-06	-2.988519e-10	-2.445688e-09	-1.725984e+00	-3.554565e+02
1.680000e-06	-2.806343e-10	-2.342004e-09	-1.620848e+00	-3.404631e+02
1.690000e-06	-2.623927e-10	-2.236352e-09	-1.515600e+00	-3.252968e+02
1.700000e-06	-2.441237e-10	-2.129519e-09	-1.410205e+00	-3.099473e+02
1.710000e-06	-2.258325e-10	-2.021533e-09	-1.304683e+00	-2.944042e+02
1.720000e-06	-2.075250e-10	-1.911763e-09	-1.199079e+00	-2.786569e+02
1.730000e-06	-1.892083e-10	-1.799864e-09	-1.093422e+00	-2.626962e+02
1.740000e-06	-1.708861e-10	-1.686200e-09	-9.877249e-01	-2.465144e+02
1.750000e-06	-1.525555e-10	-1.571408e-09	-8.819505e-01	-2.301068e+02
1.760000e-06	-1.342200e-10	-1.455221e-09	-7.761464e-01	-2.134715e+02
1.770000e-06	-1.158797e-10	-1.337406e-09	-6.703366e-01	-1.966102e+02
1.780000e-06	-9.753359e-11	-1.218199e-09	-5.645025e-01	-1.795284e+02
1.790000e-06	-7.919035e-11	-1.097958e-09	-4.586851e-01	-1.622352e+02
1.800000e-06	-6.084624e-11	-9.768740e-10	-3.528522e-01	-1.447428e+02
1.810000e-06	-4.249222e-11	-8.548046e-10	-2.469543e-01	-1.270663e+02
1.820000e-06	-2.413533e-11	-7.317508e-10	-1.410475e-01	-1.092231e+02
1.830000e-06	-5.774086e-12	-6.077965e-10	-3.512356e-02	-9.123162e+01
1.840000e-06	1.259198e-11	-4.830522e-10	7.083485e-02	-7.311101e+01
1.850000e-06	3.095837e-11	-3.573509e-10	1.767938e-01	-5.488011e+01
1.860000e-06	4.932545e-11	-2.303713e-10	2.827447e-01	-3.655685e+01
1.870000e-06	6.768961e-11	-1.025839e-10	3.886839e-01	-1.815769e+01
1.880000e-06	8.605031e-11	2.557640e-11	4.946103e-01	3.026519e-01
1.890000e-06	1.044048e-10	1.536593e-10	6.005049e-01	1.881132e+01
1.900000e-06	1.227482e-10	2.810441e-10	7.063565e-01	3.735719e+01
1.910000e-06	1.410810e-10	4.080696e-10	8.121491e-01	5.593053e+01
1.920000e-06	1.594027e-10	5.354520e-10	9.178610e-01	7.452245e+01
1.930000e-06	1.777104e-10	6.635528e-10	1.023489e+00	9.312429e+01
1.940000e-06	1.960090e-10	7.920527e-10	1.129058e+00	1.117269e+02
1.950000e-06	2.142965e-10	9.205108e-10	1.234574e+00	1.303201e+02
1.960000e-06	2.325671e-10	1.048615e-09	1.340000e+00	1.488920e+02
1.970000e-06	2.508266e-10	1.176405e-09	1.445349e+00	1.674283e+02
1.980000e-06	2.690707e-10	1.304191e-09	1.550596e+00	1.859126e+02
1.990000e-06	2.872958e-10	1.431004e-09	1.655735e+00	2.043263e+02
2.000000e-06	3.055022e-10	1.556427e-09	1.760781e+00	2.226485e+02
2.010000e-06	3.236811e-10	1.681461e-09	1.865685e+00	2.408568e+02
2.020000e-06	3.418277e-10	1.806529e-09	1.970403e+00	2.589280e+02
2.030000e-06	3.599397e-10	1.931115e-09	2.074902e+00	2.768389e+02
2.040000e-06	3.780140e-10	2.054564e-09	2.179173e+00	2.945674e+02
2.050000e-06	3.960486e-10	2.176253e-09	2.283215e+00	3.120930e+02
2.060000e-06	4.140399e-10	2.295954e-09	2.387023e+00	3.293982e+02
2.070000e-06	4.319903e-10	2.414424e-09	2.490615e+00	3.464689e+02
2.080000e-06	4.499043e-10	2.532000e-09	2.593997e+00	3.632949e+02
2.090000e-06	4.677863e-10	2.647756e-09	2.697167e+00	3.798703e+02
2.100000e-06	4.856359e-10	2.761088e-09	2.800122e+00	3.961933e+02
2.110000e-06	5.034483e-10	2.872393e-09	2.902862e+00	4.122660e+02
2.120000e-06	5.212294e-10	2.982195e-09	3.005437e+00	4.280936e+02
2.130000e-06	5.389834e-10	3.090084e-09	3.107866e+00	4.436842e+02
2.140000e-06	5.567075e-10	3.195668e-09	3.210120e+00	4.590472e+02
2.150000e-06	5.744015e-10	3.299088e-09	3.312195e+00	4.741927e+02
2.160000e-06	5.920731e-10	3.400802e-09	3.414134e+00	4.891303e+02
2.170000e-06	6.097269e-10	3.501819e-09	3.515970e+00	5.038686e+02
2.180000e-06	6.273614e-10	3.602310e-09	3.617694e+00	5.184142e+02
2.190000e-06	6.449747e-10	3.701588e-09	3.719292e+00	5.327713e+02
2.200000e-06	6.625703e-10	3.798960e-09	3.820796e+00	5.469411e+02
2.210000e-06	6.801505e-10	3.894335e-09	3.922214e+00	5.609227e+02
2.220000e-06	6.977099e-10	3.988530e-09	4.023503e+00	5.747125e+02
2.230000e-06	7.152438e-10	4.082197e-09	4.124648e+00	5.883050e+02
2.240000e-06	7.327505e-10	4.174755e-09	4.225640e+00	6.016938e+02
2.250000e-06	7.502206e-10	4.265809e-09	4.326422e+00	6.148721e+02
2.260000e-06	7.676365e-10	4.356033e-09	4.426907e+00	6.278333e+02
2.270000e-06	7.849781e-10	4.445381e-09	4.526982e+00	6.405725e+02
2.280000e-06	8.022266e-10	4.533076e-09	4.626555e+00	6.530863e+02
2.290000e-06	8.193756e-10	4.618708e-09	4.725568e+00	6.653743e+02
2.300000e-06	8.364059e-10	4.702141e-09	4.823874e+00	6.774383e+02
2.310000e-06	8.533115e-10	4.783696e-09	4.921444e+00	6.892835e+02
2.320000e-06	8.700954e-10	4.863742e-09	5.018303e+00	7.009174e+02
2.330000e-06	8.867561e-10	4.942670e-09	5.114458e+00	7.123501e+02
2.340000e-06	9.032987e-10	5.020187e-09	5.209943e+00	7.235932e+02
2.350000e-06	9.197316e-10	5.095688e-09	5.304800e+00	7.346595e+02
2.360000e-06	9.360696e-10	5.170187e-09	5.399088e+00	7.455620e+02
2.370000e-06	9.523259e-10	5.244636e-09	5.492887e+00	7.563131e+02
2.380000e-06	9.685152e-10	5.318537e-09	5.586307e+00	7.669241e+02
2.390000e-06	9.846507e-10	5.390997e-09	5.679410e+00	7.774044e+02
2.400000e-06	1.000745e-09	5.461717e-09	5.772265e+00	7.877609e+02
2.410000e-06	1.016803e-09	5.531189e-09	5.864912e+00	7.979980e+02
2.420000e-06	1.032824e-09	5.599997e-09	5.957339e+00	8.081175e+02
2.430000e-06	1.048807e-09	5.668595e-09	6.049538e+00	8.181184e+02
2.440000e-06	1.064748e-09	5.736867e-09	6.141503e+00	8.279976e+02
2.450000e-06	1.080638e-09	5.804436e-09	6.233175e+00	8.377501e+02
2.460000e-06	1.096460e-09	5.870992e-09	6.324462e+00	8.473696e+02
2.470000e-06	1.112198e-09	5.936630e-09	6.415269e+00	8.568493e+02
2.480000e-06	1.127837e-09	6.001393e-09	6.505510e+00	8.661819e+02
2.490000e-06	1.143378e-09	6.064753e-09	6.595180e+00	8.753610e+02
2.500000e-06	1.158825e-09	6.126721e-09	6.684316e+00	8.843810e+02
2.510000e-06	1.174189e-09	6.187966e-09	6.772979e+00	8.932377e+02
2.520000e-06	1.189478e-09	6.248575e-09	6.861202e+00	9.019284e+02
2.530000e-06	1.204699e-09	6.308577e-09	6.949016e+00	9.104523e+02
2.540000e-06	1.219860e-09	6.367866e-09	7.036467e+00	9.188101e+02
2.550000e-06	1.234947e-09	6.425431e-09	7.123515e+00	9.270043e+02
2.560000e-06	1.249937e-09	6.481229e-09	7.210029e+00	9.350389e+02
2.570000e-06	1.264823e-09	6.536120e-09	7.295923e+00	9.429187e+02
2.580000e-06	1.279598e-09	6.589753e-09	7.381163e+00	9.506497e+02
2.590000e-06	1.294267e-09	6.641504e-09	7.465785e+00	9.582385e+02
2.600000e-06	1.308847e-09	6.692319e-09	7.549884e+00	9.656916e+02
2.610000e-06	1.323352e-09	6.743182e-09	7.633557e+00	9.730160e+02
2.620000e-06	1.337806e-09	6.793871e-09	7.716928e+00	9.802184e+02
2.630000e-06	1.352224e-09	6.843966e-09	7.800088e+00	9.873051e+02
2.640000e-06	1.366603e-09	6.892892e-09	7.883044e+00	9.942824e+02
2.650000e-06	1.380930e-09	6.940237e-09	7.965716e+00	1.001156e+03
2.660000e-06	1.395188e-09	6.986715e-09	8.048007e+00	1.007931e+03
2.670000e-06	1.409346e-09	7.033095e-09	8.129739e+00	1.014612e+03
2.680000e-06	1.423371e-09	7.079080e-09	8.210675e+00	1.021205e+03
2.690000e-06	1.437220e-09	7.124230e-09	8.290608e+00	1.027712e+03
2.700000e-06	1.450880e-09	7.168924e-09	8.369453e+00	1.034138e+03
2.710000e-06	1.464349e-09	7.213257e-09	8.447198e+00	1.040487e+03
2.720000e-06	1.477629e-09	7.256689e-09	8.523866e+00	1.046760e+03
2.730000e-06	1.490746e-09	7.299009e-09	8.599582e+00	1.052961e+03
2.740000e-06	1.503740e-09	7.340267e-09	8.674562e+00	1.059092e+03
2.750000e-06	1.516653e-09	7.380866e-09	8.749059e+00	1.065152e+03
2.760000e-06	1.529509e-09	7.421988e-09	8.823224e+00	1.071145e+03
2.770000e-06	1.542312e-09	7.463954e-09	8.897084e+00	1.077068e+03
2.780000e-06	1.555055e-09	7.504931e-09	8.970612e+00	1.082922e+03
2.790000e-06	1.567720e-09	7.543993e-09	9.043712e+00	1.088706e+03
2.800000e-06	1.580283e-09	7.582186e-09	9.116224e+00	1.094419e+03
2.810000e-06	1.592720e-09	7.620531e-09	9.188005e+00	1.100058e+03
2.820000e-06	1.605014e-09	7.659239e-09	9.258962e+00	1.105621e+03
2.830000e-06	1.617177e-09	7.697560e-09	9.329143e+00	1.111106e+03
2.840000e-06	1.629234e-09	7.734947e-09	9.398707e+00	1.116511e+03
2.850000e-06	1.641192e-09	7.771859e-09	9.467726e+00	1.121834e+03
2.860000e-06	1.653052e-09	7.808856e-09	9.536189e+00	1.127073e+03
2.870000e-06	1.664808e-09	7.845521e-09	9.604032e+00	1.132227e+03
2.880000e-06	1.676438e-09	7.880292e-09	9.671152e+00	1.137293e+03
2.890000e-06	1.687937e-09	7.912859e-09	9.737523e+00	1.142272e+03
2.900000e-06	1.699326e-09	7.945365e-09	9.803234e+00	1.147162e+03
2.910000e-06	1.710628e-09	7.979213e-09	9.868428e+00	1.151961e+03
2.920000e-06	1.721868e-09	8.013352e-09	9.933277e+00	1.156671e+03
2.930000e-06	1.733054e-09	8.046152e-09	9.997819e+00	1.161289e+03
2.940000e-06	1.744166e-09	8.077478e-09	1.006194e+01	1.165816e+03
2.950000e-06	1.755171e-09	8.108271e-09	1.012544e+01	1.170251e+03
2.960000e-06	1.766018e-09	8.139065e-09	1.018805e+01	1.174593e+03
2.970000e-06	1.776646e-09	8.169269e-09	1.024941e+01	1.178842e+03
2.980000e-06	1.787028e-09	8.198053e-09	1.030934e+01	1.182997e+03
2.990000e-06	1.797170e-09	8.225512e-09	1.036789e+01	1.187058e+03
3.000000e-06	1.807113e-09	8.252808e-09	1.042529e+01	1.191026e+03
3.010000e-06	1.816913e-09	8.280642e-09	1.048183e+01	1.194901e+03
3.020000e-06	1.826607e-09	8.307881e-09	1.053776e+01	1.198685e+03
3.030000e-06	1.836214e-09	8.333405e-09	1.059319e+01	1.202379e+03
3.040000e-06	1.845725e-09	8.357527e-09	1.064805e+01	1.205986e+03
3.050000e-06	1.855122e-09	8.381253e-09	1.070228e+01	1.209508e+03
3.060000e-06	1.864387e-09	8.405386e-09	1.075575e+01	1.212950e+03
3.070000e-06	1.873508e-09	8.429163e-09	1.080836e+01	1.216315e+03
3.080000e-06	1.882491e-09	8.451289e-09	1.086016e+01	1.219608e+03
3.090000e-06	1.891356e-09	8.472327e-09	1.091129e+01	1.222832e+03
3.100000e-06	1.900111e-09	8.493748e-09	1.096181e+01	1.225992e+03
3.110000e-06	1.908736e-09	8.515602e-09	1.101158e+01	1.229092e+03
3.120000e-06	1.917209e-09	8.536639e-09	1.106047e+01	1.232136e+03
3.130000e-06	1.925530e-09	8.556109e-09	1.110847e+01	1.235125e+03
3.140000e-06	1.933722e-09	8.574770e-09	1.115574e+01	1.238063e+03
3.150000e-06	1.941818e-09	8.593801e-09	1.120245e+01	1.240951e+03
3.160000e-06	1.949843e-09	8.612995e-09	1.124875e+01	1.243790e+03
3.170000e-06	1.957794e-09	8.631231e-09	1.129461e+01	1.246580e+03
3.180000e-06	1.965652e-09	8.648228e-09	1.133995e+01	1.249321e+03
3.190000e-06	1.973374e-09	8.664806e-09	1.138453e+01	1.252013e+03
3.200000e-06	1.980926e-09	8.681686e-09	1.142812e+01	1.254655e+03
3.210000e-06	1.988301e-09	8.698657e-09	1.147067e+01	1.257248e+03
3.220000e-06	1.995503e-09	8.714998e-09	1.151221e+01	1.259789e+03
3.230000e-06	2.002551e-09	8.730583e-09	1.155287e+01	1.262281e+03
3.240000e-06	2.009489e-09	8.745631e-09	1.159289e+01	1.264722e+03
3.250000e-06	2.016337e-09	8.760522e-09	1.163238e+01	1.267114e+03
3.260000e-06	2.023065e-09	8.775582e-09	1.167121e+01	1.269457e+03
3.270000e-06	2.029641e-09	8.790399e-09	1.170914e+01	1.271753e+03
3.280000e-06	2.036029e-09	8.804600e-09	1.174596e+01	1.274002e+03
3.290000e-06	2.042200e-09	8.818612e-09	1.178158e+01	1.276207e+03
3.300000e-06	2.048161e-09	8.833241e-09	1.181599e+01	1.278368e+03
3.310000e-06	2.053948e-09	8.848332e-09	1.184937e+01	1.280487e+03
3.320000e-06	2.059598e-09	8.862464e-09	1.188198e+01	1.282563e+03
3.330000e-06	2.065112e-09	8.875209e-09	1.191380e+01	1.284596e+03
3.340000e-06	2.070476e-09	8.887749e-09	1.194474e+01	1.286587e+03
3.350000e-06	2.075679e-09	8.900783e-09	1.197474e+01	1.288534e+03
3.360000e-06	2.080724e-09	8.913927e-09	1.200384e+01	1.290435e+03
3.370000e-06	2.085631e-09	8.926381e-09	1.203215e+01	1.292290e+03
3.380000e-06	2.090414e-09	8.937878e-09	1.205974e+01	1.294096e+03
3.390000e-06	2.095056e-09	8.948936e-09	1.208653e+01	1.295852e+03
3.400000e-06	2.099516e-09	8.960086e-09	1.211226e+01	1.297556e+03
3.410000e-06	2.103739e-09	8.971331e-09	1.213664e+01	1.299207e+03
3.420000e-06	2.107698e-09	8.981751e-09	1.215950e+01	1.300805e+03
3.430000e-06	2.111408e-09	8.990737e-09	1.218091e+01	1.302349e+03
3.440000e-06	2.114911e-09	8.999827e-09	1.220113e+01	1.303838e+03
3.450000e-06	2.118268e-09	9.010034e-09	1.222052e+01	1.305274e+03
3.460000e-06	2.121527e-09	9.019884e-09	1.223933e+01	1.306657e+03
3.470000e-06	2.124700e-09	9.028401e-09	1.225764e+01	1.307988e+03
3.480000e-06	2.127765e-09	9.036433e-09	1.227534e+01	1.309267e+03
3.490000e-06	2.130686e-09	9.044754e-09	1.229219e+01	1.310495e+03
3.500000e-06	2.133439e-09	9.053198e-09	1.230808e+01	1.311672e+03
3.510000e-06	2.136031e-09	9.061127e-09	1.232306e+01	1.312798e+03
3.520000e-06	2.138481e-09	9.068124e-09	1.233721e+01	1.313873e+03
3.530000e-06	2.140782e-09	9.074529e-09	1.235051e+01	1.314895e+03
3.540000e-06	2.142926e-09	9.080583e-09	1.236289e+01	1.315861e+03
3.550000e-06	2.144909e-09	9.086410e-09	1.237433e+01	1.316771e+03
3.560000e-06	2.146744e-09	9.092417e-09	1.238491e+01	1.317621e+03
3.570000e-06	2.148467e-09	9.098298e-09	1.239486e+01	1.318409e+03
3.580000e-06	2.150104e-09	9.103548e-09	1.240431e+01	1.319132e+03
3.590000e-06	2.151652e-09	9.108549e-09	1.241325e+01	1.319787e+03
3.600000e-06	2.153079e-09	9.113506e-09	1.242150e+01	1.320373e+03
3.610000e-06	2.154339e-09	9.117843e-09	1.242880e+01	1.320888e+03
3.620000e-06	2.155386e-09	9.121048e-09	1.243490e+01	1.321331e+03
3.630000e-06	2.156178e-09	9.123235e-09	1.243950e+01	1.321703e+03
3.640000e-06	2.156716e-09	9.123682e-09	1.244261e+01	1.322003e+03
3.650000e-06	2.157048e-09	9.122361e-09	1.244452e+01	1.322234e+03
3.660000e-06	2.157220e-09	9.125022e-09	1.244552e+01	1.322396e+03
3.670000e-06	2.157282e-09	9.132604e-09	1.244587e+01	1.322493e+03
3.680000e-06	2.157254e-09	9.144947e-09	1.244573e+01	1.322526e+03
3.690000e-06	2.157084e-09	9.153776e-09	1.244477e+01	1.322498e+03
3.700000e-06	2.156711e-09	9.131458e-09	1.244262e+01	1.322412e+03
3.710000e-06	2.156165e-09	9.105379e-09	1.243946e+01	1.322269e+03
3.720000e-06	2.155510e-09	9.120612e-09	1.243568e+01	1.322073e+03
3.730000e-06	2.154750e-09	9.135562e-09	1.243132e+01	1.321823e+03
3.740000e-06	2.153830e-09	9.119497e-09	1.242603e+01	1.321521e+03
3.750000e-06	2.152718e-09	9.117064e-09	1.241963e+01	1.321168e+03
3.760000e-06	2.151455e-09	9.134555e-09	1.241235e+01	1.320764e+03
3.770000e-06	2.150089e-09	9.132659e-09	1.240449e+01	1.320309e+03
3.780000e-06	2.148639e-09	9.119190e-09	1.239614e+01	1.319801e+03
3.790000e-06	2.147101e-09	9.114610e-09	1.238728e+01	1.319241e+03
3.800000e-06	2.145430e-09	9.111144e-09	1.237767e+01	1.318629e+03
3.810000e-06	2.143578e-09	9.103194e-09	1.236701e+01	1.317963e+03
3.820000e-06	2.141562e-09	9.096799e-09	1.235540e+01	1.317244e+03
3.830000e-06	2.139398e-09	9.095483e-09	1.234293e+01	1.316470e+03
3.840000e-06	2.137021e-09	9.096144e-09	1.232925e+01	1.315644e+03
3.850000e-06	2.134362e-09	9.094381e-09	1.231396e+01	1.314763e+03
3.860000e-06	2.131451e-09	9.087372e-09	1.229721e+01	1.313830e+03
3.870000e-06	2.128386e-09	9.073824e-09	1.227956e+01	1.312843e+03
3.880000e-06	2.125236e-09	9.059456e-09	1.226141e+01	1.311805e+03
3.890000e-06	2.121990e-09	9.055077e-09	1.224273e+01	1.310714e+03
3.900000e-06	2.118600e-09	9.057655e-09	1.222322e+01	1.309571e+03
3.910000e-06	2.115033e-09	9.053577e-09	1.220267e+01	1.308376e+03
3.920000e-06	2.111305e-09	9.041644e-09	1.218118e+01	1.307129e+03
3.930000e-06	2.107458e-09	9.031600e-09	1.215900e+01	1.305829e+03
3.940000e-06	2.103490e-09	9.024463e-09	1.213613e+01	1.304476e+03
3.950000e-06	2.099365e-09	9.015175e-09	1.211237e+01	1.303069e+03
3.960000e-06	2.095068e-09	9.003828e-09	1.208762e+01	1.301608e+03
3.970000e-06	2.090626e-09	8.994861e-09	1.206205e+01	1.300090e+03
3.980000e-06	2.086064e-09	8.989650e-09	1.203576e+01	1.298517e+03
3.990000e-06	2.081347e-09	8.983787e-09	1.200859e+01	1.296886e+03
4.000000e-06	2.076453e-09	8.972039e-09	1.198037e+01	1.295197e+03
4.010000e-06	2.071391e-09	8.956191e-09	1.195117e+01	1.293450e+03
4.020000e-06	2.066144e-09	8.941564e-09	1.192094e+01	1.291644e+03
4.030000e-06	2.060669e-09	8.929017e-09	1.188939e+01	1.289779e+03
4.040000e-06	2.054923e-09	8.916510e-09	1.185628e+01	1.287856e+03
4.050000e-06	2.048921e-09	8.904815e-09	1.182167e+01	1.285874e+03
4.060000e-06	2.042735e-09	8.895685e-09	1.178600e+01	1.283832e+03
4.070000e-06	2.036431e-09	8.886905e-09	1.174964e+01	1.281732e+03
4.080000e-06	2.030042e-09	8.873601e-09	1.171278e+01	1.279572e+03
4.090000e-06	2.023555e-09	8.854384e-09	1.167536e+01	1.277353e+03
4.100000e-06	2.016943e-09	8.834910e-09	1.163723e+01	1.275074e+03
4.110000e-06	2.010183e-09	8.820645e-09	1.159825e+01	1.272735e+03
4.120000e-06	2.003264e-09	8.808931e-09	1.155835e+01	1.270336e+03
4.130000e-06	1.996204e-09	8.793791e-09	1.151763e+01	1.267875e+03
4.140000e-06	1.989024e-09	8.776034e-09	1.147622e+01	1.265353e+03
4.150000e-06	1.981721e-09	8.761195e-09	1.143412e+01	1.262769e+03
4.160000e-06	1.974273e-09	8.748188e-09	1.139120e+01	1.260123e+03
4.170000e-06	1.966663e-09	8.729893e-09	1.134732e+01	1.257414e+03
4.180000e-06	1.958901e-09	8.705855e-09	1.130255e+01	1.254642e+03
4.190000e-06	1.951031e-09	8.683666e-09	1.125715e+01	1.251808e+03
4.200000e-06	1.943088e-09	8.667540e-09	1.121135e+01	1.248911e+03
4.210000e-06	1.935081e-09	8.652389e-09	1.116518e+01	1.245953e+03
4.220000e-06	1.926983e-09	8.632383e-09	1.111848e+01	1.242933e+03
4.230000e-06	1.918748e-09	8.609493e-09	1.107100e+01	1.239853e+03
4.240000e-06	1.910328e-09	8.588422e-09	1.102248e+01	1.236713e+03
4.250000e-06	1.901674e-09	8.568500e-09	1.097263e+01	1.233513e+03
4.260000e-06	1.892758e-09	8.546369e-09	1.092126e+01	1.230254e+03
4.270000e-06	1.883617e-09	8.522527e-09	1.086857e+01	1.226936e+03
4.280000e-06	1.874317e-09	8.499454e-09	1.081494e+01	1.223560e+03
4.290000e-06	1.864898e-09	8.476533e-09	1.076061e+01	1.220124e+03
4.300000e-06	1.855377e-09	8.452349e-09	1.070571e+01	1.216630e+03
4.310000e-06	1.845770e-09	8.427932e-09	1.065033e+01	1.213075e+03
4.320000e-06	1.836076e-09	8.403609e-09	1.059443e+01	1.209461e+03
4.330000e-06	1.826266e-09	8.377301e-09	1.053788e+01	1.205785e+03
4.340000e-06	1.816313e-09	8.349724e-09	1.048049e+01	1.202048e+03
4.350000e-06	1.806215e-09	8.324142e-09	1.042226e+01	1.198247e+03
4.360000e-06	1.795985e-09	8.299963e-09	1.036327e+01	1.194383e+03
4.370000e-06	1.785641e-09	8.273337e-09	1.030363e+01	1.190453e+03
4.380000e-06	1.775181e-09	8.244071e-09	1.024332e+01	1.186458e+03
4.390000e-06	1.764592e-09	8.215803e-09	1.018225e+01	1.182395e+03
4.400000e-06	1.753857e-09	8.189203e-09	1.012032e+01	1.178264e+03
4.410000e-06	1.742976e-09	8.161321e-09	1.005756e+01	1.174065e+03
4.420000e-06	1.731985e-09	8.130975e-09	9.994170e+00	1.169795e+03
4.430000e-06	1.720912e-09	8.100526e-09	9.930301e+00	1.165453e+03
4.440000e-06	1.709771e-09	8.070933e-09	9.866047e+00	1.161040e+03
4.450000e-06	1.698559e-09	8.040355e-09	9.801394e+00	1.156553e+03
4.460000e-06	1.687258e-09	8.008615e-09	9.736217e+00	1.151991e+03
4.470000e-06	1.675843e-09	7.976460e-09	9.670372e+00	1.147353e+03
4.480000e-06	1.664269e-09	7.943276e-09	9.603591e+00	1.142638e+03
4.490000e-06	1.652509e-09	7.909695e-09	9.535719e+00	1.137845e+03
4.500000e-06	1.640547e-09	7.877494e-09	9.466698e+00	1.132973e+03
4.510000e-06	1.628384e-09	7.846235e-09	9.396559e+00	1.128020e+03
4.520000e-06	1.616043e-09	7.812776e-09	9.325415e+00	1.122986e+03
4.530000e-06	1.603552e-09	7.776389e-09	9.253405e+00	1.117871e+03
4.540000e-06	1.590941e-09	7.740147e-09	9.180689e+00	1.112673e+03
4.550000e-06	1.578235e-09	7.705297e-09	9.107400e+00	1.107394e+03
4.560000e-06	1.565448e-09	7.669600e-09	9.033650e+00	1.102034e+03
4.570000e-06	1.552586e-09	7.631581e-09	8.959459e+00	1.096593e+03
4.580000e-06	1.539635e-09	7.592500e-09	8.884744e+00	1.091073e+03
4.590000e-06	1.526568e-09	7.553598e-09	8.809342e+00	1.085473e+03
4.600000e-06	1.513376e-09	7.514435e-09	8.733221e+00	1.079797e+03
4.610000e-06	1.500067e-09	7.474531e-09	8.656431e+00	1.074045e+03
4.620000e-06	1.486656e-09	7.434321e-09	8.579073e+00	1.068219e+03
4.630000e-06	1.473154e-09	7.394002e-09	8.501187e+00	1.062321e+03
4.640000e-06	1.459564e-09	7.353018e-09	8.422785e+00	1.056351e+03
4.650000e-06	1.445877e-09	7.311179e-09	8.343842e+00	1.050312e+03
4.660000e-06	1.432078e-09	7.269043e-09	8.264250e+00	1.044203e+03
4.670000e-06	1.418156e-09	7.226205e-09	8.183929e+00	1.038026e+03
4.680000e-06	1.404120e-09	7.182208e-09	8.102946e+00	1.031781e+03
4.690000e-06	1.389984e-09	7.138153e-09	8.021378e+00	1.025467e+03
4.700000e-06	1.375756e-09	7.094344e-09	7.939299e+00	1.019083e+03
4.710000e-06	1.361466e-09	7.049760e-09	7.856868e+00	1.012628e+03
4.720000e-06	1.347129e-09	7.003981e-09	7.774170e+00	1.006100e+03
4.730000e-06	1.332751e-09	6.957479e-09	7.691238e+00	9.994956e+02
4.740000e-06	1.318327e-09	6.910747e-09	7.608035e+00	9.928120e+02
4.750000e-06	1.303837e-09	6.863651e-09	7.524417e+00	9.860452e+02
4.760000e-06	1.289251e-09	6.816357e-09	7.440252e+00	9.791909e+02
4.770000e-06	1.274544e-09	6.768584e-09	7.355397e+00	9.722443e+02
4.780000e-06	1.259697e-09	6.720033e-09	7.269755e+00	9.652005e+02
4.790000e-06	1.244709e-09	6.671032e-09	7.183319e+00	9.580542e+02
4.800000e-06	1.229567e-09	6.621317e-09	7.095975e+00	9.508003e+02
4.810000e-06	1.214260e-09	6.570919e-09	7.007646e+00	9.434337e+02
4.820000e-06	1.198793e-09	6.519899e-09	6.918393e+00	9.359496e+02
4.830000e-06	1.183188e-09	6.467884e-09	6.828358e+00	9.283434e+02
4.840000e-06	1.167469e-09	6.415151e-09	6.737675e+00	9.206113e+02
4.850000e-06	1.151658e-09	6.362003e-09	6.646464e+00	9.127500e+02
4.860000e-06	1.135786e-09	6.307366e-09	6.554902e+00	9.047569e+02
4.870000e-06	1.119870e-09	6.250696e-09	6.463091e+00	8.966301e+02
4.880000e-06	1.103918e-09	6.193309e-09	6.371082e+00	8.883687e+02
4.890000e-06	1.087934e-09	6.136003e-09	6.278907e+00	8.799722e+02
4.900000e-06	1.071908e-09	6.078234e-09	6.186496e+00	8.714412e+02
4.910000e-06	1.055833e-09	6.018988e-09	6.093788e+00	8.627768e+02
4.920000e-06	1.039698e-09	5.957710e-09	6.000725e+00	8.539806e+02
4.930000e-06	1.023496e-09	5.895188e-09	5.907269e+00	8.450549e+02
4.940000e-06	1.007216e-09	5.832536e-09	5.813355e+00	8.360023e+02
4.950000e-06	9.908510e-10	5.769554e-09	5.718931e+00	8.268255e+02
4.960000e-06	9.744090e-10	5.705505e-09	5.624062e+00	8.175275e+02
4.970000e-06	9.578863e-10	5.640165e-09	5.528754e+00	8.081114e+02
4.980000e-06	9.412886e-10	5.573733e-09	5.433024e+00	7.985802e+02
4.990000e-06	9.246274e-10	5.506623e-09	5.336915e+00	7.889367e+02
5.000000e-06	9.079051e-10	5.439117e-09	5.240447e+00	7.791836e+02
5.010000e-06	8.911299e-10	5.370818e-09	5.143676e+00	7.693234e+02
5.020000e-06	8.743062e-10	5.301120e-09	5.046628e+00	7.593579e+02
5.030000e-06	8.574258e-10	5.230337e-09	4.949247e+00	7.492889e+02
5.040000e-06	8.404905e-10	5.159182e-09	4.851530e+00	7.391174e+02
5.050000e-06	8.234936e-10	5.087565e-09	4.753467e+00	7.288436e+02
5.060000e-06	8.064271e-10	5.014973e-09	4.655018e+00	7.184674e+02
5.070000e-06	7.892932e-10	4.941344e-09	4.556167e+00	7.079874e+02
5.080000e-06	7.720963e-10	4.867171e-09	4.456935e+00	6.974017e+02
5.090000e-06	7.548402e-10	4.792535e-09	4.357364e+00	6.867070e+02
5.100000e-06	7.375173e-10	4.716866e-09	4.257413e+00	6.758991e+02
5.110000e-06	7.201336e-10	4.640179e-09	4.157116e+00	6.649728e+02
5.120000e-06	7.027090e-10	4.562878e-09	4.056593e+00	6.539218e+02
5.130000e-06	6.852498e-10	4.485275e-09	3.955873e+00	6.427391e+02
5.140000e-06	6.677623e-10	4.407098e-09	3.854987e+00	6.314168e+02
5.150000e-06	6.502533e-10	4.327608e-09	3.753989e+00	6.199466e+02
5.160000e-06	6.327233e-10	4.246449e-09	3.652884e+00	6.083202e+02
5.170000e-06	6.151780e-10	4.164470e-09	3.551690e+00	5.965294e+02
5.180000e-06	5.976196e-10	4.082889e-09	3.450406e+00	5.845667e+02
5.190000e-06	5.800465e-10	4.000981e-09	3.349031e+00	5.724255e+02
5.200000e-06	5.624574e-10	3.917201e-09	3.247568e+00	5.601007e+02
5.210000e-06	5.448519e-10	3.831311e-09	3.146011e+00	5.475886e+02
5.220000e-06	5.272271e-10	3.743667e-09	3.044347e+00	5.348874e+02
5.230000e-06	5.095744e-10	3.654628e-09	2.942521e+00	5.219973e+02
5.240000e-06	4.918911e-10	3.564360e-09	2.840515e+00	5.089203e+02
5.250000e-06	4.741754e-10	3.472735e-09	2.738313e+00	4.956597e+02
5.260000e-06	4.564254e-10	3.379835e-09	2.635916e+00	4.822207e+02
5.270000e-06	4.386416e-10	3.285800e-09	2.533338e+00	4.686090e+02
5.280000e-06	4.208254e-10	3.190139e-09	2.430559e+00	4.548308e+02
5.290000e-06	4.029788e-10	3.092506e-09	2.327568e+00	4.408919e+02
5.300000e-06	3.851008e-10	2.993457e-09	2.224390e+00	4.267974e+02
5.310000e-06	3.671931e-10	2.893315e-09	2.121057e+00	4.125511e+02
5.320000e-06	3.492476e-10	2.792267e-09	2.017507e+00	3.981548e+02
5.330000e-06	3.312675e-10	2.690892e-09	1.913738e+00	3.836080e+02
5.340000e-06	3.132587e-10	2.589015e-09	1.809797e+00	3.689079e+02
5.350000e-06	2.952209e-10	2.485955e-09	1.705701e+00	3.540495e+02
5.360000e-06	2.771603e-10	2.381949e-09	1.601487e+00	3.390254e+02
5.370000e-06	2.590749e-10	2.276812e-09	1.497115e+00	3.238265e+02
5.380000e-06	2.409621e-10	2.169991e-09	1.392564e+00	3.084426e+02
5.390000e-06	2.228196e-10	2.061916e-09	1.287845e+00	2.928631e+02
5.400000e-06	2.046483e-10	1.952789e-09	1.182982e+00	2.770777e+02
5.410000e-06	1.864582e-10	1.842244e-09	1.078008e+00	2.610774e+02
5.420000e-06	1.682548e-10	1.730529e-09	9.729621e-01	2.448549e+02
5.430000e-06	1.500375e-10	1.617672e-09	8.678471e-01	2.284060e+02
5.440000e-06	1.318131e-10	1.502844e-09	7.626767e-01	2.117295e+02
5.450000e-06	1.135909e-10	1.386078e-09	6.575082e-01	1.948278e+02
5.460000e-06	9.537321e-11	1.268089e-09	5.523763e-01	1.777070e+02
5.470000e-06	7.715699e-11	1.148741e-09	4.472787e-01	1.603767e+02
5.480000e-06	5.893339e-11	1.027298e-09	3.421659e-01	1.428498e+02
5.490000e-06	4.070263e-11	9.039494e-10	2.370120e-01	1.251419e+02
5.500000e-06	2.245986e-11	7.797082e-10	1.317721e-01	1.072706e+02
5.510000e-06	4.207728e-12	6.549551e-10	2.647003e-02	8.925439e+01
5.520000e-06	-1.403745e-11	5.294494e-10	-7.881480e-02	7.111253e+01
5.530000e-06	-3.228052e-11	4.029391e-10	-1.840805e-01	5.286372e+01
5.540000e-06	-5.053355e-11	2.755427e-10	-2.893737e-01	3.452563e+01
5.550000e-06	-6.878940e-11	1.474483e-10	-3.946858e-01	1.611444e+01
5.560000e-06	-8.703675e-11	1.866559e-11	-4.999769e-01	-2.355473e+00
5.570000e-06	-1.052680e-10	-1.107980e-10	-6.051858e-01	-2.087159e+01
5.580000e-06	-1.234820e-10	-2.407606e-10	-7.103000e-01	-3.942307e+01
5.590000e-06	-1.416830e-10	-3.709874e-10	-8.153438e-01	-5.800036e+01
5.600000e-06	-1.598748e-10	-5.011818e-10	-9.203336e-01	-7.659466e+01
5.610000e-06	-1.780514e-10	-6.310970e-10	-1.025227e+00	-9.519728e+01
5.620000e-06	-1.961997e-10	-7.610286e-10	-1.129960e+00	-1.137989e+02
5.630000e-06	-2.143297e-10	-8.911298e-10	-1.234605e+00	-1.323891e+02
5.640000e-06	-2.324502e-10	-1.020907e-09	-1.339179e+00	-1.509555e+02
5.650000e-06	-2.505492e-10	-1.149769e-09	-1.443618e+00	-1.694835e+02
5.660000e-06	-2.686175e-10	-1.277892e-09	-1.547890e+00	-1.879564e+02
5.670000e-06	-2.866606e-10	-1.405926e-09	-1.652003e+00	-2.063549e+02
5.680000e-06	-3.046766e-10	-1.533616e-09	-1.755929e+00	-2.246579e+02
5.690000e-06	-3.226593e-10	-1.660000e-09	-1.859667e+00	-2.428428e+02
5.700000e-06	-3.406095e-10	-1.784622e-09	-1.963234e+00	-2.608864e+02
5.710000e-06	-3.585248e-10	-1.908146e-09	-2.066617e+00	-2.787657e+02
5.720000e-06	-3.763979e-10	-2.031020e-09	-2.169775e+00	-2.964585e+02
5.730000e-06	-3.942281e-10	-2.152821e-09	-2.272680e+00	-3.139452e+02
5.740000e-06	-4.120215e-10	-2.272838e-09	-2.375359e+00	-3.312086e+02
5.750000e-06	-4.297791e-10	-2.390610e-09	-2.477813e+00	-3.482354e+02
5.760000e-06	-4.475053e-10	-2.506786e-09	-2.580076e+00	-3.650162e+02
5.770000e-06	-4.652009e-10	-2.621887e-09	-2.682157e+00	-3.815457e+02
5.780000e-06	-4.828654e-10	-2.735694e-09	-2.784056e+00	-3.978230e+02
5.790000e-06	-5.005083e-10	-2.847479e-09	-2.885830e+00	-4.138507e+02
5.800000e-06	-5.181326e-10	-2.956646e-09	-2.987488e+00	-4.296347e+02
5.810000e-06	-5.357353e-10	-3.064029e-09	-3.089021e+00	-4.451833e+02
5.820000e-06	-5.533222e-10	-3.170842e-09	-3.190462e+00	-4.605061e+02
5.830000e-06	-5.708977e-10	-3.277022e-09	-3.291833e+00	-4.756131e+02
5.840000e-06	-5.884587e-10	-3.381915e-09	-3.393121e+00	-4.905140e+02
5.850000e-06	-6.060028e-10	-3.485362e-09	-3.494318e+00	-5.052169e+02
5.860000e-06	-6.235305e-10	-3.587385e-09	-3.595423e+00	-5.197281e+02
5.870000e-06	-6.410381e-10	-3.688256e-09	-3.696411e+00	-5.340511e+02
5.880000e-06	-6.585243e-10	-3.787902e-09	-3.797282e+00	-5.481869e+02
5.890000e-06	-6.759885e-10	-3.885728e-09	-3.898037e+00	-5.621339e+02
5.900000e-06	-6.934216e-10	-3.981884e-09	-3.998633e+00	-5.758882e+02
5.910000e-06	-7.108137e-10	-4.077100e-09	-4.099007e+00	-5.894442e+02
5.920000e-06	-7.281575e-10	-4.171540e-09	-4.199089e+00	-6.027952e+02
5.930000e-06	-7.454448e-10	-4.264347e-09	-4.298854e+00	-6.159344e+02
5.940000e-06	-7.626713e-10	-4.354536e-09	-4.398287e+00	-6.288556e+02
5.950000e-06	-7.798259e-10	-4.442223e-09	-4.497287e+00	-6.415540e+02
5.960000e-06	-7.969005e-10	-4.527977e-09	-4.595801e+00	-6.540268e+02
5.970000e-06	-8.139013e-10	-4.612219e-09	-4.693888e+00	-6.662738e+02
5.980000e-06	-8.308415e-10	-4.695466e-09	-4.791620e+00	-6.782977e+02
5.990000e-06	-8.477347e-10	-4.777882e-09	-4.889069e+00	-6.901039e+02
6.000000e-06	-8.645734e-10	-4.859001e-09	-4.986210e+00	-7.017005e+02
6.010000e-06	-8.813568e-10	-4.938588e-09	-5.083047e+00	-7.130979e+02
6.020000e-06	-8.980925e-10	-5.017108e-09	-5.179624e+00	-7.243080e+02
6.030000e-06	-9.147835e-10	-5.094866e-09	-5.275941e+00	-7.353436e+02
6.040000e-06	-9.314231e-10	-5.171394e-09	-5.371944e+00	-7.462178e+02
6.050000e-06	-9.479939e-10	-5.246553e-09	-5.467560e+00	-7.569427e+02
6.060000e-06	-9.644814e-10	-5.321405e-09	-5.562720e+00	-7.675294e+02
6.070000e-06	-9.808842e-10	-5.395894e-09	-5.657399e+00	-7.779868e+02
6.080000e-06	-9.972049e-10	-5.468909e-09	-5.751588e+00	-7.883214e+02
6.090000e-06	-1.013430e-09	-5.540375e-09	-5.845222e+00	-7.985371e+02
6.100000e-06	-1.029569e-09	-5.610895e-09	-5.938350e+00	-8.086351e+02
6.110000e-06	-1.045649e-09	-5.681044e-09	-6.031111e+00	-8.186141e+02
6.120000e-06	-1.061682e-09	-5.750808e-09	-6.123600e+00	-8.284707e+02
6.130000e-06	-1.077676e-09	-5.819327e-09	-6.215851e+00	-8.381995e+02
6.140000e-06	-1.093632e-09	-5.886179e-09	-6.307896e+00	-8.477941e+02
6.150000e-06	-1.109556e-09	-5.952028e-09	-6.399769e+00	-8.572475e+02
6.160000e-06	-1.125440e-09	-6.017332e-09	-6.491438e+00	-8.665527e+02
6.170000e-06	-1.141275e-09	-6.081629e-09	-6.582825e+00	-8.757032e+02
6.180000e-06	-1.157044e-09	-6.144315e-09	-6.673826e+00	-8.846938e+02
6.190000e-06	-1.172724e-09	-6.205276e-09	-6.764318e+00	-8.935205e+02
6.200000e-06	-1.188297e-09	-6.264965e-09	-6.854192e+00	-9.021809e+02
6.210000e-06	-1.203737e-09	-6.323955e-09	-6.943332e+00	-9.106744e+02
6.220000e-06	-1.219023e-09	-6.381833e-09	-7.031595e+00	-9.190023e+02
6.230000e-06	-1.234143e-09	-6.438245e-09	-7.118882e+00	-9.271673e+02
6.240000e-06	-1.249099e-09	-6.493491e-09	-7.205186e+00	-9.351733e+02
6.250000e-06	-1.263896e-09	-6.547987e-09	-7.290575e+00	-9.430257e+02
6.260000e-06	-1.278552e-09	-6.601881e-09	-7.375154e+00	-9.507304e+02
6.270000e-06	-1.293091e-09	-6.654562e-09	-7.459029e+00	-9.582940e+02
6.280000e-06	-1.307544e-09	-6.705752e-09	-7.542391e+00	-9.657233e+02
6.290000e-06	-1.321942e-09	-6.756084e-09	-7.625442e+00	-9.730251e+02
6.300000e-06	-1.336300e-09	-6.806126e-09	-7.708271e+00	-9.802060e+02
6.310000e-06	-1.350622e-09	-6.855879e-09	-7.790900e+00	-9.872724e+02
6.320000e-06	-1.364894e-09	-6.904702e-09	-7.873265e+00	-9.942305e+02
6.330000e-06	-1.379096e-09	-6.951817e-09	-7.955250e+00	-1.001086e+03
6.340000e-06	-1.393209e-09	-6.997776e-09	-8.036699e+00	-1.007843e+03
6.350000e-06	-1.407209e-09	-7.044068e-09	-8.117479e+00	-1.014508e+03
6.360000e-06	-1.421092e-09	-7.090771e-09	-8.197592e+00	-1.021085e+03
6.370000e-06	-1.434861e-09	-7.136652e-09	-8.277050e+00	-1.027577e+03
6.380000e-06	-1.448519e-09	-7.181225e-09	-8.355851e+00	-1.033989e+03
6.390000e-06	-1.462082e-09	-7.224761e-09	-8.434098e+00	-1.040324e+03
6.400000e-06	-1.475551e-09	-7.268005e-09	-8.511831e+00	-1.046584e+03
6.410000e-06	-1.488914e-09	-7.311214e-09	-8.588969e+00	-1.052772e+03
6.420000e-06	-1.502164e-09	-7.353763e-09	-8.665434e+00	-1.058889e+03
6.430000e-06	-1.515289e-09	-7.395787e-09	-8.741193e+00	-1.064938e+03
6.440000e-06	-1.528297e-09	-7.437864e-09	-8.816269e+00	-1.070917e+03
6.450000e-06	-1.541203e-09	-7.479969e-09	-8.890727e+00	-1.076828e+03
6.460000e-06	-1.554027e-09	-7.521965e-09	-8.964694e+00	-1.082670e+03
6.470000e-06	-1.566791e-09	-7.563442e-09	-9.038317e+00	-1.088441e+03
6.480000e-06	-1.579492e-09	-7.603577e-09	-9.111603e+00	-1.094140e+03
6.490000e-06	-1.592106e-09	-7.642478e-09	-9.184387e+00	-1.099765e+03
6.500000e-06	-1.604600e-09	-7.681106e-09	-9.256489e+00	-1.105314e+03
6.510000e-06	-1.616942e-09	-7.719569e-09	-9.327742e+00	-1.110785e+03
6.520000e-06	-1.629102e-09	-7.757321e-09	-9.397944e+00	-1.116176e+03
6.530000e-06	-1.641057e-09	-7.794493e-09	-9.466974e+00	-1.121484e+03
6.540000e-06	-1.652809e-09	-7.831154e-09	-9.534821e+00	-1.126707e+03
6.550000e-06	-1.664369e-09	-7.866714e-09	-9.601533e+00	-1.131845e+03
6.560000e-06	-1.675766e-09	-7.901220e-09	-9.667300e+00	-1.136896e+03
6.570000e-06	-1.687050e-09	-7.935012e-09	-9.732403e+00	-1.141858e+03
6.580000e-06	-1.698259e-09	-7.968288e-09	-9.797056e+00	-1.146732e+03
6.590000e-06	-1.709412e-09	-8.001258e-09	-9.861378e+00	-1.151515e+03
6.600000e-06	-1.720503e-09	-8.033924e-09	-9.925364e+00	-1.156208e+03
6.610000e-06	-1.731508e-09	-8.066277e-09	-9.988877e+00	-1.160810e+03
6.620000e-06	-1.742395e-09	-8.097943e-09	-1.005172e+01	-1.165320e+03
6.630000e-06	-1.753150e-09	-8.128516e-09	-1.011380e+01	-1.169738e+03
6.640000e-06	-1.763764e-09	-8.158149e-09	-1.017505e+01	-1.174063e+03
6.650000e-06	-1.774240e-09	-8.187160e-09	-1.023550e+01	-1.178294e+03
6.660000e-06	-1.784594e-09	-8.215701e-09	-1.029524e+01	-1.182432e+03
6.670000e-06	-1.794822e-09	-8.243733e-09	-1.035427e+01	-1.186477e+03
6.680000e-06	-1.804915e-09	-8.271209e-09	-1.041252e+01	-1.190428e+03
6.690000e-06	-1.814865e-09	-8.298097e-09	-1.046993e+01	-1.194286e+03
6.700000e-06	-1.824674e-09	-8.324462e-09	-1.052653e+01	-1.198054e+03
6.710000e-06	-1.834371e-09	-8.350232e-09	-1.058246e+01	-1.201732e+03
6.720000e-06	-1.843985e-09	-8.374919e-09	-1.063792e+01	-1.205323e+03
6.730000e-06	-1.853532e-09	-8.398599e-09	-1.069300e+01	-1.208830e+03
6.740000e-06	-1.863003e-09	-8.422457e-09	-1.074764e+01	-1.212258e+03
6.750000e-06	-1.872361e-09	-8.446735e-09	-1.080165e+01	-1.215610e+03
6.760000e-06	-1.881563e-09	-8.470649e-09	-1.085477e+01	-1.218889e+03
6.770000e-06	-1.890573e-09	-8.493914e-09	-1.090677e+01	-1.222102e+03
6.780000e-06	-1.899355e-09	-8.516277e-09	-1.095745e+01	-1.225251e+03
6.790000e-06	-1.907898e-09	-8.537808e-09	-1.100678e+01	-1.228340e+03
6.800000e-06	-1.916232e-09	-8.559235e-09	-1.105489e+01	-1.231374e+03
6.810000e-06	-1.924400e-09	-8.580797e-09	-1.110203e+01	-1.234354e+03
6.820000e-06	-1.932451e-09	-8.602086e-09	-1.114849e+01	-1.237283e+03
6.830000e-06	-1.940425e-09	-8.623165e-09	-1.119450e+01	-1.240161e+03
6.840000e-06	-1.948325e-09	-8.644319e-09	-1.124008e+01	-1.242991e+03
6.850000e-06	-1.956131e-09	-8.665677e-09	-1.128514e+01	-1.245772e+03
6.860000e-06	-1.963806e-09	-8.686899e-09	-1.132945e+01	-1.248505e+03
6.870000e-06	-1.971330e-09	-8.707024e-09	-1.137290e+01	-1.251188e+03
6.880000e-06	-1.978712e-09	-8.726114e-09	-1.141551e+01	-1.253821e+03
6.890000e-06	-1.985967e-09	-8.745317e-09	-1.145738e+01	-1.256404e+03
6.900000e-06	-1.993105e-09	-8.765042e-09	-1.149857e+01	-1.258937e+03
6.910000e-06	-2.000115e-09	-8.784383e-09	-1.153904e+01	-1.261419e+03
6.920000e-06	-2.006980e-09	-8.802508e-09	-1.157865e+01	-1.263851e+03
6.930000e-06	-2.013692e-09	-8.819909e-09	-1.161739e+01	-1.266234e+03
6.940000e-06	-2.020263e-09	-8.837290e-09	-1.165531e+01	-1.268568e+03
6.950000e-06	-2.026721e-09	-8.854661e-09	-1.169257e+01	-1.270855e+03
6.960000e-06	-2.033090e-09	-8.871619e-09	-1.172932e+01	-1.273097e+03
6.970000e-06	-2.039365e-09	-8.887824e-09	-1.176552e+01	-1.275294e+03
6.980000e-06	-2.045497e-09	-8.903676e-09	-1.180092e+01	-1.277447e+03
6.990000e-06	-2.051427e-09	-8.919415e-09	-1.183518e+01	-1.279558e+03
7.000000e-06	-2.057108e-09	-8.934620e-09	-1.186798e+01	-1.281626e+03
7.010000e-06	-2.062531e-09	-8.949120e-09	-1.189928e+01	-1.283652e+03
7.020000e-06	-2.067724e-09	-8.963010e-09	-1.192926e+01	-1.285634e+03
7.030000e-06	-2.072732e-09	-8.976735e-09	-1.195815e+01	-1.287573e+03
7.040000e-06	-2.077594e-09	-8.990715e-09	-1.198622e+01	-1.289466e+03
7.050000e-06	-2.082328e-09	-9.004784e-09	-1.201356e+01	-1.291312e+03
7.060000e-06	-2.086920e-09	-9.018258e-09	-1.204010e+01	-1.293109e+03
7.070000e-06	-2.091357e-09	-9.030614e-09	-1.206572e+01	-1.294855e+03
7.080000e-06	-2.095633e-09	-9.042132e-09	-1.209042e+01	-1.296550e+03
7.090000e-06	-2.099757e-09	-9.053524e-09	-1.211424e+01	-1.298192e+03
7.100000e-06	-2.103750e-09	-9.065210e-09	-1.213729e+01	-1.299780e+03
7.110000e-06	-2.107613e-09	-9.076919e-09	-1.215961e+01	-1.301314e+03
7.120000e-06	-2.111324e-09	-9.088216e-09	-1.218105e+01	-1.302793e+03
7.130000e-06	-2.114864e-09	-9.099262e-09	-1.220151e+01	-1.304220e+03
7.140000e-06	-2.118257e-09	-9.110065e-09	-1.222112e+01	-1.305593e+03
7.150000e-06	-2.121535e-09	-9.120196e-09	-1.224004e+01	-1.306914e+03
7.160000e-06	-2.124724e-09	-9.129382e-09	-1.225844e+01	-1.308184e+03
7.170000e-06	-2.127829e-09	-9.137365e-09	-1.227636e+01	-1.309402e+03
7.180000e-06	-2.130816e-09	-9.144675e-09	-1.229361e+01	-1.310570e+03
7.190000e-06	-2.133629e-09	-9.152551e-09	-1.230987e+01	-1.311687e+03
7.200000e-06	-2.136219e-09	-9.160795e-09	-1.232487e+01	-1.312752e+03
7.210000e-06	-2.138563e-09	-9.168330e-09	-1.233844e+01	-1.313764e+03
7.220000e-06	-2.140663e-09	-9.174825e-09	-1.235060e+01	-1.314721e+03
7.230000e-06	-2.142547e-09	-9.180360e-09	-1.236150e+01	-1.315620e+03
7.240000e-06	-2.144268e-09	-9.185545e-09	-1.237145e+01	-1.316459e+03
7.250000e-06	-2.145877e-09	-9.190589e-09	-1.238076e+01	-1.317235e+03
7.260000e-06	-2.147403e-09	-9.194864e-09	-1.238960e+01	-1.317945e+03
7.270000e-06	-2.148828e-09	-9.198341e-09	-1.239785e+01	-1.318588e+03
7.280000e-06	-2.150116e-09	-9.201888e-09	-1.240532e+01	-1.319161e+03
7.290000e-06	-2.151246e-09	-9.205642e-09	-1.241187e+01	-1.319664e+03
7.300000e-06	-2.152219e-09	-9.208643e-09	-1.241750e+01	-1.320094e+03
7.310000e-06	-2.153052e-09	-9.210811e-09	-1.242233e+01	-1.320453e+03
7.320000e-06	-2.153750e-09	-9.213273e-09	-1.242639e+01	-1.320740e+03
7.330000e-06	-2.154260e-09	-9.217341e-09	-1.242940e+01	-1.320958e+03
7.340000e-06	-2.154548e-09	-9.217741e-09	-1.243109e+01	-1.321108e+03
7.350000e-06	-2.154686e-09	-9.208755e-09	-1.243187e+01	-1.321193e+03
