# Concentracion g/m^3_=_53300.0
# C_Vs_to_Am_M_A/Vsm_=_128687336408.14134
# pendiente_HvsI_1/m_=_3716.3
# ordenada_HvsI_A/m_=_1297.0
# frecuencia_Hz_=_136083.3972086742
# Promedio de 31 ciclos

Tiempo_(s)	Campo_(V.s)	Magnetizacion_(V.s)	Campo_(kA/m)	Magnetizacion_(A/m)
0.000000e+00	-4.895256e-09	-1.394697e-08	-2.731254e+01	-1.973026e+03
1.000000e-08	-4.895221e-09	-1.394546e-08	-2.731234e+01	-1.972949e+03
2.000000e-08	-4.894860e-09	-1.394362e-08	-2.731030e+01	-1.972802e+03
3.000000e-08	-4.894049e-09	-1.394195e-08	-2.730574e+01	-1.972591e+03
4.000000e-08	-4.892813e-09	-1.394002e-08	-2.729882e+01	-1.972320e+03
5.000000e-08	-4.891244e-09	-1.393851e-08	-2.729004e+01	-1.971992e+03
6.000000e-08	-4.889350e-09	-1.393774e-08	-2.727947e+01	-1.971609e+03
7.000000e-08	-4.887018e-09	-1.393348e-08	-2.726644e+01	-1.971173e+03
8.000000e-08	-4.884134e-09	-1.392124e-08	-2.725030e+01	-1.970685e+03
9.000000e-08	-4.880854e-09	-1.391144e-08	-2.723196e+01	-1.970143e+03
1.000000e-07	-4.877444e-09	-1.391865e-08	-2.721295e+01	-1.969546e+03
1.100000e-07	-4.873718e-09	-1.391499e-08	-2.719213e+01	-1.968893e+03
1.200000e-07	-4.869520e-09	-1.391011e-08	-2.716867e+01	-1.968181e+03
1.300000e-07	-4.865022e-09	-1.391548e-08	-2.714357e+01	-1.967408e+03
1.400000e-07	-4.860177e-09	-1.389611e-08	-2.711652e+01	-1.966572e+03
1.500000e-07	-4.854851e-09	-1.388382e-08	-2.708680e+01	-1.965671e+03
1.600000e-07	-4.849039e-09	-1.389319e-08	-2.705440e+01	-1.964705e+03
1.700000e-07	-4.842815e-09	-1.387778e-08	-2.701971e+01	-1.963673e+03
1.800000e-07	-4.836236e-09	-1.384787e-08	-2.698299e+01	-1.962574e+03
1.900000e-07	-4.829308e-09	-1.385015e-08	-2.694432e+01	-1.961410e+03
2.000000e-07	-4.822074e-09	-1.386251e-08	-2.690395e+01	-1.960181e+03
2.100000e-07	-4.814559e-09	-1.384671e-08	-2.686201e+01	-1.958887e+03
2.200000e-07	-4.806739e-09	-1.382227e-08	-2.681836e+01	-1.957530e+03
2.300000e-07	-4.798564e-09	-1.381566e-08	-2.677273e+01	-1.956111e+03
2.400000e-07	-4.790032e-09	-1.381399e-08	-2.672511e+01	-1.954630e+03
2.500000e-07	-4.781201e-09	-1.379665e-08	-2.667583e+01	-1.953087e+03
2.600000e-07	-4.772077e-09	-1.377348e-08	-2.662492e+01	-1.951483e+03
2.700000e-07	-4.762645e-09	-1.376663e-08	-2.657229e+01	-1.949817e+03
2.800000e-07	-4.752908e-09	-1.376729e-08	-2.651796e+01	-1.948089e+03
2.900000e-07	-4.742771e-09	-1.375326e-08	-2.646138e+01	-1.946298e+03
3.000000e-07	-4.732167e-09	-1.373047e-08	-2.640221e+01	-1.944444e+03
3.100000e-07	-4.721177e-09	-1.371390e-08	-2.634088e+01	-1.942526e+03
3.200000e-07	-4.709902e-09	-1.370081e-08	-2.627794e+01	-1.940544e+03
3.300000e-07	-4.698328e-09	-1.368379e-08	-2.621336e+01	-1.938498e+03
3.400000e-07	-4.686416e-09	-1.366883e-08	-2.614689e+01	-1.936386e+03
3.500000e-07	-4.674178e-09	-1.365891e-08	-2.607859e+01	-1.934210e+03
3.600000e-07	-4.661642e-09	-1.364350e-08	-2.600859e+01	-1.931970e+03
3.700000e-07	-4.648830e-09	-1.362213e-08	-2.593707e+01	-1.929665e+03
3.800000e-07	-4.635666e-09	-1.360713e-08	-2.586361e+01	-1.927296e+03
3.900000e-07	-4.622050e-09	-1.359223e-08	-2.578764e+01	-1.924862e+03
4.000000e-07	-4.608007e-09	-1.356533e-08	-2.570926e+01	-1.922363e+03
4.100000e-07	-4.593644e-09	-1.354105e-08	-2.562909e+01	-1.919799e+03
4.200000e-07	-4.579013e-09	-1.353223e-08	-2.554745e+01	-1.917168e+03
4.300000e-07	-4.564079e-09	-1.351967e-08	-2.546413e+01	-1.914470e+03
4.400000e-07	-4.548805e-09	-1.349301e-08	-2.537888e+01	-1.911703e+03
4.500000e-07	-4.533205e-09	-1.347030e-08	-2.529181e+01	-1.908866e+03
4.600000e-07	-4.517340e-09	-1.345418e-08	-2.520326e+01	-1.905957e+03
4.700000e-07	-4.501218e-09	-1.342983e-08	-2.511329e+01	-1.902976e+03
4.800000e-07	-4.484720e-09	-1.340260e-08	-2.502121e+01	-1.899922e+03
4.900000e-07	-4.467769e-09	-1.338367e-08	-2.492660e+01	-1.896793e+03
5.000000e-07	-4.450439e-09	-1.336369e-08	-2.482987e+01	-1.893591e+03
5.100000e-07	-4.432807e-09	-1.333737e-08	-2.473147e+01	-1.890314e+03
5.200000e-07	-4.414863e-09	-1.331462e-08	-2.463133e+01	-1.886962e+03
5.300000e-07	-4.396583e-09	-1.329411e-08	-2.452934e+01	-1.883536e+03
5.400000e-07	-4.377964e-09	-1.326553e-08	-2.442543e+01	-1.880036e+03
5.500000e-07	-4.359038e-09	-1.323520e-08	-2.431981e+01	-1.876461e+03
5.600000e-07	-4.339859e-09	-1.321091e-08	-2.421279e+01	-1.872811e+03
5.700000e-07	-4.320365e-09	-1.318571e-08	-2.410401e+01	-1.869086e+03
5.800000e-07	-4.300424e-09	-1.315701e-08	-2.399270e+01	-1.865284e+03
5.900000e-07	-4.280045e-09	-1.313089e-08	-2.387894e+01	-1.861403e+03
6.000000e-07	-4.259328e-09	-1.310396e-08	-2.376336e+01	-1.857442e+03
6.100000e-07	-4.238293e-09	-1.307153e-08	-2.364602e+01	-1.853398e+03
6.200000e-07	-4.216927e-09	-1.304020e-08	-2.352683e+01	-1.849268e+03
6.300000e-07	-4.195250e-09	-1.301194e-08	-2.340588e+01	-1.845051e+03
6.400000e-07	-4.173273e-09	-1.297999e-08	-2.328324e+01	-1.840744e+03
6.500000e-07	-4.151035e-09	-1.294641e-08	-2.315915e+01	-1.836345e+03
6.600000e-07	-4.128575e-09	-1.291591e-08	-2.303383e+01	-1.831854e+03
6.700000e-07	-4.105821e-09	-1.288430e-08	-2.290690e+01	-1.827271e+03
6.800000e-07	-4.082658e-09	-1.285009e-08	-2.277769e+01	-1.822595e+03
6.900000e-07	-4.059091e-09	-1.281689e-08	-2.264621e+01	-1.817828e+03
7.000000e-07	-4.035235e-09	-1.278197e-08	-2.251311e+01	-1.812971e+03
7.100000e-07	-4.011156e-09	-1.274399e-08	-2.237879e+01	-1.808026e+03
7.200000e-07	-3.986832e-09	-1.270867e-08	-2.224312e+01	-1.802995e+03
7.300000e-07	-3.962237e-09	-1.267528e-08	-2.210591e+01	-1.797881e+03
7.400000e-07	-3.937374e-09	-1.263851e-08	-2.196721e+01	-1.792683e+03
7.500000e-07	-3.912234e-09	-1.259971e-08	-2.182695e+01	-1.787404e+03
7.600000e-07	-3.886837e-09	-1.256161e-08	-2.168524e+01	-1.782044e+03
7.700000e-07	-3.861200e-09	-1.252241e-08	-2.154221e+01	-1.776601e+03
7.800000e-07	-3.835251e-09	-1.248225e-08	-2.139746e+01	-1.771075e+03
7.900000e-07	-3.808926e-09	-1.244257e-08	-2.125060e+01	-1.765462e+03
8.000000e-07	-3.782252e-09	-1.240199e-08	-2.110177e+01	-1.759761e+03
8.100000e-07	-3.755299e-09	-1.236064e-08	-2.095137e+01	-1.753967e+03
8.200000e-07	-3.728132e-09	-1.231980e-08	-2.079978e+01	-1.748078e+03
8.300000e-07	-3.700753e-09	-1.227750e-08	-2.064701e+01	-1.742090e+03
8.400000e-07	-3.673134e-09	-1.223263e-08	-2.049291e+01	-1.736001e+03
8.500000e-07	-3.645270e-09	-1.218730e-08	-2.033746e+01	-1.729806e+03
8.600000e-07	-3.617139e-09	-1.214274e-08	-2.018050e+01	-1.723506e+03
8.700000e-07	-3.588738e-09	-1.209787e-08	-2.002205e+01	-1.717097e+03
8.800000e-07	-3.560104e-09	-1.205212e-08	-1.986229e+01	-1.710580e+03
8.900000e-07	-3.531263e-09	-1.200509e-08	-1.970138e+01	-1.703953e+03
9.000000e-07	-3.502158e-09	-1.195679e-08	-1.953903e+01	-1.697216e+03
9.100000e-07	-3.472691e-09	-1.190826e-08	-1.937464e+01	-1.690368e+03
9.200000e-07	-3.442836e-09	-1.185928e-08	-1.920806e+01	-1.683408e+03
9.300000e-07	-3.412666e-09	-1.180849e-08	-1.903974e+01	-1.676334e+03
9.400000e-07	-3.382252e-09	-1.175618e-08	-1.887007e+01	-1.669143e+03
9.500000e-07	-3.351607e-09	-1.170370e-08	-1.869909e+01	-1.661831e+03
9.600000e-07	-3.320726e-09	-1.165089e-08	-1.852680e+01	-1.654394e+03
9.700000e-07	-3.289594e-09	-1.159723e-08	-1.835313e+01	-1.646826e+03
9.800000e-07	-3.258186e-09	-1.154260e-08	-1.817791e+01	-1.639122e+03
9.900000e-07	-3.226472e-09	-1.148643e-08	-1.800099e+01	-1.631277e+03
1.000000e-06	-3.194438e-09	-1.142882e-08	-1.782225e+01	-1.623285e+03
1.010000e-06	-3.162124e-09	-1.137026e-08	-1.764197e+01	-1.615141e+03
1.020000e-06	-3.129598e-09	-1.131084e-08	-1.746051e+01	-1.606842e+03
1.030000e-06	-3.096877e-09	-1.125078e-08	-1.727798e+01	-1.598387e+03
1.040000e-06	-3.063968e-09	-1.119027e-08	-1.709438e+01	-1.589776e+03
1.050000e-06	-3.030855e-09	-1.112840e-08	-1.690961e+01	-1.581010e+03
1.060000e-06	-2.997531e-09	-1.106441e-08	-1.672368e+01	-1.572093e+03
1.070000e-06	-2.964039e-09	-1.099935e-08	-1.653683e+01	-1.563028e+03
1.080000e-06	-2.930404e-09	-1.093415e-08	-1.634919e+01	-1.553823e+03
1.090000e-06	-2.896614e-09	-1.086878e-08	-1.616068e+01	-1.544482e+03
1.100000e-06	-2.862647e-09	-1.080275e-08	-1.597118e+01	-1.535011e+03
1.110000e-06	-2.828487e-09	-1.073545e-08	-1.578060e+01	-1.525415e+03
1.120000e-06	-2.794136e-09	-1.066644e-08	-1.558895e+01	-1.515696e+03
1.130000e-06	-2.759606e-09	-1.059625e-08	-1.539630e+01	-1.505855e+03
1.140000e-06	-2.724892e-09	-1.052548e-08	-1.520261e+01	-1.495892e+03
1.150000e-06	-2.689993e-09	-1.045429e-08	-1.500788e+01	-1.485801e+03
1.160000e-06	-2.654925e-09	-1.038284e-08	-1.481220e+01	-1.475577e+03
1.170000e-06	-2.619711e-09	-1.031087e-08	-1.461573e+01	-1.465211e+03
1.180000e-06	-2.584340e-09	-1.023737e-08	-1.441840e+01	-1.454693e+03
1.190000e-06	-2.548756e-09	-1.016235e-08	-1.421989e+01	-1.444013e+03
1.200000e-06	-2.512922e-09	-1.008603e-08	-1.401998e+01	-1.433158e+03
1.210000e-06	-2.476816e-09	-1.000823e-08	-1.381852e+01	-1.422118e+03
1.220000e-06	-2.440455e-09	-9.929180e-09	-1.361563e+01	-1.410884e+03
1.230000e-06	-2.403887e-09	-9.848141e-09	-1.341160e+01	-1.399446e+03
1.240000e-06	-2.367166e-09	-9.765074e-09	-1.320672e+01	-1.387799e+03
1.250000e-06	-2.330333e-09	-9.681297e-09	-1.300124e+01	-1.375939e+03
1.260000e-06	-2.293382e-09	-9.596628e-09	-1.279510e+01	-1.363865e+03
1.270000e-06	-2.256287e-09	-9.509914e-09	-1.258815e+01	-1.351576e+03
1.280000e-06	-2.219036e-09	-9.421108e-09	-1.238033e+01	-1.339073e+03
1.290000e-06	-2.181617e-09	-9.330727e-09	-1.217155e+01	-1.326361e+03
1.300000e-06	-2.144031e-09	-9.239218e-09	-1.196184e+01	-1.313439e+03
1.310000e-06	-2.106286e-09	-9.146612e-09	-1.175124e+01	-1.300312e+03
1.320000e-06	-2.068387e-09	-9.052507e-09	-1.153979e+01	-1.286978e+03
1.330000e-06	-2.030336e-09	-8.957210e-09	-1.132751e+01	-1.273435e+03
1.340000e-06	-1.992146e-09	-8.861019e-09	-1.111445e+01	-1.259681e+03
1.350000e-06	-1.953839e-09	-8.763818e-09	-1.090073e+01	-1.245708e+03
1.360000e-06	-1.915418e-09	-8.665011e-09	-1.068639e+01	-1.231506e+03
1.370000e-06	-1.876879e-09	-8.563833e-09	-1.047139e+01	-1.217066e+03
1.380000e-06	-1.838209e-09	-8.460720e-09	-1.025565e+01	-1.202373e+03
1.390000e-06	-1.799376e-09	-8.355525e-09	-1.003897e+01	-1.187413e+03
1.400000e-06	-1.760369e-09	-8.247385e-09	-9.821322e+00	-1.172172e+03
1.410000e-06	-1.721185e-09	-8.136941e-09	-9.602673e+00	-1.156636e+03
1.420000e-06	-1.681809e-09	-8.024420e-09	-9.382966e+00	-1.140792e+03
1.430000e-06	-1.642266e-09	-7.909203e-09	-9.162309e+00	-1.124627e+03
1.440000e-06	-1.602577e-09	-7.791974e-09	-8.940823e+00	-1.108132e+03
1.450000e-06	-1.562760e-09	-7.672968e-09	-8.718643e+00	-1.091298e+03
1.460000e-06	-1.522846e-09	-7.551301e-09	-8.495950e+00	-1.074119e+03
1.470000e-06	-1.482853e-09	-7.426785e-09	-8.272806e+00	-1.056591e+03
1.480000e-06	-1.442783e-09	-7.300072e-09	-8.049252e+00	-1.038708e+03
1.490000e-06	-1.402647e-09	-7.171129e-09	-7.825343e+00	-1.020468e+03
1.500000e-06	-1.362443e-09	-7.040119e-09	-7.601054e+00	-1.001865e+03
1.510000e-06	-1.322157e-09	-6.907507e-09	-7.376283e+00	-9.828941e+02
1.520000e-06	-1.281783e-09	-6.772429e-09	-7.151014e+00	-9.635475e+02
1.530000e-06	-1.241325e-09	-6.633965e-09	-6.925263e+00	-9.438156e+02
1.540000e-06	-1.200778e-09	-6.491928e-09	-6.699027e+00	-9.236862e+02
1.550000e-06	-1.160136e-09	-6.346134e-09	-6.472265e+00	-9.031448e+02
1.560000e-06	-1.119404e-09	-6.196280e-09	-6.244986e+00	-8.821743e+02
1.570000e-06	-1.078575e-09	-6.043133e-09	-6.017198e+00	-8.607560e+02
1.580000e-06	-1.037652e-09	-5.887907e-09	-5.788890e+00	-8.388698e+02
1.590000e-06	-9.966597e-10	-5.730413e-09	-5.560175e+00	-8.164949e+02
1.600000e-06	-9.556001e-10	-5.569438e-09	-5.331082e+00	-7.936103e+02
1.610000e-06	-9.144620e-10	-5.404272e-09	-5.101549e+00	-7.701955e+02
1.620000e-06	-8.732511e-10	-5.235087e-09	-4.871600e+00	-7.462309e+02
1.630000e-06	-8.319921e-10	-5.061467e-09	-4.641368e+00	-7.216980e+02
1.640000e-06	-7.906905e-10	-4.882845e-09	-4.410908e+00	-6.965792e+02
1.650000e-06	-7.493430e-10	-4.699226e-09	-4.180196e+00	-6.708581e+02
1.660000e-06	-7.079478e-10	-4.511197e-09	-3.949213e+00	-6.445187e+02
1.670000e-06	-6.665085e-10	-4.320010e-09	-3.717986e+00	-6.175449e+02
1.680000e-06	-6.250307e-10	-4.125183e-09	-3.486546e+00	-5.899203e+02
1.690000e-06	-5.835194e-10	-3.924926e-09	-3.254921e+00	-5.616274e+02
1.700000e-06	-5.419846e-10	-3.718759e-09	-3.023168e+00	-5.326474e+02
1.710000e-06	-5.004229e-10	-3.507678e-09	-2.791273e+00	-5.029601e+02
1.720000e-06	-4.588265e-10	-3.292487e-09	-2.559199e+00	-4.725440e+02
1.730000e-06	-4.171979e-10	-3.072571e-09	-2.326946e+00	-4.413772e+02
1.740000e-06	-3.755491e-10	-2.846407e-09	-2.094591e+00	-4.094384e+02
1.750000e-06	-3.338816e-10	-2.613586e-09	-1.862131e+00	-3.767081e+02
1.760000e-06	-2.922020e-10	-2.374950e-09	-1.629585e+00	-3.431706e+02
1.770000e-06	-2.505057e-10	-2.131137e-09	-1.396958e+00	-3.088162e+02
1.780000e-06	-2.087933e-10	-1.882757e-09	-1.164241e+00	-2.736431e+02
1.790000e-06	-1.670715e-10	-1.629039e-09	-9.314570e-01	-2.376594e+02
1.800000e-06	-1.253432e-10	-1.368741e-09	-6.986376e-01	-2.008858e+02
1.810000e-06	-8.362142e-11	-1.102499e-09	-4.658500e-01	-1.633565e+02
1.820000e-06	-4.189860e-11	-8.319680e-10	-2.330580e-01	-1.251207e+02
1.830000e-06	-1.688552e-13	-5.581656e-10	-2.315942e-04	-8.624309e+01
1.840000e-06	4.156573e-11	-2.804863e-10	2.326222e-01	-4.680399e+01
1.850000e-06	8.330633e-11	1.250259e-12	4.655023e-01	-6.898143e+00
1.860000e-06	1.250438e-10	2.859463e-10	6.983526e-01	3.336659e+01
1.870000e-06	1.667687e-10	5.726964e-10	9.311439e-01	7.387151e+01
1.880000e-06	2.084794e-10	8.600629e-10	1.163866e+00	1.144898e+02
1.890000e-06	2.501814e-10	1.146699e-09	1.396543e+00	1.550898e+02
1.900000e-06	2.918662e-10	1.432590e-09	1.629128e+00	1.955382e+02
1.910000e-06	3.335242e-10	1.716314e-09	1.861563e+00	2.357038e+02
1.920000e-06	3.751607e-10	1.995248e-09	2.093875e+00	2.754608e+02
1.930000e-06	4.167760e-10	2.269373e-09	2.326066e+00	3.146919e+02
1.940000e-06	4.583603e-10	2.539992e-09	2.558095e+00	3.532909e+02
1.950000e-06	4.999095e-10	2.806053e-09	2.789941e+00	3.911649e+02
1.960000e-06	5.414351e-10	3.064822e-09	3.021652e+00	4.282356e+02
1.970000e-06	5.829357e-10	3.316438e-09	3.253219e+00	4.644405e+02
1.980000e-06	6.244027e-10	3.562574e-09	3.484597e+00	4.997325e+02
1.990000e-06	6.658327e-10	3.803411e-09	3.715786e+00	5.340799e+02
2.000000e-06	7.072274e-10	4.038213e-09	3.946764e+00	5.674650e+02
2.010000e-06	7.485864e-10	4.265470e-09	4.177519e+00	5.998829e+02
2.020000e-06	7.898919e-10	4.484747e-09	4.407982e+00	6.313400e+02
2.030000e-06	8.311303e-10	4.697612e-09	4.638073e+00	6.618512e+02
2.040000e-06	8.723078e-10	4.904965e-09	4.867815e+00	6.914391e+02
2.050000e-06	9.134186e-10	5.106367e-09	5.097185e+00	7.201312e+02
2.060000e-06	9.544542e-10	5.301650e-09	5.326150e+00	7.479585e+02
2.070000e-06	9.954194e-10	5.491401e-09	5.554704e+00	7.749541e+02
2.080000e-06	1.036310e-09	5.676123e-09	5.782837e+00	8.011518e+02
2.090000e-06	1.077119e-09	5.855375e-09	6.010552e+00	8.265851e+02
2.100000e-06	1.117850e-09	6.028566e-09	6.237839e+00	8.512865e+02
2.110000e-06	1.158500e-09	6.195453e-09	6.464657e+00	8.752875e+02
2.120000e-06	1.199053e-09	6.356614e-09	6.690934e+00	8.986178e+02
2.130000e-06	1.239516e-09	6.513551e-09	6.916693e+00	9.213057e+02
2.140000e-06	1.279893e-09	6.667661e-09	7.141966e+00	9.433781e+02
2.150000e-06	1.320180e-09	6.819259e-09	7.366732e+00	9.648605e+02
2.160000e-06	1.360383e-09	6.966738e-09	7.591026e+00	9.857772e+02
2.170000e-06	1.400508e-09	7.109087e-09	7.814885e+00	1.006152e+03
2.180000e-06	1.440562e-09	7.247400e-09	8.038357e+00	1.026007e+03
2.190000e-06	1.480547e-09	7.382153e-09	8.261456e+00	1.045364e+03
2.200000e-06	1.520452e-09	7.513694e-09	8.484123e+00	1.064246e+03
2.210000e-06	1.560260e-09	7.642702e-09	8.706252e+00	1.082671e+03
2.220000e-06	1.599956e-09	7.769077e-09	8.927744e+00	1.100660e+03
2.230000e-06	1.639503e-09	7.893138e-09	9.148390e+00	1.118232e+03
2.240000e-06	1.678867e-09	8.015435e-09	9.368004e+00	1.135405e+03
2.250000e-06	1.718053e-09	8.135180e-09	9.586628e+00	1.152196e+03
2.260000e-06	1.757062e-09	8.251099e-09	9.804262e+00	1.168621e+03
2.270000e-06	1.795896e-09	8.363611e-09	1.002092e+01	1.184694e+03
2.280000e-06	1.834572e-09	8.473459e-09	1.023670e+01	1.200431e+03
2.290000e-06	1.873117e-09	8.580544e-09	1.045173e+01	1.215844e+03
2.300000e-06	1.911542e-09	8.685111e-09	1.066611e+01	1.230944e+03
2.310000e-06	1.949834e-09	8.787504e-09	1.087976e+01	1.245742e+03
2.320000e-06	1.987983e-09	8.887921e-09	1.109260e+01	1.260248e+03
2.330000e-06	2.025983e-09	8.986889e-09	1.130461e+01	1.274471e+03
2.340000e-06	2.063843e-09	9.084778e-09	1.151581e+01	1.288418e+03
2.350000e-06	2.101564e-09	9.181237e-09	1.172625e+01	1.302096e+03
2.360000e-06	2.139146e-09	9.275769e-09	1.193591e+01	1.315513e+03
2.370000e-06	2.176588e-09	9.368572e-09	1.214480e+01	1.328674e+03
2.380000e-06	2.213874e-09	9.460189e-09	1.235282e+01	1.341585e+03
2.390000e-06	2.251001e-09	9.550562e-09	1.255995e+01	1.354250e+03
2.400000e-06	2.287994e-09	9.639118e-09	1.276631e+01	1.366677e+03
2.410000e-06	2.324867e-09	9.725130e-09	1.297202e+01	1.378870e+03
2.420000e-06	2.361625e-09	9.808956e-09	1.317710e+01	1.390835e+03
2.430000e-06	2.398256e-09	9.891193e-09	1.338148e+01	1.402580e+03
2.440000e-06	2.434708e-09	9.971456e-09	1.358484e+01	1.414110e+03
2.450000e-06	2.470917e-09	1.005021e-08	1.378684e+01	1.425435e+03
2.460000e-06	2.506854e-09	1.012759e-08	1.398730e+01	1.436562e+03
2.470000e-06	2.542512e-09	1.020320e-08	1.418621e+01	1.447501e+03
2.480000e-06	2.577932e-09	1.027746e-08	1.438382e+01	1.458261e+03
2.490000e-06	2.613185e-09	1.035095e-08	1.458050e+01	1.468851e+03
2.500000e-06	2.648292e-09	1.042352e-08	1.477636e+01	1.479281e+03
2.510000e-06	2.683240e-09	1.049509e-08	1.497131e+01	1.489558e+03
2.520000e-06	2.718010e-09	1.056626e-08	1.516525e+01	1.499689e+03
2.530000e-06	2.752597e-09	1.063639e-08	1.535819e+01	1.509681e+03
2.540000e-06	2.787009e-09	1.070462e-08	1.555018e+01	1.519538e+03
2.550000e-06	2.821235e-09	1.077191e-08	1.574112e+01	1.529260e+03
2.560000e-06	2.855263e-09	1.083896e-08	1.593094e+01	1.538849e+03
2.570000e-06	2.889100e-09	1.090511e-08	1.611968e+01	1.548301e+03
2.580000e-06	2.922772e-09	1.097028e-08	1.630753e+01	1.557613e+03
2.590000e-06	2.956296e-09	1.103470e-08	1.649458e+01	1.566780e+03
2.600000e-06	2.989644e-09	1.109806e-08	1.668063e+01	1.575794e+03
2.610000e-06	3.022771e-09	1.116021e-08	1.686539e+01	1.584649e+03
2.620000e-06	3.055649e-09	1.122112e-08	1.704873e+01	1.593338e+03
2.630000e-06	3.088285e-09	1.128076e-08	1.723078e+01	1.601855e+03
2.640000e-06	3.120716e-09	1.133934e-08	1.741171e+01	1.610197e+03
2.650000e-06	3.152954e-09	1.139689e-08	1.759152e+01	1.618359e+03
2.660000e-06	3.184972e-09	1.145299e-08	1.777011e+01	1.626343e+03
2.670000e-06	3.216724e-09	1.150799e-08	1.794724e+01	1.634149e+03
2.680000e-06	3.248204e-09	1.156209e-08	1.812286e+01	1.641784e+03
2.690000e-06	3.279441e-09	1.161486e-08	1.829713e+01	1.649254e+03
2.700000e-06	3.310450e-09	1.166621e-08	1.847013e+01	1.656568e+03
2.710000e-06	3.341219e-09	1.171638e-08	1.864177e+01	1.663736e+03
2.720000e-06	3.371747e-09	1.176631e-08	1.881208e+01	1.670770e+03
2.730000e-06	3.402026e-09	1.181586e-08	1.898102e+01	1.677681e+03
2.740000e-06	3.432015e-09	1.186427e-08	1.914832e+01	1.684480e+03
2.750000e-06	3.461648e-09	1.191185e-08	1.931359e+01	1.691178e+03
2.760000e-06	3.490914e-09	1.195858e-08	1.947681e+01	1.697782e+03
2.770000e-06	3.519886e-09	1.200416e-08	1.963843e+01	1.704300e+03
2.780000e-06	3.548641e-09	1.204881e-08	1.979886e+01	1.710737e+03
2.790000e-06	3.577180e-09	1.209295e-08	1.995808e+01	1.717096e+03
2.800000e-06	3.605479e-09	1.213674e-08	2.011596e+01	1.723378e+03
2.810000e-06	3.633524e-09	1.218006e-08	2.027243e+01	1.729582e+03
2.820000e-06	3.661296e-09	1.222291e-08	2.042737e+01	1.735708e+03
2.830000e-06	3.688813e-09	1.226500e-08	2.058088e+01	1.741753e+03
2.840000e-06	3.716113e-09	1.230638e-08	2.073320e+01	1.747716e+03
2.850000e-06	3.743209e-09	1.234757e-08	2.088436e+01	1.753593e+03
2.860000e-06	3.770037e-09	1.238837e-08	2.103401e+01	1.759384e+03
2.870000e-06	3.796505e-09	1.242833e-08	2.118165e+01	1.765088e+03
2.880000e-06	3.822596e-09	1.246770e-08	2.132719e+01	1.770704e+03
2.890000e-06	3.848377e-09	1.250667e-08	2.147101e+01	1.776234e+03
2.900000e-06	3.873926e-09	1.254471e-08	2.161354e+01	1.781677e+03
2.910000e-06	3.899250e-09	1.258185e-08	2.175482e+01	1.787035e+03
2.920000e-06	3.924315e-09	1.261865e-08	2.189464e+01	1.792310e+03
2.930000e-06	3.949115e-09	1.265536e-08	2.203299e+01	1.797501e+03
2.940000e-06	3.973661e-09	1.269196e-08	2.216992e+01	1.802609e+03
2.950000e-06	3.997965e-09	1.272791e-08	2.230549e+01	1.807633e+03
2.960000e-06	4.022045e-09	1.276283e-08	2.243984e+01	1.812570e+03
2.970000e-06	4.045889e-09	1.279688e-08	2.257287e+01	1.817418e+03
2.980000e-06	4.069405e-09	1.283008e-08	2.270403e+01	1.822172e+03
2.990000e-06	4.092501e-09	1.286223e-08	2.283282e+01	1.826828e+03
3.000000e-06	4.115211e-09	1.289391e-08	2.295949e+01	1.831382e+03
3.010000e-06	4.137629e-09	1.292577e-08	2.308456e+01	1.835829e+03
3.020000e-06	4.159788e-09	1.295712e-08	2.320819e+01	1.840165e+03
3.030000e-06	4.181672e-09	1.298790e-08	2.333028e+01	1.844387e+03
3.040000e-06	4.203284e-09	1.301828e-08	2.345085e+01	1.848495e+03
3.050000e-06	4.224610e-09	1.304711e-08	2.356981e+01	1.852488e+03
3.060000e-06	4.245628e-09	1.307417e-08	2.368704e+01	1.856370e+03
3.070000e-06	4.266323e-09	1.309991e-08	2.380247e+01	1.860143e+03
3.080000e-06	4.286628e-09	1.312516e-08	2.391572e+01	1.863814e+03
3.090000e-06	4.306477e-09	1.315017e-08	2.402641e+01	1.867388e+03
3.100000e-06	4.325924e-09	1.317514e-08	2.413491e+01	1.870873e+03
3.110000e-06	4.345072e-09	1.319999e-08	2.424176e+01	1.874276e+03
3.120000e-06	4.363939e-09	1.322393e-08	2.434702e+01	1.877604e+03
3.130000e-06	4.382508e-09	1.324691e-08	2.445063e+01	1.880864e+03
3.140000e-06	4.400770e-09	1.326905e-08	2.455254e+01	1.884061e+03
3.150000e-06	4.418721e-09	1.329058e-08	2.465270e+01	1.887199e+03
3.160000e-06	4.436418e-09	1.331086e-08	2.475144e+01	1.890280e+03
3.170000e-06	4.453887e-09	1.332992e-08	2.484892e+01	1.893305e+03
3.180000e-06	4.471030e-09	1.334918e-08	2.494456e+01	1.896275e+03
3.190000e-06	4.487738e-09	1.336941e-08	2.503778e+01	1.899188e+03
3.200000e-06	4.504037e-09	1.338992e-08	2.512873e+01	1.902042e+03
3.210000e-06	4.520034e-09	1.340979e-08	2.521797e+01	1.904835e+03
3.220000e-06	4.535756e-09	1.342846e-08	2.530569e+01	1.907565e+03
3.230000e-06	4.551177e-09	1.344605e-08	2.539173e+01	1.910232e+03
3.240000e-06	4.566283e-09	1.346276e-08	2.547603e+01	1.912835e+03
3.250000e-06	4.581070e-09	1.347832e-08	2.555852e+01	1.915376e+03
3.260000e-06	4.595579e-09	1.349344e-08	2.563948e+01	1.917855e+03
3.270000e-06	4.609836e-09	1.350921e-08	2.571904e+01	1.920276e+03
3.280000e-06	4.623741e-09	1.352573e-08	2.579663e+01	1.922643e+03
3.290000e-06	4.637188e-09	1.354199e-08	2.587166e+01	1.924959e+03
3.300000e-06	4.650223e-09	1.355745e-08	2.594440e+01	1.927229e+03
3.310000e-06	4.662954e-09	1.357238e-08	2.601547e+01	1.929455e+03
3.320000e-06	4.675397e-09	1.358657e-08	2.608492e+01	1.931641e+03
3.330000e-06	4.687536e-09	1.359964e-08	2.615265e+01	1.933789e+03
3.340000e-06	4.699358e-09	1.361278e-08	2.621862e+01	1.935899e+03
3.350000e-06	4.710863e-09	1.362678e-08	2.628282e+01	1.937970e+03
3.360000e-06	4.722106e-09	1.364101e-08	2.634556e+01	1.940000e+03
3.370000e-06	4.733084e-09	1.365508e-08	2.640682e+01	1.941985e+03
3.380000e-06	4.743665e-09	1.366854e-08	2.646584e+01	1.943923e+03
3.390000e-06	4.753765e-09	1.368126e-08	2.652215e+01	1.945808e+03
3.400000e-06	4.763452e-09	1.369349e-08	2.657618e+01	1.947636e+03
3.410000e-06	4.772802e-09	1.370533e-08	2.662833e+01	1.949403e+03
3.420000e-06	4.781825e-09	1.371660e-08	2.667865e+01	1.951106e+03
3.430000e-06	4.790518e-09	1.372740e-08	2.672715e+01	1.952743e+03
3.440000e-06	4.798887e-09	1.373826e-08	2.677383e+01	1.954313e+03
3.450000e-06	4.806983e-09	1.374900e-08	2.681899e+01	1.955818e+03
3.460000e-06	4.814837e-09	1.375876e-08	2.686281e+01	1.957257e+03
3.470000e-06	4.822374e-09	1.376800e-08	2.690482e+01	1.958635e+03
3.480000e-06	4.829540e-09	1.377727e-08	2.694475e+01	1.959954e+03
3.490000e-06	4.836366e-09	1.378656e-08	2.698282e+01	1.961217e+03
3.500000e-06	4.842840e-09	1.379588e-08	2.701893e+01	1.962427e+03
3.510000e-06	4.848902e-09	1.380457e-08	2.705274e+01	1.963587e+03
3.520000e-06	4.854568e-09	1.381242e-08	2.708433e+01	1.964698e+03
3.530000e-06	4.859864e-09	1.381968e-08	2.711386e+01	1.965760e+03
3.540000e-06	4.864799e-09	1.382619e-08	2.714140e+01	1.966772e+03
3.550000e-06	4.869374e-09	1.383231e-08	2.716692e+01	1.967730e+03
3.560000e-06	4.873506e-09	1.383910e-08	2.718995e+01	1.968632e+03
3.570000e-06	4.877160e-09	1.384625e-08	2.721032e+01	1.969471e+03
3.580000e-06	4.880443e-09	1.385231e-08	2.722865e+01	1.970244e+03
3.590000e-06	4.883422e-09	1.385754e-08	2.724529e+01	1.970945e+03
3.600000e-06	4.886077e-09	1.386267e-08	2.726011e+01	1.971568e+03
3.610000e-06	4.888394e-09	1.386683e-08	2.727305e+01	1.972110e+03
3.620000e-06	4.890380e-09	1.386949e-08	2.728412e+01	1.972566e+03
3.630000e-06	4.892081e-09	1.387182e-08	2.729363e+01	1.972936e+03
3.640000e-06	4.893496e-09	1.387442e-08	2.730153e+01	1.973218e+03
3.650000e-06	4.894510e-09	1.387667e-08	2.730717e+01	1.973413e+03
3.660000e-06	4.895052e-09	1.387893e-08	2.731020e+01	1.973525e+03
3.670000e-06	4.895208e-09	1.388115e-08	2.731107e+01	1.973557e+03
3.680000e-06	4.895053e-09	1.388151e-08	2.731022e+01	1.973512e+03
3.690000e-06	4.894574e-09	1.388017e-08	2.730755e+01	1.973397e+03
3.700000e-06	4.893775e-09	1.387888e-08	2.730311e+01	1.973214e+03
3.710000e-06	4.892656e-09	1.387688e-08	2.729687e+01	1.972970e+03
3.720000e-06	4.891243e-09	1.387329e-08	2.728900e+01	1.972667e+03
3.730000e-06	4.889577e-09	1.387046e-08	2.727971e+01	1.972308e+03
3.740000e-06	4.887511e-09	1.387375e-08	2.726817e+01	1.971897e+03
3.750000e-06	4.884865e-09	1.387820e-08	2.725337e+01	1.971432e+03
3.760000e-06	4.881763e-09	1.387495e-08	2.723607e+01	1.970914e+03
3.770000e-06	4.878337e-09	1.386525e-08	2.721698e+01	1.970342e+03
3.780000e-06	4.874445e-09	1.385031e-08	2.719525e+01	1.969715e+03
3.790000e-06	4.870203e-09	1.383897e-08	2.717160e+01	1.969030e+03
3.800000e-06	4.865866e-09	1.384607e-08	2.714742e+01	1.968284e+03
3.810000e-06	4.861377e-09	1.385236e-08	2.712239e+01	1.967477e+03
3.820000e-06	4.856380e-09	1.383523e-08	2.709450e+01	1.966606e+03
3.830000e-06	4.850731e-09	1.382064e-08	2.706297e+01	1.965669e+03
3.840000e-06	4.844696e-09	1.383076e-08	2.702932e+01	1.964667e+03
3.850000e-06	4.838445e-09	1.384102e-08	2.699446e+01	1.963598e+03
3.860000e-06	4.831841e-09	1.381490e-08	2.695762e+01	1.962464e+03
3.870000e-06	4.824762e-09	1.378094e-08	2.691810e+01	1.961264e+03
3.880000e-06	4.817350e-09	1.378457e-08	2.687674e+01	1.959999e+03
3.890000e-06	4.809756e-09	1.380210e-08	2.683439e+01	1.958671e+03
3.900000e-06	4.801884e-09	1.378558e-08	2.679049e+01	1.957279e+03
3.910000e-06	4.793527e-09	1.375182e-08	2.674386e+01	1.955826e+03
3.920000e-06	4.784714e-09	1.375078e-08	2.669468e+01	1.954311e+03
3.930000e-06	4.775547e-09	1.376684e-08	2.664353e+01	1.952735e+03
3.940000e-06	4.766021e-09	1.374478e-08	2.659039e+01	1.951097e+03
3.950000e-06	4.756115e-09	1.370033e-08	2.653512e+01	1.949397e+03
3.960000e-06	4.745943e-09	1.369480e-08	2.647835e+01	1.947635e+03
3.970000e-06	4.735563e-09	1.371307e-08	2.642044e+01	1.945809e+03
3.980000e-06	4.724863e-09	1.369744e-08	2.636074e+01	1.943920e+03
3.990000e-06	4.713778e-09	1.366094e-08	2.629890e+01	1.941967e+03
4.000000e-06	4.702401e-09	1.365504e-08	2.623545e+01	1.939950e+03
4.010000e-06	4.690704e-09	1.365969e-08	2.617019e+01	1.937867e+03
4.020000e-06	4.678525e-09	1.363205e-08	2.610219e+01	1.935721e+03
4.030000e-06	4.665886e-09	1.360009e-08	2.603164e+01	1.933509e+03
4.040000e-06	4.652960e-09	1.360093e-08	2.595951e+01	1.931234e+03
4.050000e-06	4.639791e-09	1.359681e-08	2.588605e+01	1.928893e+03
4.060000e-06	4.626272e-09	1.356219e-08	2.581063e+01	1.926489e+03
4.070000e-06	4.612371e-09	1.354183e-08	2.573308e+01	1.924019e+03
4.080000e-06	4.598169e-09	1.354667e-08	2.565387e+01	1.921485e+03
4.090000e-06	4.583694e-09	1.352332e-08	2.557311e+01	1.918884e+03
4.100000e-06	4.568870e-09	1.347831e-08	2.549038e+01	1.916216e+03
4.110000e-06	4.553637e-09	1.346872e-08	2.540537e+01	1.913480e+03
4.120000e-06	4.538008e-09	1.347323e-08	2.531814e+01	1.910675e+03
4.130000e-06	4.522046e-09	1.344003e-08	2.522907e+01	1.907799e+03
4.140000e-06	4.505795e-09	1.340406e-08	2.513841e+01	1.904851e+03
4.150000e-06	4.489275e-09	1.340157e-08	2.504626e+01	1.901830e+03
4.160000e-06	4.472457e-09	1.338634e-08	2.495241e+01	1.898735e+03
4.170000e-06	4.455308e-09	1.334349e-08	2.485672e+01	1.895566e+03
4.180000e-06	4.437868e-09	1.332280e-08	2.475943e+01	1.892322e+03
4.190000e-06	4.420192e-09	1.331693e-08	2.466084e+01	1.889004e+03
4.200000e-06	4.402217e-09	1.328364e-08	2.456054e+01	1.885612e+03
4.210000e-06	4.383878e-09	1.325012e-08	2.445819e+01	1.882145e+03
4.220000e-06	4.365214e-09	1.324237e-08	2.435401e+01	1.878604e+03
4.230000e-06	4.346285e-09	1.322106e-08	2.424837e+01	1.874988e+03
4.240000e-06	4.327027e-09	1.317740e-08	2.414086e+01	1.871298e+03
4.250000e-06	4.307391e-09	1.315188e-08	2.403127e+01	1.867530e+03
4.260000e-06	4.287421e-09	1.313680e-08	2.391986e+01	1.863685e+03
4.270000e-06	4.267139e-09	1.310464e-08	2.380670e+01	1.859761e+03
4.280000e-06	4.246544e-09	1.307449e-08	2.369180e+01	1.855754e+03
4.290000e-06	4.225614e-09	1.305578e-08	2.357503e+01	1.851663e+03
4.300000e-06	4.204272e-09	1.302466e-08	2.345594e+01	1.847486e+03
4.310000e-06	4.182471e-09	1.298785e-08	2.333428e+01	1.843219e+03
4.320000e-06	4.160294e-09	1.296345e-08	2.321053e+01	1.838862e+03
4.330000e-06	4.137841e-09	1.293465e-08	2.308524e+01	1.834413e+03
4.340000e-06	4.115116e-09	1.289465e-08	2.295844e+01	1.829872e+03
4.350000e-06	4.092108e-09	1.286408e-08	2.283007e+01	1.825237e+03
4.360000e-06	4.068813e-09	1.283873e-08	2.270010e+01	1.820511e+03
4.370000e-06	4.045230e-09	1.280347e-08	2.256851e+01	1.815695e+03
4.380000e-06	4.021411e-09	1.276752e-08	2.243561e+01	1.810789e+03
4.390000e-06	3.997389e-09	1.273447e-08	2.230160e+01	1.805797e+03
4.400000e-06	3.973090e-09	1.269540e-08	2.216605e+01	1.800720e+03
4.410000e-06	3.948402e-09	1.265792e-08	2.202830e+01	1.795560e+03
4.420000e-06	3.923307e-09	1.262678e-08	2.188826e+01	1.790318e+03
4.430000e-06	3.897893e-09	1.259026e-08	2.174644e+01	1.784994e+03
4.440000e-06	3.872247e-09	1.254973e-08	2.160335e+01	1.779589e+03
4.450000e-06	3.846351e-09	1.251387e-08	2.145887e+01	1.774100e+03
4.460000e-06	3.820172e-09	1.247620e-08	2.131282e+01	1.768527e+03
4.470000e-06	3.793715e-09	1.243385e-08	2.116522e+01	1.762866e+03
4.480000e-06	3.767007e-09	1.239330e-08	2.101619e+01	1.757114e+03
4.490000e-06	3.740061e-09	1.235193e-08	2.086585e+01	1.751269e+03
4.500000e-06	3.712909e-09	1.230835e-08	2.071436e+01	1.745326e+03
4.510000e-06	3.685535e-09	1.226768e-08	2.056164e+01	1.739282e+03
4.520000e-06	3.657851e-09	1.222727e-08	2.040718e+01	1.733136e+03
4.530000e-06	3.629795e-09	1.218266e-08	2.025063e+01	1.726883e+03
4.540000e-06	3.601392e-09	1.213744e-08	2.009214e+01	1.720524e+03
4.550000e-06	3.572732e-09	1.209252e-08	1.993224e+01	1.714056e+03
4.560000e-06	3.543857e-09	1.204641e-08	1.977116e+01	1.707478e+03
4.570000e-06	3.514753e-09	1.200091e-08	1.960879e+01	1.700791e+03
4.580000e-06	3.485410e-09	1.195514e-08	1.944510e+01	1.693994e+03
4.590000e-06	3.455831e-09	1.190625e-08	1.928009e+01	1.687084e+03
4.600000e-06	3.426014e-09	1.185663e-08	1.911376e+01	1.680062e+03
4.610000e-06	3.395939e-09	1.180723e-08	1.894597e+01	1.672924e+03
4.620000e-06	3.365600e-09	1.175516e-08	1.877672e+01	1.665667e+03
4.630000e-06	3.334997e-09	1.170059e-08	1.860603e+01	1.658287e+03
4.640000e-06	3.304101e-09	1.164692e-08	1.843369e+01	1.650779e+03
4.650000e-06	3.272877e-09	1.159451e-08	1.825949e+01	1.643137e+03
4.660000e-06	3.241320e-09	1.154186e-08	1.808340e+01	1.635357e+03
4.670000e-06	3.209498e-09	1.148836e-08	1.790584e+01	1.627431e+03
4.680000e-06	3.177497e-09	1.143299e-08	1.772732e+01	1.619356e+03
4.690000e-06	3.145319e-09	1.137513e-08	1.754781e+01	1.611128e+03
4.700000e-06	3.112923e-09	1.131557e-08	1.736708e+01	1.602744e+03
4.710000e-06	3.080290e-09	1.125522e-08	1.718503e+01	1.594203e+03
4.720000e-06	3.047421e-09	1.119402e-08	1.700164e+01	1.585506e+03
4.730000e-06	3.014327e-09	1.113164e-08	1.681703e+01	1.576657e+03
4.740000e-06	2.981034e-09	1.106877e-08	1.663130e+01	1.567658e+03
4.750000e-06	2.947580e-09	1.100579e-08	1.644466e+01	1.558516e+03
4.760000e-06	2.913993e-09	1.094099e-08	1.625730e+01	1.549235e+03
4.770000e-06	2.880259e-09	1.087419e-08	1.606912e+01	1.539823e+03
4.780000e-06	2.846319e-09	1.080696e-08	1.587979e+01	1.530283e+03
4.790000e-06	2.812097e-09	1.073928e-08	1.568887e+01	1.520619e+03
4.800000e-06	2.777558e-09	1.067013e-08	1.549615e+01	1.510833e+03
4.810000e-06	2.742741e-09	1.059959e-08	1.530186e+01	1.500925e+03
4.820000e-06	2.707718e-09	1.052803e-08	1.510644e+01	1.490892e+03
4.830000e-06	2.672548e-09	1.045589e-08	1.491022e+01	1.480729e+03
4.840000e-06	2.637242e-09	1.038334e-08	1.471325e+01	1.470429e+03
4.850000e-06	2.601771e-09	1.030951e-08	1.451537e+01	1.459981e+03
4.860000e-06	2.566104e-09	1.023372e-08	1.431638e+01	1.449375e+03
4.870000e-06	2.530248e-09	1.015646e-08	1.411632e+01	1.438601e+03
4.880000e-06	2.494214e-09	1.007863e-08	1.391528e+01	1.427646e+03
4.890000e-06	2.458007e-09	1.000061e-08	1.371328e+01	1.416500e+03
4.900000e-06	2.421635e-09	9.921883e-09	1.351037e+01	1.405155e+03
4.910000e-06	2.385113e-09	9.841576e-09	1.330661e+01	1.393603e+03
4.920000e-06	2.348465e-09	9.759068e-09	1.310215e+01	1.381840e+03
4.930000e-06	2.311701e-09	9.674600e-09	1.289708e+01	1.369862e+03
4.940000e-06	2.274824e-09	9.588688e-09	1.269139e+01	1.357670e+03
4.950000e-06	2.237805e-09	9.501716e-09	1.248489e+01	1.345264e+03
4.960000e-06	2.200591e-09	9.413572e-09	1.227727e+01	1.332646e+03
4.970000e-06	2.163136e-09	9.323752e-09	1.206828e+01	1.319818e+03
4.980000e-06	2.125428e-09	9.232098e-09	1.185785e+01	1.306784e+03
4.990000e-06	2.087484e-09	9.138526e-09	1.164610e+01	1.293543e+03
5.000000e-06	2.049348e-09	9.042782e-09	1.143330e+01	1.280095e+03
5.010000e-06	2.011070e-09	8.944572e-09	1.121975e+01	1.266437e+03
5.020000e-06	1.972689e-09	8.844925e-09	1.100564e+01	1.252563e+03
5.030000e-06	1.934224e-09	8.745121e-09	1.079107e+01	1.238466e+03
5.040000e-06	1.895666e-09	8.644547e-09	1.057599e+01	1.224135e+03
5.050000e-06	1.856995e-09	8.542178e-09	1.036027e+01	1.209557e+03
5.060000e-06	1.818195e-09	8.437951e-09	1.014382e+01	1.194720e+03
5.070000e-06	1.779253e-09	8.331726e-09	9.926562e+00	1.179608e+03
5.080000e-06	1.740176e-09	8.223475e-09	9.708563e+00	1.164206e+03
5.090000e-06	1.700978e-09	8.113815e-09	9.489881e+00	1.148503e+03
5.100000e-06	1.661662e-09	8.002334e-09	9.270531e+00	1.132484e+03
5.110000e-06	1.622226e-09	7.888015e-09	9.050516e+00	1.116139e+03
5.120000e-06	1.582678e-09	7.771145e-09	8.829875e+00	1.099459e+03
5.130000e-06	1.543025e-09	7.651564e-09	8.608663e+00	1.082436e+03
5.140000e-06	1.503273e-09	7.528280e-09	8.386883e+00	1.065067e+03
5.150000e-06	1.463431e-09	7.402541e-09	8.164598e+00	1.047344e+03
5.160000e-06	1.423510e-09	7.274837e-09	7.941884e+00	1.029266e+03
5.170000e-06	1.383528e-09	7.143953e-09	7.718844e+00	1.010828e+03
5.180000e-06	1.343490e-09	7.010862e-09	7.495491e+00	9.920235e+02
5.190000e-06	1.303383e-09	6.876565e-09	7.271763e+00	9.728475e+02
5.200000e-06	1.263196e-09	6.740119e-09	7.047604e+00	9.532908e+02
5.210000e-06	1.222913e-09	6.600722e-09	6.822872e+00	9.333424e+02
5.220000e-06	1.182518e-09	6.457819e-09	6.597470e+00	9.129888e+02
5.230000e-06	1.142002e-09	6.310792e-09	6.371401e+00	8.922141e+02
5.240000e-06	1.101357e-09	6.160595e-09	6.144630e+00	8.710003e+02
5.250000e-06	1.060571e-09	6.007429e-09	5.917040e+00	8.493278e+02
5.260000e-06	1.019644e-09	5.850625e-09	5.688629e+00	8.271760e+02
5.270000e-06	9.785948e-10	5.690376e-09	5.459554e+00	8.045239e+02
5.280000e-06	9.374470e-10	5.527209e-09	5.229962e+00	7.813508e+02
5.290000e-06	8.962129e-10	5.361776e-09	4.999897e+00	7.576367e+02
5.300000e-06	8.549028e-10	5.193192e-09	4.769426e+00	7.333624e+02
5.310000e-06	8.135310e-10	5.019884e-09	4.538618e+00	7.085102e+02
5.320000e-06	7.721083e-10	4.841824e-09	4.307519e+00	6.830629e+02
5.330000e-06	7.306442e-10	4.659380e-09	4.076188e+00	6.570045e+02
5.340000e-06	6.891418e-10	4.472349e-09	3.844642e+00	6.303190e+02
5.350000e-06	6.475974e-10	4.280840e-09	3.612875e+00	6.029902e+02
5.360000e-06	6.060086e-10	4.084722e-09	3.380869e+00	5.750012e+02
5.370000e-06	5.643789e-10	3.883243e-09	3.148632e+00	5.463337e+02
5.380000e-06	5.227153e-10	3.676271e-09	2.916201e+00	5.169682e+02
5.390000e-06	4.810182e-10	3.464525e-09	2.683587e+00	4.868836e+02
5.400000e-06	4.392875e-10	3.248905e-09	2.450786e+00	4.560583e+02
5.410000e-06	3.975306e-10	3.028948e-09	2.217824e+00	4.244705e+02
5.420000e-06	3.557500e-10	2.803189e-09	1.984714e+00	3.920996e+02
5.430000e-06	3.139514e-10	2.570578e-09	1.751514e+00	3.589282e+02
5.440000e-06	2.721419e-10	2.331046e-09	1.518276e+00	3.249434e+02
5.450000e-06	2.303211e-10	2.085735e-09	1.284965e+00	2.901397e+02
5.460000e-06	1.884853e-10	1.835776e-09	1.051551e+00	2.545205e+02
5.470000e-06	1.466404e-10	1.580973e-09	8.180762e-01	2.181005e+02
5.480000e-06	1.047957e-10	1.320835e-09	5.845989e-01	1.809078e+02
5.490000e-06	6.294064e-11	1.055498e-09	3.510819e-01	1.429846e+02
5.500000e-06	2.107079e-11	7.850695e-10	1.174849e-01	1.043886e+02
5.510000e-06	-2.080410e-11	5.102414e-10	-1.161603e-01	6.519323e+01
5.520000e-06	-6.268064e-11	2.318089e-10	-3.498028e-01	2.548669e+01
5.530000e-06	-1.045517e-10	-4.971479e-11	-5.834013e-01	-1.462881e+01
5.540000e-06	-1.464140e-10	-3.339185e-10	-8.169641e-01	-5.503918e+01
5.550000e-06	-1.882661e-10	-6.201359e-10	-1.050469e+00	-9.562094e+01
5.560000e-06	-2.301088e-10	-9.069830e-10	-1.283900e+00	-1.362442e+02
5.570000e-06	-2.719322e-10	-1.192892e-09	-1.517243e+00	-1.767761e+02
5.580000e-06	-3.137277e-10	-1.476700e-09	-1.750441e+00	-2.170839e+02
5.590000e-06	-3.554939e-10	-1.757888e-09	-1.983463e+00	-2.570393e+02
5.600000e-06	-3.972260e-10	-2.036313e-09	-2.216302e+00	-2.965205e+02
5.610000e-06	-4.389364e-10	-2.311286e-09	-2.448998e+00	-3.354163e+02
5.620000e-06	-4.806216e-10	-2.581869e-09	-2.681532e+00	-3.736273e+02
5.630000e-06	-5.222747e-10	-2.847080e-09	-2.913901e+00	-4.110687e+02
5.640000e-06	-5.638943e-10	-3.106066e-09	-3.146087e+00	-4.476708e+02
5.650000e-06	-6.054731e-10	-3.358575e-09	-3.378058e+00	-4.833794e+02
5.660000e-06	-6.470149e-10	-3.604658e-09	-3.609829e+00	-5.181561e+02
5.670000e-06	-6.885266e-10	-3.843711e-09	-3.841420e+00	-5.519770e+02
5.680000e-06	-7.299918e-10	-4.075621e-09	-4.072755e+00	-5.848316e+02
5.690000e-06	-7.714004e-10	-4.301263e-09	-4.303783e+00	-6.167213e+02
5.700000e-06	-8.127618e-10	-4.520990e-09	-4.534572e+00	-6.476575e+02
5.710000e-06	-8.540654e-10	-4.734515e-09	-4.765066e+00	-6.776595e+02
5.720000e-06	-8.952762e-10	-4.941902e-09	-4.995035e+00	-7.067528e+02
5.730000e-06	-9.363679e-10	-5.143056e-09	-5.224340e+00	-7.349670e+02
5.740000e-06	-9.773345e-10	-5.337531e-09	-5.452944e+00	-7.623345e+02
5.750000e-06	-1.018188e-09	-5.526185e-09	-5.680886e+00	-7.888887e+02
5.760000e-06	-1.058930e-09	-5.709528e-09	-5.908202e+00	-8.146635e+02
5.770000e-06	-1.099548e-09	-5.886699e-09	-6.134848e+00	-8.396919e+02
5.780000e-06	-1.140050e-09	-6.057845e-09	-6.360823e+00	-8.640058e+02
5.790000e-06	-1.180446e-09	-6.224576e-09	-6.586172e+00	-8.876358e+02
5.800000e-06	-1.220749e-09	-6.387962e-09	-6.811021e+00	-9.106107e+02
5.810000e-06	-1.260968e-09	-6.547649e-09	-7.035411e+00	-9.329582e+02
5.820000e-06	-1.301101e-09	-6.702766e-09	-7.259297e+00	-9.547043e+02
5.830000e-06	-1.341148e-09	-6.853246e-09	-7.482689e+00	-9.758738e+02
5.840000e-06	-1.381111e-09	-6.999262e-09	-7.705622e+00	-9.964907e+02
5.850000e-06	-1.420993e-09	-7.140960e-09	-7.928130e+00	-1.016578e+03
5.860000e-06	-1.460792e-09	-7.278952e-09	-8.150192e+00	-1.036158e+03
5.870000e-06	-1.500497e-09	-7.414012e-09	-8.371702e+00	-1.055252e+03
5.880000e-06	-1.540097e-09	-7.546854e-09	-8.592608e+00	-1.073880e+03
5.890000e-06	-1.579589e-09	-7.677549e-09	-8.812903e+00	-1.092064e+03
5.900000e-06	-1.618974e-09	-7.805411e-09	-9.032598e+00	-1.109823e+03
5.910000e-06	-1.658259e-09	-7.929857e-09	-9.251754e+00	-1.127174e+03
5.920000e-06	-1.697442e-09	-8.051040e-09	-9.470358e+00	-1.144135e+03
5.930000e-06	-1.736513e-09	-8.168901e-09	-9.688345e+00	-1.160724e+03
5.940000e-06	-1.775474e-09	-8.283266e-09	-9.905705e+00	-1.176954e+03
5.950000e-06	-1.814321e-09	-8.394630e-09	-1.012244e+01	-1.192842e+03
5.960000e-06	-1.853049e-09	-8.503851e-09	-1.033853e+01	-1.208400e+03
5.970000e-06	-1.891657e-09	-8.611451e-09	-1.055392e+01	-1.223640e+03
5.980000e-06	-1.930157e-09	-8.717047e-09	-1.076870e+01	-1.238573e+03
5.990000e-06	-1.968557e-09	-8.820703e-09	-1.098292e+01	-1.253210e+03
6.000000e-06	-2.006841e-09	-8.922925e-09	-1.119650e+01	-1.267560e+03
6.010000e-06	-2.044983e-09	-9.023415e-09	-1.140929e+01	-1.281630e+03
6.020000e-06	-2.082936e-09	-9.121846e-09	-1.162102e+01	-1.295429e+03
6.030000e-06	-2.120658e-09	-9.218406e-09	-1.183148e+01	-1.308964e+03
6.040000e-06	-2.158149e-09	-9.313419e-09	-1.204065e+01	-1.322240e+03
6.050000e-06	-2.195413e-09	-9.406945e-09	-1.224854e+01	-1.335263e+03
6.060000e-06	-2.232478e-09	-9.498173e-09	-1.245532e+01	-1.348038e+03
6.070000e-06	-2.269394e-09	-9.586702e-09	-1.266127e+01	-1.360572e+03
6.080000e-06	-2.306194e-09	-9.673257e-09	-1.286657e+01	-1.372870e+03
6.090000e-06	-2.342875e-09	-9.758100e-09	-1.307121e+01	-1.384937e+03
6.100000e-06	-2.379411e-09	-9.841570e-09	-1.327505e+01	-1.396781e+03
6.110000e-06	-2.415782e-09	-9.923908e-09	-1.347798e+01	-1.408407e+03
6.120000e-06	-2.451973e-09	-1.000442e-08	-1.367990e+01	-1.419824e+03
6.130000e-06	-2.487974e-09	-1.008326e-08	-1.388074e+01	-1.431039e+03
6.140000e-06	-2.523775e-09	-1.016136e-08	-1.408048e+01	-1.442062e+03
6.150000e-06	-2.559387e-09	-1.023886e-08	-1.427916e+01	-1.452902e+03
6.160000e-06	-2.594827e-09	-1.031538e-08	-1.447687e+01	-1.463568e+03
6.170000e-06	-2.630123e-09	-1.039076e-08	-1.467376e+01	-1.474069e+03
6.180000e-06	-2.665300e-09	-1.046518e-08	-1.487001e+01	-1.484414e+03
6.190000e-06	-2.700351e-09	-1.053859e-08	-1.506556e+01	-1.494610e+03
6.200000e-06	-2.735214e-09	-1.061101e-08	-1.526008e+01	-1.504665e+03
6.210000e-06	-2.769811e-09	-1.068253e-08	-1.545311e+01	-1.514582e+03
6.220000e-06	-2.804110e-09	-1.075243e-08	-1.564445e+01	-1.524365e+03
6.230000e-06	-2.838124e-09	-1.082071e-08	-1.583419e+01	-1.534015e+03
6.240000e-06	-2.871905e-09	-1.088835e-08	-1.602263e+01	-1.543529e+03
6.250000e-06	-2.905513e-09	-1.095526e-08	-1.621011e+01	-1.552905e+03
6.260000e-06	-2.938962e-09	-1.102041e-08	-1.639672e+01	-1.562138e+03
6.270000e-06	-2.972231e-09	-1.108438e-08	-1.658232e+01	-1.571222e+03
6.280000e-06	-3.005303e-09	-1.114745e-08	-1.676680e+01	-1.580149e+03
6.290000e-06	-3.038175e-09	-1.120896e-08	-1.695018e+01	-1.588914e+03
6.300000e-06	-3.070840e-09	-1.126932e-08	-1.713242e+01	-1.597510e+03
6.310000e-06	-3.103293e-09	-1.132886e-08	-1.731345e+01	-1.605931e+03
6.320000e-06	-3.135548e-09	-1.138687e-08	-1.749338e+01	-1.614174e+03
6.330000e-06	-3.167636e-09	-1.144329e-08	-1.767239e+01	-1.622238e+03
6.340000e-06	-3.199566e-09	-1.149907e-08	-1.785053e+01	-1.630124e+03
6.350000e-06	-3.231268e-09	-1.155374e-08	-1.802743e+01	-1.637836e+03
6.360000e-06	-3.262638e-09	-1.160661e-08	-1.820246e+01	-1.645380e+03
6.370000e-06	-3.293636e-09	-1.165837e-08	-1.837538e+01	-1.652763e+03
6.380000e-06	-3.324300e-09	-1.170957e-08	-1.854644e+01	-1.659996e+03
6.390000e-06	-3.354694e-09	-1.176033e-08	-1.871601e+01	-1.667089e+03
6.400000e-06	-3.384842e-09	-1.181026e-08	-1.888422e+01	-1.674054e+03
6.410000e-06	-3.414742e-09	-1.185847e-08	-1.905103e+01	-1.680903e+03
6.420000e-06	-3.444406e-09	-1.190546e-08	-1.921652e+01	-1.687645e+03
6.430000e-06	-3.473838e-09	-1.195253e-08	-1.938072e+01	-1.694291e+03
6.440000e-06	-3.503025e-09	-1.199947e-08	-1.954353e+01	-1.700847e+03
6.450000e-06	-3.531990e-09	-1.204550e-08	-1.970511e+01	-1.707320e+03
6.460000e-06	-3.560769e-09	-1.209078e-08	-1.986568e+01	-1.713714e+03
6.470000e-06	-3.589344e-09	-1.213550e-08	-2.002512e+01	-1.720031e+03
6.480000e-06	-3.617639e-09	-1.217959e-08	-2.018300e+01	-1.726270e+03
6.490000e-06	-3.645585e-09	-1.222336e-08	-2.033894e+01	-1.732432e+03
6.500000e-06	-3.673185e-09	-1.226675e-08	-2.049291e+01	-1.738514e+03
6.510000e-06	-3.700513e-09	-1.230950e-08	-2.064538e+01	-1.744514e+03
6.520000e-06	-3.727620e-09	-1.235200e-08	-2.079664e+01	-1.750430e+03
6.530000e-06	-3.754491e-09	-1.239404e-08	-2.094658e+01	-1.756260e+03
6.540000e-06	-3.781110e-09	-1.243502e-08	-2.109509e+01	-1.762003e+03
6.550000e-06	-3.807476e-09	-1.247545e-08	-2.124220e+01	-1.767659e+03
6.560000e-06	-3.833569e-09	-1.251527e-08	-2.138778e+01	-1.773228e+03
6.570000e-06	-3.859403e-09	-1.255407e-08	-2.153190e+01	-1.778710e+03
6.580000e-06	-3.885011e-09	-1.259231e-08	-2.167480e+01	-1.784106e+03
6.590000e-06	-3.910373e-09	-1.263052e-08	-2.181635e+01	-1.789418e+03
6.600000e-06	-3.935423e-09	-1.266840e-08	-2.195616e+01	-1.794647e+03
6.610000e-06	-3.960112e-09	-1.270512e-08	-2.209396e+01	-1.799793e+03
6.620000e-06	-3.984456e-09	-1.274063e-08	-2.222983e+01	-1.804855e+03
6.630000e-06	-4.008525e-09	-1.277544e-08	-2.236414e+01	-1.809831e+03
6.640000e-06	-4.032349e-09	-1.281006e-08	-2.249710e+01	-1.814720e+03
6.650000e-06	-4.055908e-09	-1.284410e-08	-2.262856e+01	-1.819517e+03
6.660000e-06	-4.079183e-09	-1.287661e-08	-2.275846e+01	-1.824218e+03
6.670000e-06	-4.102153e-09	-1.290831e-08	-2.288666e+01	-1.828818e+03
6.680000e-06	-4.124831e-09	-1.294031e-08	-2.301319e+01	-1.833314e+03
6.690000e-06	-4.147266e-09	-1.297192e-08	-2.313836e+01	-1.837700e+03
6.700000e-06	-4.169429e-09	-1.300245e-08	-2.326204e+01	-1.841974e+03
6.710000e-06	-4.191212e-09	-1.303163e-08	-2.338361e+01	-1.846134e+03
6.720000e-06	-4.212566e-09	-1.305896e-08	-2.350278e+01	-1.850179e+03
6.730000e-06	-4.233555e-09	-1.308526e-08	-2.361994e+01	-1.854111e+03
6.740000e-06	-4.254230e-09	-1.311209e-08	-2.373533e+01	-1.857932e+03
6.750000e-06	-4.274586e-09	-1.313871e-08	-2.384894e+01	-1.861649e+03
6.760000e-06	-4.294617e-09	-1.316402e-08	-2.396076e+01	-1.865265e+03
6.770000e-06	-4.314268e-09	-1.318918e-08	-2.407046e+01	-1.868790e+03
6.780000e-06	-4.333472e-09	-1.321457e-08	-2.417765e+01	-1.872229e+03
6.790000e-06	-4.352280e-09	-1.323895e-08	-2.428264e+01	-1.875590e+03
6.800000e-06	-4.370807e-09	-1.326210e-08	-2.438604e+01	-1.878880e+03
6.810000e-06	-4.389078e-09	-1.328460e-08	-2.448799e+01	-1.882105e+03
6.820000e-06	-4.407068e-09	-1.330681e-08	-2.458836e+01	-1.885269e+03
6.830000e-06	-4.424798e-09	-1.332903e-08	-2.468728e+01	-1.888376e+03
6.840000e-06	-4.442302e-09	-1.335161e-08	-2.478496e+01	-1.891427e+03
6.850000e-06	-4.459548e-09	-1.337415e-08	-2.488119e+01	-1.894422e+03
6.860000e-06	-4.476502e-09	-1.339560e-08	-2.497580e+01	-1.897360e+03
6.870000e-06	-4.493158e-09	-1.341638e-08	-2.506876e+01	-1.900241e+03
6.880000e-06	-4.509512e-09	-1.343728e-08	-2.516002e+01	-1.903061e+03
6.890000e-06	-4.525602e-09	-1.345809e-08	-2.524980e+01	-1.905820e+03
6.900000e-06	-4.541421e-09	-1.347830e-08	-2.533809e+01	-1.908516e+03
6.910000e-06	-4.556866e-09	-1.349755e-08	-2.542431e+01	-1.911148e+03
6.920000e-06	-4.571867e-09	-1.351633e-08	-2.550804e+01	-1.913717e+03
6.930000e-06	-4.586489e-09	-1.353563e-08	-2.558964e+01	-1.916223e+03
6.940000e-06	-4.600817e-09	-1.355462e-08	-2.566961e+01	-1.918671e+03
6.950000e-06	-4.614848e-09	-1.357239e-08	-2.574792e+01	-1.921061e+03
6.960000e-06	-4.628556e-09	-1.358961e-08	-2.582441e+01	-1.923400e+03
6.970000e-06	-4.641933e-09	-1.360683e-08	-2.589906e+01	-1.925690e+03
6.980000e-06	-4.655002e-09	-1.362369e-08	-2.597198e+01	-1.927936e+03
6.990000e-06	-4.667801e-09	-1.364012e-08	-2.604338e+01	-1.930140e+03
7.000000e-06	-4.680284e-09	-1.365628e-08	-2.611303e+01	-1.932305e+03
7.010000e-06	-4.692336e-09	-1.367207e-08	-2.618028e+01	-1.934432e+03
7.020000e-06	-4.703939e-09	-1.368765e-08	-2.624502e+01	-1.936521e+03
7.030000e-06	-4.715202e-09	-1.370283e-08	-2.630786e+01	-1.938569e+03
7.040000e-06	-4.726185e-09	-1.371753e-08	-2.636914e+01	-1.940575e+03
7.050000e-06	-4.736850e-09	-1.373202e-08	-2.642866e+01	-1.942535e+03
7.060000e-06	-4.747171e-09	-1.374626e-08	-2.648626e+01	-1.944444e+03
7.070000e-06	-4.757150e-09	-1.375991e-08	-2.654192e+01	-1.946298e+03
7.080000e-06	-4.766843e-09	-1.377261e-08	-2.659598e+01	-1.948093e+03
7.090000e-06	-4.776269e-09	-1.378470e-08	-2.664857e+01	-1.949825e+03
7.100000e-06	-4.785310e-09	-1.379625e-08	-2.669901e+01	-1.951492e+03
7.110000e-06	-4.793877e-09	-1.380703e-08	-2.674683e+01	-1.953093e+03
7.120000e-06	-4.802057e-09	-1.381784e-08	-2.679247e+01	-1.954627e+03
7.130000e-06	-4.809945e-09	-1.382910e-08	-2.683647e+01	-1.956096e+03
7.140000e-06	-4.817535e-09	-1.384023e-08	-2.687882e+01	-1.957501e+03
7.150000e-06	-4.824813e-09	-1.385087e-08	-2.691942e+01	-1.958846e+03
7.160000e-06	-4.831768e-09	-1.386085e-08	-2.695822e+01	-1.960134e+03
7.170000e-06	-4.838410e-09	-1.386975e-08	-2.699527e+01	-1.961368e+03
7.180000e-06	-4.844770e-09	-1.387780e-08	-2.703076e+01	-1.962550e+03
7.190000e-06	-4.850768e-09	-1.388575e-08	-2.706425e+01	-1.963683e+03
7.200000e-06	-4.856268e-09	-1.389314e-08	-2.709495e+01	-1.964767e+03
7.210000e-06	-4.861291e-09	-1.389969e-08	-2.712297e+01	-1.965802e+03
7.220000e-06	-4.865937e-09	-1.390644e-08	-2.714890e+01	-1.966785e+03
7.230000e-06	-4.870235e-09	-1.391307e-08	-2.717289e+01	-1.967712e+03
7.240000e-06	-4.874193e-09	-1.391922e-08	-2.719501e+01	-1.968581e+03
7.250000e-06	-4.877818e-09	-1.392530e-08	-2.721525e+01	-1.969385e+03
7.260000e-06	-4.881149e-09	-1.392992e-08	-2.723380e+01	-1.970119e+03
7.270000e-06	-4.884203e-09	-1.393325e-08	-2.725084e+01	-1.970777e+03
7.280000e-06	-4.886885e-09	-1.393684e-08	-2.726582e+01	-1.971356e+03
7.290000e-06	-4.889100e-09	-1.394009e-08	-2.727819e+01	-1.971851e+03
7.300000e-06	-4.890913e-09	-1.394287e-08	-2.728831e+01	-1.972260e+03
7.310000e-06	-4.892425e-09	-1.394577e-08	-2.729674e+01	-1.972582e+03
7.320000e-06	-4.893626e-09	-1.394776e-08	-2.730344e+01	-1.972816e+03
7.330000e-06	-4.894511e-09	-1.394813e-08	-2.730838e+01	-1.972966e+03
7.340000e-06	-4.895049e-09	-1.394769e-08	-2.731138e+01	-1.973033e+03
