# Concentracion g/m^3_=_53300.0
# C_Vs_to_Am_M_A/Vsm_=_128687336408.14134
# pendiente_HvsI_1/m_=_3716.3
# ordenada_HvsI_A/m_=_1297.0
# frecuencia_Hz_=_136006.85480563552
# Promedio de 29 ciclos

Tiempo_(s)	Campo_(V.s)	Magnetizacion_(V.s)	Campo_(kA/m)	Magnetizacion_(A/m)
0.000000e+00	-3.459984e-09	-1.254039e-08	-1.984367e+01	-1.607627e+03
1.000000e-08	-3.459952e-09	-1.253972e-08	-1.984349e+01	-1.607607e+03
2.000000e-08	-3.459746e-09	-1.253809e-08	-1.984230e+01	-1.607521e+03
3.000000e-08	-3.459291e-09	-1.253721e-08	-1.983969e+01	-1.607371e+03
4.000000e-08	-3.458462e-09	-1.253625e-08	-1.983494e+01	-1.607156e+03
5.000000e-08	-3.457189e-09	-1.253048e-08	-1.982764e+01	-1.606880e+03
6.000000e-08	-3.455587e-09	-1.252014e-08	-1.981845e+01	-1.606542e+03
7.000000e-08	-3.453831e-09	-1.251473e-08	-1.980838e+01	-1.606146e+03
8.000000e-08	-3.451949e-09	-1.252049e-08	-1.979758e+01	-1.605692e+03
9.000000e-08	-3.449893e-09	-1.252432e-08	-1.978580e+01	-1.605183e+03
1.000000e-07	-3.447640e-09	-1.251534e-08	-1.977287e+01	-1.604619e+03
1.100000e-07	-3.445139e-09	-1.250999e-08	-1.975853e+01	-1.604001e+03
1.200000e-07	-3.442381e-09	-1.251223e-08	-1.974271e+01	-1.603329e+03
1.300000e-07	-3.439365e-09	-1.250116e-08	-1.972541e+01	-1.602604e+03
1.400000e-07	-3.436034e-09	-1.248179e-08	-1.970631e+01	-1.601824e+03
1.500000e-07	-3.432327e-09	-1.247353e-08	-1.968505e+01	-1.600990e+03
1.600000e-07	-3.428267e-09	-1.247114e-08	-1.966177e+01	-1.600099e+03
1.700000e-07	-3.423987e-09	-1.246645e-08	-1.963722e+01	-1.599150e+03
1.800000e-07	-3.419607e-09	-1.246137e-08	-1.961210e+01	-1.598142e+03
1.900000e-07	-3.415037e-09	-1.245174e-08	-1.958589e+01	-1.597074e+03
2.000000e-07	-3.410083e-09	-1.243987e-08	-1.955747e+01	-1.595944e+03
2.100000e-07	-3.404737e-09	-1.243200e-08	-1.952681e+01	-1.594752e+03
2.200000e-07	-3.399128e-09	-1.241905e-08	-1.949465e+01	-1.593498e+03
2.300000e-07	-3.393318e-09	-1.239747e-08	-1.946132e+01	-1.592183e+03
2.400000e-07	-3.387205e-09	-1.238429e-08	-1.942627e+01	-1.590806e+03
2.500000e-07	-3.380725e-09	-1.238536e-08	-1.938910e+01	-1.589370e+03
2.600000e-07	-3.373963e-09	-1.238177e-08	-1.935032e+01	-1.587876e+03
2.700000e-07	-3.367021e-09	-1.236264e-08	-1.931050e+01	-1.586324e+03
2.800000e-07	-3.359857e-09	-1.234104e-08	-1.926942e+01	-1.584718e+03
2.900000e-07	-3.352405e-09	-1.232885e-08	-1.922668e+01	-1.583057e+03
3.000000e-07	-3.344689e-09	-1.231735e-08	-1.918243e+01	-1.581343e+03
3.100000e-07	-3.336782e-09	-1.229813e-08	-1.913708e+01	-1.579577e+03
3.200000e-07	-3.328723e-09	-1.227976e-08	-1.909086e+01	-1.577758e+03
3.300000e-07	-3.320473e-09	-1.227022e-08	-1.904354e+01	-1.575886e+03
3.400000e-07	-3.311995e-09	-1.226208e-08	-1.899492e+01	-1.573960e+03
3.500000e-07	-3.303274e-09	-1.224547e-08	-1.894491e+01	-1.571978e+03
3.600000e-07	-3.294287e-09	-1.222229e-08	-1.889337e+01	-1.569938e+03
3.700000e-07	-3.285038e-09	-1.220085e-08	-1.884032e+01	-1.567838e+03
3.800000e-07	-3.275576e-09	-1.218312e-08	-1.878605e+01	-1.565677e+03
3.900000e-07	-3.265948e-09	-1.216568e-08	-1.873083e+01	-1.563452e+03
4.000000e-07	-3.256151e-09	-1.214855e-08	-1.867464e+01	-1.561161e+03
4.100000e-07	-3.246141e-09	-1.213267e-08	-1.861724e+01	-1.558805e+03
4.200000e-07	-3.235849e-09	-1.211487e-08	-1.855821e+01	-1.556381e+03
4.300000e-07	-3.225200e-09	-1.209365e-08	-1.849714e+01	-1.553890e+03
4.400000e-07	-3.214210e-09	-1.207160e-08	-1.843410e+01	-1.551331e+03
4.500000e-07	-3.202972e-09	-1.204879e-08	-1.836966e+01	-1.548706e+03
4.600000e-07	-3.191549e-09	-1.202401e-08	-1.830414e+01	-1.546014e+03
4.700000e-07	-3.179923e-09	-1.200103e-08	-1.823746e+01	-1.543257e+03
4.800000e-07	-3.168081e-09	-1.198270e-08	-1.816955e+01	-1.540436e+03
4.900000e-07	-3.156032e-09	-1.196334e-08	-1.810044e+01	-1.537550e+03
5.000000e-07	-3.143769e-09	-1.193850e-08	-1.803011e+01	-1.534601e+03
5.100000e-07	-3.131271e-09	-1.191242e-08	-1.795844e+01	-1.531588e+03
5.200000e-07	-3.118568e-09	-1.188806e-08	-1.788558e+01	-1.528511e+03
5.300000e-07	-3.105711e-09	-1.186178e-08	-1.781184e+01	-1.525369e+03
5.400000e-07	-3.092693e-09	-1.183337e-08	-1.773718e+01	-1.522163e+03
5.500000e-07	-3.079446e-09	-1.180784e-08	-1.766121e+01	-1.518890e+03
5.600000e-07	-3.065894e-09	-1.178417e-08	-1.758348e+01	-1.515549e+03
5.700000e-07	-3.052016e-09	-1.175687e-08	-1.750389e+01	-1.512140e+03
5.800000e-07	-3.037857e-09	-1.172685e-08	-1.742269e+01	-1.508661e+03
5.900000e-07	-3.023483e-09	-1.169831e-08	-1.734025e+01	-1.505112e+03
6.000000e-07	-3.008930e-09	-1.166966e-08	-1.725678e+01	-1.501492e+03
6.100000e-07	-2.994182e-09	-1.163832e-08	-1.717221e+01	-1.497801e+03
6.200000e-07	-2.979219e-09	-1.160803e-08	-1.708639e+01	-1.494037e+03
6.300000e-07	-2.964049e-09	-1.158070e-08	-1.699938e+01	-1.490202e+03
6.400000e-07	-2.948672e-09	-1.155181e-08	-1.691120e+01	-1.486294e+03
6.500000e-07	-2.933073e-09	-1.151996e-08	-1.682173e+01	-1.482314e+03
6.600000e-07	-2.917267e-09	-1.148752e-08	-1.673108e+01	-1.478262e+03
6.700000e-07	-2.901301e-09	-1.145348e-08	-1.663951e+01	-1.474136e+03
6.800000e-07	-2.885190e-09	-1.141736e-08	-1.654711e+01	-1.469937e+03
6.900000e-07	-2.868897e-09	-1.138308e-08	-1.645367e+01	-1.465663e+03
7.000000e-07	-2.852363e-09	-1.135151e-08	-1.635885e+01	-1.461313e+03
7.100000e-07	-2.835544e-09	-1.131882e-08	-1.626239e+01	-1.456886e+03
7.200000e-07	-2.818431e-09	-1.128438e-08	-1.616424e+01	-1.452380e+03
7.300000e-07	-2.801052e-09	-1.124973e-08	-1.606457e+01	-1.447794e+03
7.400000e-07	-2.783462e-09	-1.121254e-08	-1.596369e+01	-1.443127e+03
7.500000e-07	-2.765706e-09	-1.117134e-08	-1.586185e+01	-1.438377e+03
7.600000e-07	-2.747782e-09	-1.113004e-08	-1.575905e+01	-1.433544e+03
7.700000e-07	-2.729676e-09	-1.109118e-08	-1.565521e+01	-1.428627e+03
7.800000e-07	-2.711384e-09	-1.105351e-08	-1.555031e+01	-1.423626e+03
7.900000e-07	-2.692912e-09	-1.101631e-08	-1.544436e+01	-1.418541e+03
8.000000e-07	-2.674246e-09	-1.097826e-08	-1.533731e+01	-1.413373e+03
8.100000e-07	-2.655380e-09	-1.093698e-08	-1.522911e+01	-1.408121e+03
8.200000e-07	-2.636329e-09	-1.089269e-08	-1.511985e+01	-1.402788e+03
8.300000e-07	-2.617129e-09	-1.084791e-08	-1.500973e+01	-1.397372e+03
8.400000e-07	-2.597793e-09	-1.080354e-08	-1.489884e+01	-1.391874e+03
8.500000e-07	-2.578283e-09	-1.075946e-08	-1.478694e+01	-1.386293e+03
8.600000e-07	-2.558531e-09	-1.071627e-08	-1.467367e+01	-1.380630e+03
8.700000e-07	-2.538489e-09	-1.067368e-08	-1.455872e+01	-1.374882e+03
8.800000e-07	-2.518142e-09	-1.062982e-08	-1.444202e+01	-1.369048e+03
8.900000e-07	-2.497526e-09	-1.058362e-08	-1.432379e+01	-1.363127e+03
9.000000e-07	-2.476703e-09	-1.053533e-08	-1.420436e+01	-1.357116e+03
9.100000e-07	-2.455697e-09	-1.048505e-08	-1.408389e+01	-1.351014e+03
9.200000e-07	-2.434517e-09	-1.043365e-08	-1.396242e+01	-1.344819e+03
9.300000e-07	-2.413174e-09	-1.038304e-08	-1.384001e+01	-1.338530e+03
9.400000e-07	-2.391670e-09	-1.033369e-08	-1.371668e+01	-1.332145e+03
9.500000e-07	-2.370007e-09	-1.028414e-08	-1.359244e+01	-1.325664e+03
9.600000e-07	-2.348178e-09	-1.023327e-08	-1.346725e+01	-1.319087e+03
9.700000e-07	-2.326177e-09	-1.018071e-08	-1.334107e+01	-1.312414e+03
9.800000e-07	-2.304005e-09	-1.012659e-08	-1.321391e+01	-1.305645e+03
9.900000e-07	-2.281681e-09	-1.007152e-08	-1.308587e+01	-1.298781e+03
1.000000e-06	-2.259246e-09	-1.001676e-08	-1.295720e+01	-1.291821e+03
1.010000e-06	-2.236710e-09	-9.962579e-09	-1.282796e+01	-1.284764e+03
1.020000e-06	-2.214044e-09	-9.908318e-09	-1.269796e+01	-1.277609e+03
1.030000e-06	-2.191200e-09	-9.853255e-09	-1.256695e+01	-1.270353e+03
1.040000e-06	-2.168129e-09	-9.795954e-09	-1.243463e+01	-1.262992e+03
1.050000e-06	-2.144795e-09	-9.735822e-09	-1.230081e+01	-1.255522e+03
1.060000e-06	-2.121210e-09	-9.673978e-09	-1.216554e+01	-1.247935e+03
1.070000e-06	-2.097417e-09	-9.611918e-09	-1.202909e+01	-1.240225e+03
1.080000e-06	-2.073477e-09	-9.549867e-09	-1.189179e+01	-1.232385e+03
1.090000e-06	-2.049442e-09	-9.487273e-09	-1.175394e+01	-1.224408e+03
1.100000e-06	-2.025326e-09	-9.424031e-09	-1.161563e+01	-1.216286e+03
1.110000e-06	-2.001111e-09	-9.359497e-09	-1.147676e+01	-1.208014e+03
1.120000e-06	-1.976761e-09	-9.293069e-09	-1.133710e+01	-1.199587e+03
1.130000e-06	-1.952253e-09	-9.224928e-09	-1.119655e+01	-1.191003e+03
1.140000e-06	-1.927597e-09	-9.155468e-09	-1.105514e+01	-1.182260e+03
1.150000e-06	-1.902808e-09	-9.085174e-09	-1.091296e+01	-1.173361e+03
1.160000e-06	-1.877899e-09	-9.014337e-09	-1.077011e+01	-1.164307e+03
1.170000e-06	-1.852872e-09	-8.942891e-09	-1.062657e+01	-1.155105e+03
1.180000e-06	-1.827714e-09	-8.870324e-09	-1.048229e+01	-1.145760e+03
1.190000e-06	-1.802405e-09	-8.796799e-09	-1.033713e+01	-1.136280e+03
1.200000e-06	-1.776951e-09	-8.722760e-09	-1.019115e+01	-1.126672e+03
1.210000e-06	-1.751393e-09	-8.647870e-09	-1.004457e+01	-1.116943e+03
1.220000e-06	-1.725759e-09	-8.572102e-09	-9.897556e+00	-1.107098e+03
1.230000e-06	-1.700062e-09	-8.495539e-09	-9.750177e+00	-1.097141e+03
1.240000e-06	-1.674292e-09	-8.417707e-09	-9.602386e+00	-1.087073e+03
1.250000e-06	-1.648437e-09	-8.338792e-09	-9.454100e+00	-1.076894e+03
1.260000e-06	-1.622466e-09	-8.259233e-09	-9.305152e+00	-1.066598e+03
1.270000e-06	-1.596337e-09	-8.178539e-09	-9.155297e+00	-1.056180e+03
1.280000e-06	-1.570026e-09	-8.096493e-09	-9.004400e+00	-1.045631e+03
1.290000e-06	-1.543518e-09	-8.013829e-09	-8.852370e+00	-1.034940e+03
1.300000e-06	-1.516814e-09	-7.930378e-09	-8.699219e+00	-1.024095e+03
1.310000e-06	-1.489941e-09	-7.845281e-09	-8.545093e+00	-1.013083e+03
1.320000e-06	-1.462929e-09	-7.758881e-09	-8.390178e+00	-1.001893e+03
1.330000e-06	-1.435814e-09	-7.671563e-09	-8.234667e+00	-9.905132e+02
1.340000e-06	-1.408628e-09	-7.582744e-09	-8.078751e+00	-9.789342e+02
1.350000e-06	-1.381395e-09	-7.491606e-09	-7.922561e+00	-9.671483e+02
1.360000e-06	-1.354118e-09	-7.397762e-09	-7.766123e+00	-9.551503e+02
1.370000e-06	-1.326795e-09	-7.301487e-09	-7.609420e+00	-9.429372e+02
1.380000e-06	-1.299415e-09	-7.203487e-09	-7.452391e+00	-9.305083e+02
1.390000e-06	-1.271956e-09	-7.103957e-09	-7.294911e+00	-9.178648e+02
1.400000e-06	-1.244394e-09	-7.002603e-09	-7.136835e+00	-9.050092e+02
1.410000e-06	-1.216719e-09	-6.899965e-09	-6.978115e+00	-8.919447e+02
1.420000e-06	-1.188940e-09	-6.796820e-09	-6.818800e+00	-8.786746e+02
1.430000e-06	-1.161067e-09	-6.693182e-09	-6.658940e+00	-8.652016e+02
1.440000e-06	-1.133108e-09	-6.588589e-09	-6.498591e+00	-8.515270e+02
1.450000e-06	-1.105071e-09	-6.482245e-09	-6.337794e+00	-8.376505e+02
1.460000e-06	-1.076961e-09	-6.373104e-09	-6.176575e+00	-8.235695e+02
1.470000e-06	-1.048776e-09	-6.261501e-09	-6.014931e+00	-8.092792e+02
1.480000e-06	-1.020517e-09	-6.148618e-09	-5.852860e+00	-7.947726e+02
1.490000e-06	-9.921820e-10	-6.034606e-09	-5.690353e+00	-7.800407e+02
1.500000e-06	-9.637634e-10	-5.919045e-09	-5.527367e+00	-7.650726e+02
1.510000e-06	-9.352557e-10	-5.801442e-09	-5.363870e+00	-7.498567e+02
1.520000e-06	-9.066685e-10	-5.681381e-09	-5.199917e+00	-7.343803e+02
1.530000e-06	-8.780124e-10	-5.558807e-09	-5.035568e+00	-7.186312e+02
1.540000e-06	-8.492943e-10	-5.433976e-09	-4.870865e+00	-7.025975e+02
1.550000e-06	-8.205288e-10	-5.306305e-09	-4.705889e+00	-6.862683e+02
1.560000e-06	-7.917224e-10	-5.175070e-09	-4.540678e+00	-6.696343e+02
1.570000e-06	-7.628813e-10	-5.041079e-09	-4.375269e+00	-6.526877e+02
1.580000e-06	-7.340183e-10	-4.905706e-09	-4.209734e+00	-6.354221e+02
1.590000e-06	-7.051397e-10	-4.769044e-09	-4.044110e+00	-6.178329e+02
1.600000e-06	-6.762466e-10	-4.630135e-09	-3.878403e+00	-5.999163e+02
1.610000e-06	-6.473353e-10	-4.488256e-09	-3.712591e+00	-5.816696e+02
1.620000e-06	-6.183945e-10	-4.344056e-09	-3.546610e+00	-5.630903e+02
1.630000e-06	-5.894216e-10	-4.198155e-09	-3.380445e+00	-5.441756e+02
1.640000e-06	-5.604210e-10	-4.049811e-09	-3.214121e+00	-5.249224e+02
1.650000e-06	-5.313903e-10	-3.898320e-09	-3.047624e+00	-5.053262e+02
1.660000e-06	-5.023225e-10	-3.743254e-09	-2.880914e+00	-4.853817e+02
1.670000e-06	-4.732087e-10	-3.584410e-09	-2.713941e+00	-4.650817e+02
1.680000e-06	-4.440367e-10	-3.422239e-09	-2.546635e+00	-4.444180e+02
1.690000e-06	-4.148004e-10	-3.257575e-09	-2.378959e+00	-4.233811e+02
1.700000e-06	-3.855029e-10	-3.090152e-09	-2.210932e+00	-4.019606e+02
1.710000e-06	-3.561618e-10	-2.919343e-09	-2.042656e+00	-3.801456e+02
1.720000e-06	-3.267908e-10	-2.745999e-09	-1.874207e+00	-3.579256e+02
1.730000e-06	-2.973856e-10	-2.570831e-09	-1.705563e+00	-3.352909e+02
1.740000e-06	-2.679469e-10	-2.392919e-09	-1.536726e+00	-3.122331e+02
1.750000e-06	-2.384833e-10	-2.211266e-09	-1.367747e+00	-2.887463e+02
1.760000e-06	-2.089924e-10	-2.025760e-09	-1.198611e+00	-2.648271e+02
1.770000e-06	-1.794739e-10	-1.835987e-09	-1.029317e+00	-2.404759e+02
1.780000e-06	-1.499387e-10	-1.641898e-09	-8.599267e-01	-2.156967e+02
1.790000e-06	-1.203842e-10	-1.443771e-09	-6.904262e-01	-1.904982e+02
1.800000e-06	-9.080539e-11	-1.241854e-09	-5.207862e-01	-1.648934e+02
1.810000e-06	-6.120454e-11	-1.037089e-09	-3.510198e-01	-1.389003e+02
1.820000e-06	-3.159043e-11	-8.304209e-10	-1.811773e-01	-1.125419e+02
1.830000e-06	-1.972265e-12	-6.223625e-10	-1.131150e-02	-8.584600e+01
1.840000e-06	2.764612e-11	-4.127978e-10	1.585555e-01	-5.884520e+01
1.850000e-06	5.726163e-11	-2.014696e-10	3.284061e-01	-3.157663e+01
1.860000e-06	8.685504e-11	1.174401e-11	4.981298e-01	-4.081603e+00
1.870000e-06	1.164194e-10	2.265806e-10	6.676869e-01	2.359478e+01
1.880000e-06	1.459627e-10	4.426115e-10	8.371233e-01	5.140418e+01
1.890000e-06	1.754813e-10	6.593357e-10	1.006418e+00	7.929557e+01
1.900000e-06	2.049791e-10	8.763310e-10	1.175594e+00	1.072160e+02
1.910000e-06	2.344421e-10	1.093144e-09	1.344570e+00	1.351113e+02
1.920000e-06	2.638691e-10	1.309037e-09	1.513339e+00	1.629269e+02
1.930000e-06	2.932643e-10	1.523390e-09	1.681926e+00	1.906087e+02
1.940000e-06	3.226255e-10	1.735832e-09	1.850318e+00	2.181040e+02
1.950000e-06	3.519544e-10	1.946472e-09	2.018525e+00	2.453623e+02
1.960000e-06	3.812462e-10	2.155542e-09	2.186518e+00	2.723360e+02
1.970000e-06	4.104936e-10	2.362665e-09	2.354258e+00	2.989816e+02
1.980000e-06	4.396875e-10	2.567031e-09	2.521691e+00	3.252598e+02
1.990000e-06	4.688319e-10	2.768402e-09	2.688839e+00	3.511362e+02
2.000000e-06	4.979259e-10	2.966770e-09	2.855699e+00	3.765820e+02
2.010000e-06	5.269739e-10	3.161281e-09	3.022294e+00	4.015734e+02
2.020000e-06	5.559773e-10	3.350908e-09	3.188635e+00	4.260924e+02
2.030000e-06	5.849399e-10	3.535794e-09	3.354741e+00	4.501260e+02
2.040000e-06	6.138761e-10	3.716652e-09	3.520695e+00	4.736664e+02
2.050000e-06	6.427917e-10	3.893559e-09	3.686532e+00	4.967098e+02
2.060000e-06	6.716844e-10	4.066398e-09	3.852237e+00	5.192564e+02
2.070000e-06	7.005491e-10	4.235858e-09	4.017782e+00	5.413097e+02
2.080000e-06	7.293867e-10	4.402716e-09	4.183171e+00	5.628753e+02
2.090000e-06	7.582007e-10	4.566702e-09	4.348425e+00	5.839611e+02
2.100000e-06	7.869876e-10	4.726762e-09	4.513523e+00	6.045758e+02
2.110000e-06	8.157350e-10	4.882013e-09	4.678395e+00	6.247292e+02
2.120000e-06	8.444364e-10	5.032714e-09	4.843003e+00	6.444313e+02
2.130000e-06	8.730867e-10	5.180205e-09	5.007318e+00	6.636923e+02
2.140000e-06	9.016733e-10	5.325196e-09	5.171268e+00	6.825223e+02
2.150000e-06	9.301862e-10	5.467739e-09	5.334794e+00	7.009314e+02
2.160000e-06	9.586209e-10	5.607630e-09	5.497873e+00	7.189297e+02
2.170000e-06	9.869728e-10	5.744624e-09	5.660476e+00	7.365271e+02
2.180000e-06	1.015242e-09	5.878815e-09	5.822605e+00	7.537339e+02
2.190000e-06	1.043433e-09	6.010026e-09	5.984288e+00	7.705605e+02
2.200000e-06	1.071550e-09	6.137742e-09	6.145544e+00	7.870178e+02
2.210000e-06	1.099599e-09	6.262069e-09	6.306411e+00	8.031168e+02
2.220000e-06	1.127579e-09	6.383606e-09	6.466882e+00	8.188689e+02
2.230000e-06	1.155484e-09	6.502014e-09	6.626920e+00	8.342855e+02
2.240000e-06	1.183300e-09	6.617698e-09	6.786449e+00	8.493782e+02
2.250000e-06	1.211012e-09	6.731592e-09	6.945385e+00	8.641582e+02
2.260000e-06	1.238623e-09	6.842896e-09	7.103739e+00	8.786364e+02
2.270000e-06	1.266133e-09	6.950899e-09	7.261513e+00	8.928230e+02
2.280000e-06	1.293552e-09	7.056649e-09	7.418764e+00	9.067273e+02
2.290000e-06	1.320899e-09	7.161475e-09	7.575606e+00	9.203579e+02
2.300000e-06	1.348194e-09	7.265717e-09	7.732147e+00	9.337225e+02
2.310000e-06	1.375446e-09	7.368986e-09	7.888444e+00	9.468280e+02
2.320000e-06	1.402648e-09	7.470452e-09	8.044452e+00	9.596806e+02
2.330000e-06	1.429780e-09	7.569594e-09	8.200062e+00	9.722863e+02
2.340000e-06	1.456816e-09	7.666585e-09	8.355118e+00	9.846509e+02
2.350000e-06	1.483733e-09	7.760976e-09	8.509488e+00	9.967805e+02
2.360000e-06	1.510510e-09	7.852176e-09	8.663062e+00	1.008682e+03
2.370000e-06	1.537127e-09	7.941012e-09	8.815713e+00	1.020362e+03
2.380000e-06	1.563563e-09	8.028789e-09	8.967331e+00	1.031829e+03
2.390000e-06	1.589813e-09	8.115563e-09	9.117883e+00	1.043093e+03
2.400000e-06	1.615895e-09	8.200930e-09	9.267463e+00	1.054163e+03
2.410000e-06	1.641824e-09	8.284347e-09	9.416173e+00	1.065050e+03
2.420000e-06	1.667622e-09	8.365696e-09	9.564130e+00	1.075764e+03
2.430000e-06	1.693328e-09	8.446245e-09	9.711561e+00	1.086317e+03
2.440000e-06	1.718965e-09	8.526564e-09	9.858590e+00	1.096718e+03
2.450000e-06	1.744521e-09	8.605829e-09	1.000516e+01	1.106975e+03
2.460000e-06	1.769975e-09	8.683817e-09	1.015114e+01	1.117096e+03
2.470000e-06	1.795307e-09	8.760922e-09	1.029643e+01	1.127085e+03
2.480000e-06	1.820511e-09	8.837103e-09	1.044098e+01	1.136945e+03
2.490000e-06	1.845598e-09	8.912294e-09	1.058486e+01	1.146675e+03
2.500000e-06	1.870578e-09	8.986135e-09	1.072812e+01	1.156274e+03
2.510000e-06	1.895447e-09	9.058389e-09	1.087075e+01	1.165736e+03
2.520000e-06	1.920203e-09	9.129442e-09	1.101273e+01	1.175055e+03
2.530000e-06	1.944819e-09	9.199968e-09	1.115391e+01	1.184224e+03
2.540000e-06	1.969267e-09	9.270244e-09	1.129412e+01	1.193235e+03
2.550000e-06	1.993563e-09	9.339537e-09	1.143346e+01	1.202080e+03
2.560000e-06	2.017739e-09	9.406684e-09	1.157212e+01	1.210753e+03
2.570000e-06	2.041829e-09	9.471790e-09	1.171028e+01	1.219248e+03
2.580000e-06	2.065842e-09	9.535955e-09	1.184800e+01	1.227562e+03
2.590000e-06	2.089749e-09	9.599280e-09	1.198511e+01	1.235695e+03
2.600000e-06	2.113503e-09	9.661206e-09	1.212134e+01	1.243648e+03
2.610000e-06	2.137040e-09	9.721451e-09	1.225633e+01	1.251427e+03
2.620000e-06	2.160318e-09	9.780253e-09	1.238984e+01	1.259038e+03
2.630000e-06	2.183332e-09	9.838215e-09	1.252182e+01	1.266492e+03
2.640000e-06	2.206115e-09	9.895430e-09	1.265249e+01	1.273797e+03
2.650000e-06	2.228730e-09	9.951267e-09	1.278219e+01	1.280967e+03
2.660000e-06	2.251229e-09	1.000550e-08	1.291123e+01	1.288012e+03
2.670000e-06	2.273632e-09	1.005909e-08	1.303972e+01	1.294944e+03
2.680000e-06	2.295909e-09	1.011241e-08	1.316747e+01	1.301774e+03
2.690000e-06	2.318022e-09	1.016484e-08	1.329430e+01	1.308510e+03
2.700000e-06	2.339957e-09	1.021627e-08	1.342010e+01	1.315161e+03
2.710000e-06	2.361729e-09	1.026659e-08	1.354497e+01	1.321730e+03
2.720000e-06	2.383364e-09	1.031592e-08	1.366904e+01	1.328222e+03
2.730000e-06	2.404841e-09	1.036485e-08	1.379222e+01	1.334639e+03
2.740000e-06	2.426129e-09	1.041361e-08	1.391431e+01	1.340980e+03
2.750000e-06	2.447228e-09	1.046143e-08	1.403532e+01	1.347246e+03
2.760000e-06	2.468151e-09	1.050794e-08	1.415532e+01	1.353434e+03
2.770000e-06	2.488894e-09	1.055398e-08	1.427428e+01	1.359544e+03
2.780000e-06	2.509423e-09	1.060019e-08	1.439202e+01	1.365574e+03
2.790000e-06	2.529676e-09	1.064618e-08	1.450817e+01	1.371523e+03
2.800000e-06	2.549624e-09	1.069127e-08	1.462258e+01	1.377390e+03
2.810000e-06	2.569288e-09	1.073523e-08	1.473536e+01	1.383176e+03
2.820000e-06	2.588732e-09	1.077851e-08	1.484687e+01	1.388881e+03
2.830000e-06	2.608031e-09	1.082186e-08	1.495755e+01	1.394506e+03
2.840000e-06	2.627203e-09	1.086505e-08	1.506751e+01	1.400053e+03
2.850000e-06	2.646217e-09	1.090753e-08	1.517656e+01	1.405522e+03
2.860000e-06	2.665042e-09	1.094917e-08	1.528452e+01	1.410914e+03
2.870000e-06	2.683667e-09	1.099025e-08	1.539134e+01	1.416230e+03
2.880000e-06	2.702098e-09	1.103124e-08	1.549705e+01	1.421469e+03
2.890000e-06	2.720344e-09	1.107167e-08	1.560169e+01	1.426628e+03
2.900000e-06	2.738404e-09	1.111100e-08	1.570527e+01	1.431706e+03
2.910000e-06	2.756290e-09	1.114949e-08	1.580785e+01	1.436699e+03
2.920000e-06	2.774037e-09	1.118746e-08	1.590963e+01	1.441602e+03
2.930000e-06	2.791668e-09	1.122493e-08	1.601075e+01	1.446411e+03
2.940000e-06	2.809154e-09	1.126139e-08	1.611103e+01	1.451123e+03
2.950000e-06	2.826414e-09	1.129689e-08	1.621002e+01	1.455731e+03
2.960000e-06	2.843365e-09	1.133174e-08	1.630724e+01	1.460234e+03
2.970000e-06	2.859979e-09	1.136610e-08	1.640252e+01	1.464629e+03
2.980000e-06	2.876309e-09	1.140003e-08	1.649618e+01	1.468914e+03
2.990000e-06	2.892448e-09	1.143336e-08	1.658874e+01	1.473091e+03
3.000000e-06	2.908450e-09	1.146593e-08	1.668051e+01	1.477160e+03
3.010000e-06	2.924298e-09	1.149760e-08	1.677140e+01	1.481125e+03
3.020000e-06	2.939946e-09	1.152811e-08	1.686115e+01	1.484989e+03
3.030000e-06	2.955382e-09	1.155772e-08	1.694968e+01	1.488758e+03
3.040000e-06	2.970607e-09	1.158660e-08	1.703700e+01	1.492438e+03
3.050000e-06	2.985615e-09	1.161457e-08	1.712307e+01	1.496033e+03
3.060000e-06	3.000409e-09	1.164166e-08	1.720792e+01	1.499549e+03
3.070000e-06	3.015022e-09	1.166832e-08	1.729173e+01	1.502993e+03
3.080000e-06	3.029503e-09	1.169454e-08	1.737478e+01	1.506367e+03
3.090000e-06	3.043837e-09	1.171956e-08	1.745698e+01	1.509675e+03
3.100000e-06	3.057946e-09	1.174389e-08	1.753790e+01	1.512921e+03
3.110000e-06	3.071749e-09	1.176808e-08	1.761706e+01	1.516106e+03
3.120000e-06	3.085207e-09	1.179143e-08	1.769425e+01	1.519232e+03
3.130000e-06	3.098361e-09	1.181398e-08	1.776969e+01	1.522297e+03
3.140000e-06	3.111306e-09	1.183641e-08	1.784393e+01	1.525304e+03
3.150000e-06	3.124098e-09	1.185861e-08	1.791730e+01	1.528251e+03
3.160000e-06	3.136714e-09	1.188015e-08	1.798965e+01	1.531138e+03
3.170000e-06	3.149114e-09	1.190127e-08	1.806077e+01	1.533966e+03
3.180000e-06	3.161289e-09	1.192226e-08	1.813060e+01	1.536735e+03
3.190000e-06	3.173241e-09	1.194227e-08	1.819914e+01	1.539445e+03
3.200000e-06	3.184966e-09	1.196104e-08	1.826639e+01	1.542099e+03
3.210000e-06	3.196483e-09	1.197958e-08	1.833244e+01	1.544698e+03
3.220000e-06	3.207840e-09	1.199825e-08	1.839758e+01	1.547244e+03
3.230000e-06	3.219056e-09	1.201680e-08	1.846190e+01	1.549740e+03
3.240000e-06	3.230069e-09	1.203475e-08	1.852506e+01	1.552187e+03
3.250000e-06	3.240782e-09	1.205169e-08	1.858650e+01	1.554588e+03
3.260000e-06	3.251130e-09	1.206817e-08	1.864585e+01	1.556945e+03
3.270000e-06	3.261144e-09	1.208461e-08	1.870328e+01	1.559258e+03
3.280000e-06	3.270907e-09	1.210055e-08	1.875928e+01	1.561530e+03
3.290000e-06	3.280466e-09	1.211586e-08	1.881410e+01	1.563760e+03
3.300000e-06	3.289803e-09	1.213113e-08	1.886765e+01	1.565949e+03
3.310000e-06	3.298906e-09	1.214686e-08	1.891985e+01	1.568095e+03
3.320000e-06	3.307790e-09	1.216304e-08	1.897081e+01	1.570197e+03
3.330000e-06	3.316457e-09	1.217875e-08	1.902051e+01	1.572256e+03
3.340000e-06	3.324894e-09	1.219326e-08	1.906890e+01	1.574269e+03
3.350000e-06	3.333128e-09	1.220691e-08	1.911613e+01	1.576236e+03
3.360000e-06	3.341201e-09	1.222010e-08	1.916242e+01	1.578155e+03
3.370000e-06	3.349098e-09	1.223362e-08	1.920771e+01	1.580025e+03
3.380000e-06	3.356761e-09	1.224761e-08	1.925166e+01	1.581847e+03
3.390000e-06	3.364150e-09	1.226110e-08	1.929404e+01	1.583619e+03
3.400000e-06	3.371276e-09	1.227373e-08	1.933491e+01	1.585341e+03
3.410000e-06	3.378181e-09	1.228585e-08	1.937451e+01	1.587014e+03
3.420000e-06	3.384860e-09	1.229792e-08	1.941282e+01	1.588636e+03
3.430000e-06	3.391277e-09	1.230965e-08	1.944962e+01	1.590208e+03
3.440000e-06	3.397395e-09	1.232030e-08	1.948471e+01	1.591729e+03
3.450000e-06	3.403224e-09	1.233021e-08	1.951814e+01	1.593199e+03
3.460000e-06	3.408806e-09	1.234059e-08	1.955015e+01	1.594616e+03
3.470000e-06	3.414143e-09	1.235121e-08	1.958076e+01	1.595980e+03
3.480000e-06	3.419232e-09	1.236113e-08	1.960995e+01	1.597290e+03
3.490000e-06	3.424085e-09	1.237022e-08	1.963778e+01	1.598544e+03
3.500000e-06	3.428677e-09	1.237875e-08	1.966412e+01	1.599740e+03
3.510000e-06	3.432935e-09	1.238698e-08	1.968854e+01	1.600878e+03
3.520000e-06	3.436810e-09	1.239559e-08	1.971076e+01	1.601955e+03
3.530000e-06	3.440358e-09	1.240444e-08	1.973111e+01	1.602970e+03
3.540000e-06	3.443687e-09	1.241234e-08	1.975020e+01	1.603922e+03
3.550000e-06	3.446831e-09	1.241904e-08	1.976823e+01	1.604811e+03
3.560000e-06	3.449759e-09	1.242504e-08	1.978502e+01	1.605634e+03
3.570000e-06	3.452447e-09	1.243086e-08	1.980044e+01	1.606393e+03
3.580000e-06	3.454894e-09	1.243679e-08	1.981448e+01	1.607086e+03
3.590000e-06	3.457096e-09	1.244220e-08	1.982710e+01	1.607713e+03
3.600000e-06	3.459061e-09	1.244689e-08	1.983837e+01	1.608274e+03
3.610000e-06	3.460834e-09	1.245135e-08	1.984854e+01	1.608769e+03
3.620000e-06	3.462431e-09	1.245559e-08	1.985770e+01	1.609197e+03
3.630000e-06	3.463798e-09	1.245926e-08	1.986554e+01	1.609558e+03
3.640000e-06	3.464849e-09	1.246218e-08	1.987157e+01	1.609852e+03
3.650000e-06	3.465536e-09	1.246444e-08	1.987551e+01	1.610080e+03
3.660000e-06	3.465904e-09	1.246616e-08	1.987762e+01	1.610240e+03
3.670000e-06	3.466045e-09	1.246745e-08	1.987843e+01	1.610333e+03
3.680000e-06	3.465997e-09	1.246813e-08	1.987815e+01	1.610359e+03
3.690000e-06	3.465739e-09	1.246782e-08	1.987668e+01	1.610318e+03
3.700000e-06	3.465246e-09	1.246645e-08	1.987385e+01	1.610212e+03
3.710000e-06	3.464517e-09	1.246583e-08	1.986966e+01	1.610041e+03
3.720000e-06	3.463536e-09	1.246712e-08	1.986404e+01	1.609807e+03
3.730000e-06	3.462302e-09	1.247071e-08	1.985696e+01	1.609512e+03
3.740000e-06	3.460834e-09	1.247456e-08	1.984854e+01	1.609156e+03
3.750000e-06	3.459011e-09	1.246608e-08	1.983809e+01	1.608741e+03
3.760000e-06	3.456689e-09	1.244856e-08	1.982477e+01	1.608270e+03
3.770000e-06	3.454028e-09	1.244789e-08	1.980951e+01	1.607743e+03
3.780000e-06	3.451300e-09	1.245343e-08	1.979386e+01	1.607162e+03
3.790000e-06	3.448533e-09	1.244078e-08	1.977799e+01	1.606528e+03
3.800000e-06	3.445609e-09	1.243312e-08	1.976122e+01	1.605839e+03
3.810000e-06	3.442450e-09	1.244444e-08	1.974311e+01	1.605097e+03
3.820000e-06	3.439004e-09	1.244352e-08	1.972335e+01	1.604300e+03
3.830000e-06	3.435260e-09	1.242395e-08	1.970187e+01	1.603448e+03
3.840000e-06	3.431291e-09	1.241500e-08	1.967911e+01	1.602539e+03
3.850000e-06	3.427142e-09	1.241570e-08	1.965532e+01	1.601572e+03
3.860000e-06	3.422731e-09	1.240491e-08	1.963002e+01	1.600546e+03
3.870000e-06	3.417984e-09	1.239052e-08	1.960279e+01	1.599458e+03
3.880000e-06	3.412954e-09	1.238797e-08	1.957394e+01	1.598309e+03
3.890000e-06	3.407716e-09	1.238856e-08	1.954390e+01	1.597098e+03
3.900000e-06	3.402183e-09	1.237931e-08	1.951217e+01	1.595825e+03
3.910000e-06	3.396232e-09	1.236307e-08	1.947804e+01	1.594490e+03
3.920000e-06	3.389940e-09	1.234803e-08	1.944195e+01	1.593095e+03
3.930000e-06	3.383478e-09	1.233722e-08	1.940489e+01	1.591640e+03
3.940000e-06	3.376869e-09	1.232867e-08	1.936699e+01	1.590128e+03
3.950000e-06	3.370012e-09	1.231864e-08	1.932766e+01	1.588559e+03
3.960000e-06	3.362872e-09	1.230810e-08	1.928671e+01	1.586935e+03
3.970000e-06	3.355504e-09	1.230025e-08	1.924445e+01	1.585258e+03
3.980000e-06	3.347937e-09	1.229027e-08	1.920105e+01	1.583528e+03
3.990000e-06	3.340161e-09	1.227164e-08	1.915646e+01	1.581745e+03
4.000000e-06	3.332176e-09	1.225074e-08	1.911066e+01	1.579910e+03
4.010000e-06	3.323978e-09	1.223769e-08	1.906365e+01	1.578021e+03
4.020000e-06	3.315518e-09	1.222847e-08	1.901513e+01	1.576078e+03
4.030000e-06	3.306695e-09	1.221372e-08	1.896453e+01	1.574077e+03
4.040000e-06	3.297504e-09	1.219662e-08	1.891181e+01	1.572019e+03
4.050000e-06	3.288069e-09	1.218455e-08	1.885770e+01	1.569900e+03
4.060000e-06	3.278457e-09	1.217140e-08	1.880258e+01	1.567719e+03
4.070000e-06	3.268614e-09	1.214820e-08	1.874612e+01	1.565474e+03
4.080000e-06	3.258512e-09	1.212277e-08	1.868819e+01	1.563163e+03
4.090000e-06	3.248224e-09	1.210707e-08	1.862919e+01	1.560786e+03
4.100000e-06	3.237771e-09	1.209562e-08	1.856923e+01	1.558341e+03
4.110000e-06	3.227082e-09	1.207758e-08	1.850793e+01	1.555828e+03
4.120000e-06	3.216156e-09	1.205712e-08	1.844527e+01	1.553249e+03
4.130000e-06	3.205059e-09	1.204086e-08	1.838162e+01	1.550603e+03
4.140000e-06	3.193775e-09	1.202133e-08	1.831691e+01	1.547891e+03
4.150000e-06	3.182189e-09	1.199408e-08	1.825046e+01	1.545113e+03
4.160000e-06	3.170222e-09	1.196988e-08	1.818183e+01	1.542272e+03
4.170000e-06	3.157931e-09	1.195256e-08	1.811134e+01	1.539366e+03
4.180000e-06	3.145416e-09	1.193162e-08	1.803956e+01	1.536397e+03
4.190000e-06	3.132717e-09	1.190628e-08	1.796673e+01	1.533364e+03
4.200000e-06	3.119838e-09	1.188599e-08	1.789287e+01	1.530267e+03
4.210000e-06	3.106752e-09	1.186662e-08	1.781781e+01	1.527105e+03
4.220000e-06	3.093440e-09	1.183804e-08	1.774147e+01	1.523878e+03
4.230000e-06	3.079920e-09	1.180696e-08	1.766393e+01	1.520584e+03
4.240000e-06	3.066209e-09	1.178385e-08	1.758530e+01	1.517222e+03
4.250000e-06	3.052305e-09	1.176218e-08	1.750555e+01	1.513791e+03
4.260000e-06	3.038203e-09	1.173476e-08	1.742468e+01	1.510291e+03
4.270000e-06	3.023933e-09	1.170880e-08	1.734283e+01	1.506720e+03
4.280000e-06	3.009499e-09	1.168652e-08	1.726005e+01	1.503077e+03
4.290000e-06	2.994827e-09	1.165841e-08	1.717590e+01	1.499363e+03
4.300000e-06	2.979810e-09	1.162485e-08	1.708978e+01	1.495577e+03
4.310000e-06	2.964425e-09	1.159537e-08	1.700155e+01	1.491719e+03
4.320000e-06	2.948762e-09	1.156775e-08	1.691171e+01	1.487789e+03
4.330000e-06	2.932933e-09	1.153556e-08	1.682093e+01	1.483786e+03
4.340000e-06	2.916966e-09	1.150400e-08	1.672935e+01	1.479711e+03
4.350000e-06	2.900831e-09	1.147660e-08	1.663682e+01	1.475562e+03
4.360000e-06	2.884497e-09	1.144561e-08	1.654314e+01	1.471340e+03
4.370000e-06	2.867956e-09	1.140907e-08	1.644828e+01	1.467042e+03
4.380000e-06	2.851226e-09	1.137449e-08	1.635232e+01	1.462668e+03
4.390000e-06	2.834313e-09	1.134169e-08	1.625532e+01	1.458217e+03
4.400000e-06	2.817203e-09	1.130547e-08	1.615719e+01	1.453686e+03
4.410000e-06	2.799896e-09	1.126962e-08	1.605794e+01	1.449075e+03
4.420000e-06	2.782438e-09	1.123729e-08	1.595781e+01	1.444382e+03
4.430000e-06	2.764846e-09	1.120221e-08	1.585692e+01	1.439606e+03
4.440000e-06	2.747078e-09	1.116299e-08	1.575502e+01	1.434746e+03
4.450000e-06	2.729088e-09	1.112507e-08	1.565184e+01	1.429803e+03
4.460000e-06	2.710854e-09	1.108708e-08	1.554727e+01	1.424776e+03
4.470000e-06	2.692407e-09	1.104567e-08	1.544147e+01	1.419665e+03
4.480000e-06	2.673800e-09	1.100492e-08	1.533476e+01	1.414471e+03
4.490000e-06	2.655039e-09	1.096685e-08	1.522716e+01	1.409194e+03
4.500000e-06	2.636094e-09	1.092720e-08	1.511850e+01	1.403834e+03
4.510000e-06	2.616929e-09	1.088555e-08	1.500858e+01	1.398393e+03
4.520000e-06	2.597517e-09	1.084417e-08	1.489726e+01	1.392869e+03
4.530000e-06	2.577870e-09	1.080106e-08	1.478458e+01	1.387263e+03
4.540000e-06	2.558018e-09	1.075515e-08	1.467072e+01	1.381573e+03
4.550000e-06	2.537979e-09	1.070972e-08	1.455579e+01	1.375798e+03
4.560000e-06	2.517745e-09	1.066537e-08	1.443975e+01	1.369937e+03
4.570000e-06	2.497309e-09	1.061947e-08	1.432254e+01	1.363988e+03
4.580000e-06	2.476695e-09	1.057287e-08	1.420432e+01	1.357949e+03
4.590000e-06	2.455913e-09	1.052682e-08	1.408513e+01	1.351818e+03
4.600000e-06	2.434925e-09	1.047903e-08	1.396476e+01	1.345594e+03
4.610000e-06	2.413672e-09	1.042926e-08	1.384287e+01	1.339274e+03
4.620000e-06	2.392128e-09	1.037964e-08	1.371931e+01	1.332859e+03
4.630000e-06	2.370323e-09	1.032970e-08	1.359425e+01	1.326348e+03
4.640000e-06	2.348310e-09	1.027862e-08	1.346801e+01	1.319741e+03
4.650000e-06	2.326141e-09	1.022739e-08	1.334086e+01	1.313038e+03
4.660000e-06	2.303859e-09	1.017589e-08	1.321307e+01	1.306240e+03
4.670000e-06	2.281461e-09	1.012267e-08	1.308462e+01	1.299346e+03
4.680000e-06	2.258914e-09	1.006829e-08	1.295530e+01	1.292355e+03
4.690000e-06	2.236193e-09	1.001385e-08	1.282499e+01	1.285268e+03
4.700000e-06	2.213300e-09	9.958533e-09	1.269370e+01	1.278082e+03
4.710000e-06	2.190252e-09	9.902245e-09	1.256151e+01	1.270794e+03
4.720000e-06	2.167061e-09	9.845318e-09	1.242851e+01	1.263399e+03
4.730000e-06	2.143713e-09	9.787149e-09	1.229460e+01	1.255893e+03
4.740000e-06	2.120200e-09	9.727682e-09	1.215975e+01	1.248268e+03
4.750000e-06	2.096537e-09	9.667393e-09	1.202404e+01	1.240519e+03
4.760000e-06	2.072753e-09	9.606261e-09	1.188763e+01	1.232636e+03
4.770000e-06	2.048885e-09	9.544067e-09	1.175075e+01	1.224614e+03
4.780000e-06	2.024933e-09	9.481199e-09	1.161338e+01	1.216446e+03
4.790000e-06	2.000873e-09	9.417827e-09	1.147539e+01	1.208126e+03
4.800000e-06	1.976665e-09	9.353021e-09	1.133655e+01	1.199650e+03
4.810000e-06	1.952263e-09	9.286944e-09	1.119660e+01	1.191016e+03
4.820000e-06	1.927629e-09	9.220133e-09	1.105532e+01	1.182224e+03
4.830000e-06	1.902756e-09	9.151646e-09	1.091267e+01	1.173276e+03
4.840000e-06	1.877674e-09	9.081254e-09	1.076882e+01	1.164175e+03
4.850000e-06	1.852420e-09	9.009699e-09	1.062398e+01	1.154928e+03
4.860000e-06	1.827040e-09	8.937333e-09	1.047842e+01	1.145540e+03
4.870000e-06	1.801577e-09	8.863956e-09	1.033239e+01	1.136019e+03
4.880000e-06	1.776047e-09	8.789200e-09	1.018597e+01	1.126373e+03
4.890000e-06	1.750432e-09	8.712739e-09	1.003906e+01	1.116607e+03
4.900000e-06	1.724700e-09	8.634732e-09	9.891483e+00	1.106727e+03
4.910000e-06	1.698839e-09	8.556103e-09	9.743165e+00	1.096735e+03
4.920000e-06	1.672858e-09	8.477600e-09	9.594158e+00	1.086632e+03
4.930000e-06	1.646762e-09	8.398469e-09	9.444493e+00	1.076417e+03
4.940000e-06	1.620555e-09	8.317592e-09	9.294190e+00	1.066084e+03
4.950000e-06	1.594238e-09	8.235085e-09	9.143262e+00	1.055626e+03
4.960000e-06	1.567810e-09	8.151468e-09	8.991692e+00	1.045034e+03
4.970000e-06	1.541266e-09	8.067112e-09	8.839458e+00	1.034295e+03
4.980000e-06	1.514603e-09	7.981881e-09	8.686537e+00	1.023399e+03
4.990000e-06	1.487820e-09	7.895638e-09	8.532933e+00	1.012333e+03
5.000000e-06	1.460938e-09	7.808154e-09	8.378757e+00	1.001085e+03
5.010000e-06	1.433977e-09	7.719542e-09	8.224131e+00	9.896433e+02
5.020000e-06	1.406960e-09	7.630386e-09	8.069183e+00	9.780002e+02
5.030000e-06	1.379903e-09	7.540301e-09	7.914008e+00	9.661483e+02
5.040000e-06	1.352803e-09	7.448506e-09	7.758586e+00	9.540831e+02
5.050000e-06	1.325650e-09	7.354588e-09	7.602858e+00	9.418024e+02
5.060000e-06	1.298428e-09	7.258574e-09	7.446734e+00	9.293062e+02
5.070000e-06	1.271114e-09	7.160359e-09	7.290081e+00	9.165960e+02
5.080000e-06	1.243679e-09	7.059765e-09	7.132734e+00	9.036746e+02
5.090000e-06	1.216101e-09	6.957142e-09	6.974573e+00	8.905455e+02
5.100000e-06	1.188363e-09	6.852551e-09	6.815487e+00	8.772117e+02
5.110000e-06	1.160467e-09	6.746194e-09	6.655498e+00	8.636755e+02
5.120000e-06	1.132429e-09	6.638505e-09	6.494695e+00	8.499378e+02
5.130000e-06	1.104255e-09	6.529767e-09	6.333115e+00	8.359976e+02
5.140000e-06	1.075956e-09	6.419600e-09	6.170814e+00	8.218517e+02
5.150000e-06	1.047554e-09	6.307389e-09	6.007923e+00	8.074945e+02
5.160000e-06	1.019076e-09	6.193622e-09	5.844596e+00	7.929183e+02
5.170000e-06	9.905406e-10	6.078974e-09	5.680940e+00	7.781135e+02
5.180000e-06	9.619604e-10	5.963052e-09	5.517027e+00	7.630690e+02
5.190000e-06	9.333429e-10	5.844933e-09	5.352900e+00	7.477727e+02
5.200000e-06	9.046939e-10	5.724454e-09	5.188593e+00	7.322121e+02
5.210000e-06	8.760150e-10	5.601829e-09	5.024114e+00	7.163750e+02
5.220000e-06	8.473100e-10	5.476966e-09	4.859485e+00	7.002498e+02
5.230000e-06	8.185765e-10	5.349819e-09	4.694693e+00	6.838260e+02
5.240000e-06	7.898027e-10	5.220151e-09	4.529669e+00	6.670948e+02
5.250000e-06	7.609729e-10	5.087663e-09	4.364325e+00	6.500489e+02
5.260000e-06	7.320831e-10	4.952239e-09	4.198637e+00	6.326824e+02
5.270000e-06	7.031396e-10	4.814058e-09	4.032640e+00	6.149910e+02
5.280000e-06	6.741378e-10	4.673328e-09	3.866310e+00	5.969713e+02
5.290000e-06	6.450842e-10	4.529684e-09	3.699682e+00	5.786208e+02
5.300000e-06	6.159928e-10	4.383105e-09	3.532837e+00	5.599368e+02
5.310000e-06	5.868607e-10	4.234450e-09	3.365759e+00	5.409165e+02
5.320000e-06	5.576764e-10	4.084466e-09	3.198381e+00	5.215564e+02
5.330000e-06	5.284399e-10	3.932819e-09	3.030704e+00	5.018518e+02
5.340000e-06	4.991681e-10	3.778465e-09	2.862825e+00	4.817967e+02
5.350000e-06	4.698666e-10	3.620466e-09	2.694775e+00	4.613838e+02
5.360000e-06	4.405317e-10	3.458330e-09	2.526534e+00	4.406042e+02
5.370000e-06	4.111670e-10	3.292272e-09	2.358122e+00	4.194483e+02
5.380000e-06	3.817784e-10	3.123252e-09	2.189573e+00	3.979053e+02
5.390000e-06	3.523690e-10	2.951855e-09	2.020904e+00	3.759645e+02
5.400000e-06	3.229402e-10	2.777581e-09	1.852124e+00	3.536156e+02
5.410000e-06	2.934950e-10	2.600635e-09	1.683250e+00	3.308491e+02
5.420000e-06	2.640418e-10	2.421864e-09	1.514331e+00	3.076574e+02
5.430000e-06	2.345808e-10	2.240695e-09	1.345366e+00	2.840354e+02
5.440000e-06	2.051134e-10	2.055751e-09	1.176365e+00	2.599808e+02
5.450000e-06	1.756428e-10	1.866398e-09	1.007345e+00	2.354950e+02
5.460000e-06	1.461639e-10	1.673266e-09	8.382785e-01	2.105835e+02
5.470000e-06	1.166764e-10	1.477106e-09	6.691617e-01	1.852562e+02
5.480000e-06	8.718323e-11	1.277782e-09	5.000127e-01	1.595278e+02
5.490000e-06	5.768466e-11	1.074834e-09	3.308328e-01	1.334179e+02
5.500000e-06	2.817749e-11	8.689117e-10	1.616035e-01	1.069509e+02
5.510000e-06	-1.337914e-12	6.611661e-10	-7.672939e-03	8.015613e+01
5.520000e-06	-3.085159e-11	4.518165e-10	-1.769395e-01	5.306767e+01
5.530000e-06	-6.036189e-11	2.402397e-10	-3.461868e-01	2.572397e+01
5.540000e-06	-8.986995e-11	2.607427e-11	-5.154211e-01	-1.832419e+00
5.550000e-06	-1.193727e-10	-1.897569e-10	-6.846249e-01	-2.955532e+01
5.560000e-06	-1.488621e-10	-4.060142e-10	-8.537526e-01	-5.739549e+01
5.570000e-06	-1.783347e-10	-6.223751e-10	-1.022783e+00	-8.530124e+01
5.580000e-06	-2.077968e-10	-8.389221e-10	-1.191754e+00	-1.132191e+02
5.590000e-06	-2.372455e-10	-1.055366e-09	-1.360648e+00	-1.410948e+02
5.600000e-06	-2.666761e-10	-1.270826e-09	-1.529438e+00	-1.688738e+02
5.610000e-06	-2.960948e-10	-1.484763e-09	-1.698160e+00	-1.965023e+02
5.620000e-06	-3.254970e-10	-1.697411e-09	-1.866787e+00	-2.239281e+02
5.630000e-06	-3.548787e-10	-1.908869e-09	-2.035297e+00	-2.511018e+02
5.640000e-06	-3.842455e-10	-2.119035e-09	-2.203721e+00	-2.779768e+02
5.650000e-06	-4.135949e-10	-2.327322e-09	-2.372046e+00	-3.045109e+02
5.660000e-06	-4.429204e-10	-2.532668e-09	-2.540233e+00	-3.306664e+02
5.670000e-06	-4.722090e-10	-2.734023e-09	-2.708209e+00	-3.564105e+02
5.680000e-06	-5.014590e-10	-2.930863e-09	-2.875963e+00	-3.817159e+02
5.690000e-06	-5.306653e-10	-3.123517e-09	-3.043467e+00	-4.065609e+02
5.700000e-06	-5.598244e-10	-3.312465e-09	-3.210700e+00	-4.309288e+02
5.710000e-06	-5.889406e-10	-3.497778e-09	-3.377687e+00	-4.548085e+02
5.720000e-06	-6.180082e-10	-3.679409e-09	-3.544395e+00	-4.781933e+02
5.730000e-06	-6.470132e-10	-3.857762e-09	-3.710744e+00	-5.010809e+02
5.740000e-06	-6.759515e-10	-4.033256e-09	-3.876711e+00	-5.234725e+02
5.750000e-06	-7.048345e-10	-4.205736e-09	-4.042360e+00	-5.453723e+02
5.760000e-06	-7.336770e-10	-4.374331e-09	-4.207777e+00	-5.667868e+02
5.770000e-06	-7.624812e-10	-4.538203e-09	-4.372975e+00	-5.877241e+02
5.780000e-06	-7.912484e-10	-4.697923e-09	-4.537961e+00	-6.081933e+02
5.790000e-06	-8.199866e-10	-4.854360e-09	-4.702780e+00	-6.282043e+02
5.800000e-06	-8.486949e-10	-5.007321e-09	-4.867427e+00	-6.477672e+02
5.810000e-06	-8.773725e-10	-5.156597e-09	-5.031899e+00	-6.668921e+02
5.820000e-06	-9.060173e-10	-5.302895e-09	-5.196182e+00	-6.855893e+02
5.830000e-06	-9.346249e-10	-5.446773e-09	-5.360252e+00	-7.038687e+02
5.840000e-06	-9.631886e-10	-5.587744e-09	-5.524070e+00	-7.217403e+02
5.850000e-06	-9.916978e-10	-5.725048e-09	-5.687576e+00	-7.392143e+02
5.860000e-06	-1.020132e-09	-5.858801e-09	-5.850653e+00	-7.563010e+02
5.870000e-06	-1.048473e-09	-5.989683e-09	-6.013190e+00	-7.730108e+02
5.880000e-06	-1.076713e-09	-6.117611e-09	-6.175157e+00	-7.893547e+02
5.890000e-06	-1.104841e-09	-6.242144e-09	-6.336476e+00	-8.053438e+02
5.900000e-06	-1.132837e-09	-6.363461e-09	-6.497036e+00	-8.209897e+02
5.910000e-06	-1.160683e-09	-6.481864e-09	-6.656736e+00	-8.363037e+02
5.920000e-06	-1.188378e-09	-6.598047e-09	-6.815573e+00	-8.512973e+02
5.930000e-06	-1.215938e-09	-6.712565e-09	-6.973637e+00	-8.659818e+02
5.940000e-06	-1.243370e-09	-6.825558e-09	-7.130961e+00	-8.803676e+02
5.950000e-06	-1.270682e-09	-6.937349e-09	-7.287601e+00	-8.944649e+02
5.960000e-06	-1.297901e-09	-7.047456e-09	-7.443708e+00	-9.082826e+02
5.970000e-06	-1.325049e-09	-7.155021e-09	-7.599408e+00	-9.218292e+02
5.980000e-06	-1.352142e-09	-7.259943e-09	-7.754795e+00	-9.351119e+02
5.990000e-06	-1.379191e-09	-7.362495e-09	-7.909923e+00	-9.481376e+02
6.000000e-06	-1.406185e-09	-7.462695e-09	-8.064740e+00	-9.609122e+02
6.010000e-06	-1.433106e-09	-7.560100e-09	-8.219137e+00	-9.734417e+02
6.020000e-06	-1.459930e-09	-7.655146e-09	-8.372977e+00	-9.857320e+02
6.030000e-06	-1.486643e-09	-7.749059e-09	-8.526179e+00	-9.977893e+02
6.040000e-06	-1.513239e-09	-7.841970e-09	-8.678712e+00	-1.009620e+03
6.050000e-06	-1.539722e-09	-7.933250e-09	-8.830599e+00	-1.021233e+03
6.060000e-06	-1.566107e-09	-8.021962e-09	-8.981925e+00	-1.032636e+03
6.070000e-06	-1.592399e-09	-8.108356e-09	-9.132711e+00	-1.043837e+03
6.080000e-06	-1.618596e-09	-8.194111e-09	-9.282959e+00	-1.054849e+03
6.090000e-06	-1.644691e-09	-8.279826e-09	-9.432614e+00	-1.065681e+03
6.100000e-06	-1.670654e-09	-8.364888e-09	-9.581521e+00	-1.076344e+03
6.110000e-06	-1.696477e-09	-8.448779e-09	-9.729621e+00	-1.086848e+03
6.120000e-06	-1.722167e-09	-8.531091e-09	-9.876954e+00	-1.097203e+03
6.130000e-06	-1.747744e-09	-8.611742e-09	-1.002364e+01	-1.107417e+03
6.140000e-06	-1.773242e-09	-8.690685e-09	-1.016988e+01	-1.117496e+03
6.150000e-06	-1.798673e-09	-8.768111e-09	-1.031573e+01	-1.127444e+03
6.160000e-06	-1.824025e-09	-8.844811e-09	-1.046113e+01	-1.137264e+03
6.170000e-06	-1.849267e-09	-8.921052e-09	-1.060590e+01	-1.146953e+03
6.180000e-06	-1.874354e-09	-8.996235e-09	-1.074978e+01	-1.156509e+03
6.190000e-06	-1.899249e-09	-9.070077e-09	-1.089256e+01	-1.165927e+03
6.200000e-06	-1.923924e-09	-9.142973e-09	-1.103407e+01	-1.175200e+03
6.210000e-06	-1.948367e-09	-9.214568e-09	-1.117426e+01	-1.184321e+03
6.220000e-06	-1.972595e-09	-9.283987e-09	-1.131321e+01	-1.193281e+03
6.230000e-06	-1.996657e-09	-9.351280e-09	-1.145121e+01	-1.202072e+03
6.240000e-06	-2.020603e-09	-9.417417e-09	-1.158854e+01	-1.210690e+03
6.250000e-06	-2.044461e-09	-9.482849e-09	-1.172538e+01	-1.219128e+03
6.260000e-06	-2.068235e-09	-9.546862e-09	-1.186173e+01	-1.227385e+03
6.270000e-06	-2.091893e-09	-9.609064e-09	-1.199740e+01	-1.235461e+03
6.280000e-06	-2.115398e-09	-9.670450e-09	-1.213221e+01	-1.243360e+03
6.290000e-06	-2.138738e-09	-9.731419e-09	-1.226607e+01	-1.251085e+03
6.300000e-06	-2.161921e-09	-9.790698e-09	-1.239903e+01	-1.258646e+03
6.310000e-06	-2.184958e-09	-9.847557e-09	-1.253115e+01	-1.266052e+03
6.320000e-06	-2.207838e-09	-9.903054e-09	-1.266237e+01	-1.273313e+03
6.330000e-06	-2.230552e-09	-9.958153e-09	-1.279264e+01	-1.280443e+03
6.340000e-06	-2.253100e-09	-1.001253e-08	-1.292196e+01	-1.287451e+03
6.350000e-06	-2.275499e-09	-1.006637e-08	-1.305042e+01	-1.294351e+03
6.360000e-06	-2.297792e-09	-1.011984e-08	-1.317828e+01	-1.301150e+03
6.370000e-06	-2.319982e-09	-1.017270e-08	-1.330554e+01	-1.307859e+03
6.380000e-06	-2.342008e-09	-1.022486e-08	-1.343187e+01	-1.314483e+03
6.390000e-06	-2.363806e-09	-1.027601e-08	-1.355688e+01	-1.321028e+03
6.400000e-06	-2.385323e-09	-1.032651e-08	-1.368028e+01	-1.327497e+03
6.410000e-06	-2.406555e-09	-1.037648e-08	-1.380205e+01	-1.333890e+03
6.420000e-06	-2.427551e-09	-1.042567e-08	-1.392247e+01	-1.340207e+03
6.430000e-06	-2.448361e-09	-1.047424e-08	-1.404182e+01	-1.346449e+03
6.440000e-06	-2.469014e-09	-1.052238e-08	-1.416027e+01	-1.352613e+03
6.450000e-06	-2.489505e-09	-1.057037e-08	-1.427779e+01	-1.358698e+03
6.460000e-06	-2.509813e-09	-1.061802e-08	-1.439426e+01	-1.364703e+03
6.470000e-06	-2.529937e-09	-1.066477e-08	-1.450967e+01	-1.370626e+03
6.480000e-06	-2.549876e-09	-1.071075e-08	-1.462403e+01	-1.376467e+03
6.490000e-06	-2.569602e-09	-1.075620e-08	-1.473716e+01	-1.382228e+03
6.500000e-06	-2.589067e-09	-1.080128e-08	-1.484879e+01	-1.387908e+03
6.510000e-06	-2.608241e-09	-1.084579e-08	-1.495876e+01	-1.393508e+03
6.520000e-06	-2.627140e-09	-1.088925e-08	-1.506715e+01	-1.399030e+03
6.530000e-06	-2.645822e-09	-1.093185e-08	-1.517429e+01	-1.404475e+03
6.540000e-06	-2.664347e-09	-1.097394e-08	-1.528054e+01	-1.409844e+03
6.550000e-06	-2.682742e-09	-1.101542e-08	-1.538604e+01	-1.415136e+03
6.560000e-06	-2.700988e-09	-1.105630e-08	-1.549068e+01	-1.420350e+03
6.570000e-06	-2.719048e-09	-1.109710e-08	-1.559426e+01	-1.425484e+03
6.580000e-06	-2.736905e-09	-1.113748e-08	-1.569667e+01	-1.430535e+03
6.590000e-06	-2.754578e-09	-1.117629e-08	-1.579803e+01	-1.435500e+03
6.600000e-06	-2.772111e-09	-1.121348e-08	-1.589858e+01	-1.440375e+03
6.610000e-06	-2.789526e-09	-1.124981e-08	-1.599846e+01	-1.445153e+03
6.620000e-06	-2.806796e-09	-1.128554e-08	-1.609751e+01	-1.449833e+03
6.630000e-06	-2.823875e-09	-1.132062e-08	-1.619546e+01	-1.454409e+03
6.640000e-06	-2.840752e-09	-1.135507e-08	-1.629225e+01	-1.458878e+03
6.650000e-06	-2.857436e-09	-1.138926e-08	-1.638794e+01	-1.463238e+03
6.660000e-06	-2.873919e-09	-1.142370e-08	-1.648248e+01	-1.467489e+03
6.670000e-06	-2.890187e-09	-1.145741e-08	-1.657577e+01	-1.471632e+03
6.680000e-06	-2.906259e-09	-1.148894e-08	-1.666795e+01	-1.475668e+03
6.690000e-06	-2.922178e-09	-1.151842e-08	-1.675925e+01	-1.479601e+03
6.700000e-06	-2.937953e-09	-1.154723e-08	-1.684972e+01	-1.483435e+03
6.710000e-06	-2.953545e-09	-1.157597e-08	-1.693914e+01	-1.487175e+03
6.720000e-06	-2.968881e-09	-1.160418e-08	-1.702710e+01	-1.490828e+03
6.730000e-06	-2.983904e-09	-1.163196e-08	-1.711326e+01	-1.494398e+03
6.740000e-06	-2.998609e-09	-1.165982e-08	-1.719759e+01	-1.497891e+03
6.750000e-06	-3.013064e-09	-1.168771e-08	-1.728050e+01	-1.501312e+03
6.760000e-06	-3.027354e-09	-1.171440e-08	-1.736245e+01	-1.504665e+03
6.770000e-06	-3.041491e-09	-1.173957e-08	-1.744353e+01	-1.507954e+03
6.780000e-06	-3.055434e-09	-1.176418e-08	-1.752350e+01	-1.511181e+03
6.790000e-06	-3.069150e-09	-1.178861e-08	-1.760216e+01	-1.514347e+03
6.800000e-06	-3.082634e-09	-1.181292e-08	-1.767949e+01	-1.517453e+03
6.810000e-06	-3.095892e-09	-1.183782e-08	-1.775553e+01	-1.520501e+03
6.820000e-06	-3.108940e-09	-1.186319e-08	-1.783036e+01	-1.523488e+03
6.830000e-06	-3.121798e-09	-1.188744e-08	-1.790411e+01	-1.526417e+03
6.840000e-06	-3.134484e-09	-1.190979e-08	-1.797686e+01	-1.529285e+03
6.850000e-06	-3.146976e-09	-1.193141e-08	-1.804851e+01	-1.532094e+03
6.860000e-06	-3.159203e-09	-1.195369e-08	-1.811863e+01	-1.534845e+03
6.870000e-06	-3.171093e-09	-1.197638e-08	-1.818682e+01	-1.537537e+03
6.880000e-06	-3.182643e-09	-1.199857e-08	-1.825307e+01	-1.540174e+03
6.890000e-06	-3.193926e-09	-1.201967e-08	-1.831777e+01	-1.542756e+03
6.900000e-06	-3.205030e-09	-1.204006e-08	-1.838146e+01	-1.545286e+03
6.910000e-06	-3.215974e-09	-1.206034e-08	-1.844423e+01	-1.547766e+03
6.920000e-06	-3.226712e-09	-1.208005e-08	-1.850581e+01	-1.550199e+03
6.930000e-06	-3.237212e-09	-1.209885e-08	-1.856603e+01	-1.552586e+03
6.940000e-06	-3.247472e-09	-1.211740e-08	-1.862487e+01	-1.554929e+03
6.950000e-06	-3.257490e-09	-1.213687e-08	-1.868233e+01	-1.557229e+03
6.960000e-06	-3.267274e-09	-1.215688e-08	-1.873844e+01	-1.559488e+03
6.970000e-06	-3.276873e-09	-1.217561e-08	-1.879349e+01	-1.561705e+03
6.980000e-06	-3.286323e-09	-1.219259e-08	-1.884769e+01	-1.563880e+03
6.990000e-06	-3.295576e-09	-1.220880e-08	-1.890076e+01	-1.566012e+03
7.000000e-06	-3.304540e-09	-1.222525e-08	-1.895217e+01	-1.568102e+03
7.010000e-06	-3.313152e-09	-1.224182e-08	-1.900156e+01	-1.570146e+03
7.020000e-06	-3.321426e-09	-1.225811e-08	-1.904901e+01	-1.572145e+03
7.030000e-06	-3.329453e-09	-1.227414e-08	-1.909505e+01	-1.574096e+03
7.040000e-06	-3.337304e-09	-1.229008e-08	-1.914007e+01	-1.576000e+03
7.050000e-06	-3.344972e-09	-1.230614e-08	-1.918405e+01	-1.577856e+03
7.060000e-06	-3.352414e-09	-1.232156e-08	-1.922674e+01	-1.579662e+03
7.070000e-06	-3.359626e-09	-1.233558e-08	-1.926809e+01	-1.581418e+03
7.080000e-06	-3.366618e-09	-1.234871e-08	-1.930820e+01	-1.583125e+03
7.090000e-06	-3.373371e-09	-1.236163e-08	-1.934693e+01	-1.584782e+03
7.100000e-06	-3.379896e-09	-1.237470e-08	-1.938435e+01	-1.586388e+03
7.110000e-06	-3.386244e-09	-1.238794e-08	-1.942075e+01	-1.587944e+03
7.120000e-06	-3.392416e-09	-1.240063e-08	-1.945616e+01	-1.589449e+03
7.130000e-06	-3.398314e-09	-1.241236e-08	-1.948998e+01	-1.590902e+03
7.140000e-06	-3.403829e-09	-1.242376e-08	-1.952161e+01	-1.592303e+03
7.150000e-06	-3.408967e-09	-1.243472e-08	-1.955108e+01	-1.593650e+03
7.160000e-06	-3.413815e-09	-1.244473e-08	-1.957888e+01	-1.594943e+03
7.170000e-06	-3.418426e-09	-1.245411e-08	-1.960532e+01	-1.596179e+03
7.180000e-06	-3.422792e-09	-1.246308e-08	-1.963037e+01	-1.597357e+03
7.190000e-06	-3.426909e-09	-1.247206e-08	-1.965398e+01	-1.598475e+03
7.200000e-06	-3.430795e-09	-1.248148e-08	-1.967626e+01	-1.599533e+03
7.210000e-06	-3.434442e-09	-1.249033e-08	-1.969718e+01	-1.600529e+03
7.220000e-06	-3.437847e-09	-1.249722e-08	-1.971671e+01	-1.601461e+03
7.230000e-06	-3.441048e-09	-1.250275e-08	-1.973507e+01	-1.602329e+03
7.240000e-06	-3.444082e-09	-1.250827e-08	-1.975247e+01	-1.603132e+03
7.250000e-06	-3.446902e-09	-1.251421e-08	-1.976864e+01	-1.603870e+03
7.260000e-06	-3.449412e-09	-1.252007e-08	-1.978303e+01	-1.604543e+03
7.270000e-06	-3.451551e-09	-1.252489e-08	-1.979530e+01	-1.605149e+03
7.280000e-06	-3.453361e-09	-1.252873e-08	-1.980569e+01	-1.605689e+03
7.290000e-06	-3.454945e-09	-1.253237e-08	-1.981477e+01	-1.606163e+03
7.300000e-06	-3.456343e-09	-1.253556e-08	-1.982278e+01	-1.606570e+03
7.310000e-06	-3.457527e-09	-1.253727e-08	-1.982957e+01	-1.606910e+03
7.320000e-06	-3.458476e-09	-1.253808e-08	-1.983502e+01	-1.607184e+03
7.330000e-06	-3.459207e-09	-1.253904e-08	-1.983921e+01	-1.607390e+03
7.340000e-06	-3.459683e-09	-1.253995e-08	-1.984194e+01	-1.607529e+03
7.350000e-06	-3.459903e-09	-1.254034e-08	-1.984320e+01	-1.607601e+03
