# Concentracion g/m^3_=_53300.0
# C_Vs_to_Am_M_A/Vsm_=_128687336408.14134
# pendiente_HvsI_1/m_=_3716.3
# ordenada_HvsI_A/m_=_1297.0
# frecuencia_Hz_=_136043.4667546774
# Promedio de 27 ciclos

Tiempo_(s)	Campo_(V.s)	Magnetizacion_(V.s)	Campo_(kA/m)	Magnetizacion_(A/m)
0.000000e+00	-4.180037e-09	-1.431849e-08	-2.354256e+01	-1.836437e+03
1.000000e-08	-4.180029e-09	-1.431689e-08	-2.354252e+01	-1.836347e+03
2.000000e-08	-4.179793e-09	-1.431499e-08	-2.354119e+01	-1.836184e+03
3.000000e-08	-4.179211e-09	-1.431286e-08	-2.353791e+01	-1.835955e+03
4.000000e-08	-4.178230e-09	-1.431108e-08	-2.353239e+01	-1.835665e+03
5.000000e-08	-4.176875e-09	-1.431034e-08	-2.352476e+01	-1.835320e+03
6.000000e-08	-4.175164e-09	-1.431038e-08	-2.351512e+01	-1.834924e+03
7.000000e-08	-4.173031e-09	-1.430405e-08	-2.350311e+01	-1.834481e+03
8.000000e-08	-4.170539e-09	-1.428531e-08	-2.348908e+01	-1.833993e+03
9.000000e-08	-4.167906e-09	-1.427083e-08	-2.347425e+01	-1.833460e+03
1.000000e-07	-4.165103e-09	-1.427660e-08	-2.345846e+01	-1.832882e+03
1.100000e-07	-4.162092e-09	-1.429126e-08	-2.344150e+01	-1.832256e+03
1.200000e-07	-4.158918e-09	-1.428859e-08	-2.342363e+01	-1.831579e+03
1.300000e-07	-4.155317e-09	-1.426171e-08	-2.340335e+01	-1.830849e+03
1.400000e-07	-4.151114e-09	-1.425717e-08	-2.337968e+01	-1.830061e+03
1.500000e-07	-4.146513e-09	-1.428092e-08	-2.335376e+01	-1.829213e+03
1.600000e-07	-4.141682e-09	-1.425907e-08	-2.332656e+01	-1.828300e+03
1.700000e-07	-4.136571e-09	-1.421104e-08	-2.329777e+01	-1.827322e+03
1.800000e-07	-4.131122e-09	-1.421648e-08	-2.326708e+01	-1.826275e+03
1.900000e-07	-4.125352e-09	-1.423243e-08	-2.323459e+01	-1.825161e+03
2.000000e-07	-4.119283e-09	-1.421435e-08	-2.320041e+01	-1.823978e+03
2.100000e-07	-4.112846e-09	-1.420079e-08	-2.316415e+01	-1.822728e+03
2.200000e-07	-4.106001e-09	-1.419595e-08	-2.312560e+01	-1.821412e+03
2.300000e-07	-4.098807e-09	-1.418005e-08	-2.308509e+01	-1.820033e+03
2.400000e-07	-4.091320e-09	-1.416797e-08	-2.304292e+01	-1.818591e+03
2.500000e-07	-4.083601e-09	-1.415967e-08	-2.299945e+01	-1.817088e+03
2.600000e-07	-4.075670e-09	-1.413531e-08	-2.295478e+01	-1.815526e+03
2.700000e-07	-4.067496e-09	-1.411589e-08	-2.290874e+01	-1.813904e+03
2.800000e-07	-4.059043e-09	-1.412145e-08	-2.286113e+01	-1.812224e+03
2.900000e-07	-4.050329e-09	-1.411944e-08	-2.281206e+01	-1.810485e+03
3.000000e-07	-4.041357e-09	-1.408798e-08	-2.276152e+01	-1.808684e+03
3.100000e-07	-4.032092e-09	-1.406100e-08	-2.270934e+01	-1.806822e+03
3.200000e-07	-4.022563e-09	-1.405721e-08	-2.265567e+01	-1.804897e+03
3.300000e-07	-4.012804e-09	-1.404772e-08	-2.260071e+01	-1.802906e+03
3.400000e-07	-4.002768e-09	-1.402118e-08	-2.254419e+01	-1.800849e+03
3.500000e-07	-3.992355e-09	-1.400188e-08	-2.248554e+01	-1.798725e+03
3.600000e-07	-3.981523e-09	-1.399294e-08	-2.242454e+01	-1.796532e+03
3.700000e-07	-3.970348e-09	-1.397721e-08	-2.236160e+01	-1.794271e+03
3.800000e-07	-3.958903e-09	-1.395504e-08	-2.229714e+01	-1.791942e+03
3.900000e-07	-3.947207e-09	-1.393280e-08	-2.223127e+01	-1.789545e+03
4.000000e-07	-3.935265e-09	-1.390916e-08	-2.216401e+01	-1.787081e+03
4.100000e-07	-3.923050e-09	-1.388770e-08	-2.209521e+01	-1.784551e+03
4.200000e-07	-3.910554e-09	-1.387230e-08	-2.202483e+01	-1.781955e+03
4.300000e-07	-3.897840e-09	-1.385588e-08	-2.195323e+01	-1.779294e+03
4.400000e-07	-3.884957e-09	-1.383073e-08	-2.188067e+01	-1.776567e+03
4.500000e-07	-3.871803e-09	-1.380256e-08	-2.180658e+01	-1.773775e+03
4.600000e-07	-3.858227e-09	-1.378067e-08	-2.173012e+01	-1.770915e+03
4.700000e-07	-3.844242e-09	-1.375994e-08	-2.165136e+01	-1.767987e+03
4.800000e-07	-3.829972e-09	-1.373174e-08	-2.157099e+01	-1.764988e+03
4.900000e-07	-3.815490e-09	-1.370332e-08	-2.148942e+01	-1.761917e+03
5.000000e-07	-3.800784e-09	-1.368350e-08	-2.140660e+01	-1.758773e+03
5.100000e-07	-3.785792e-09	-1.366351e-08	-2.132216e+01	-1.755552e+03
5.200000e-07	-3.770488e-09	-1.363513e-08	-2.123597e+01	-1.752254e+03
5.300000e-07	-3.754904e-09	-1.360558e-08	-2.114820e+01	-1.748877e+03
5.400000e-07	-3.739087e-09	-1.357813e-08	-2.105912e+01	-1.745422e+03
5.500000e-07	-3.723069e-09	-1.354671e-08	-2.096890e+01	-1.741888e+03
5.600000e-07	-3.706810e-09	-1.351455e-08	-2.087733e+01	-1.738276e+03
5.700000e-07	-3.690233e-09	-1.348870e-08	-2.078397e+01	-1.734588e+03
5.800000e-07	-3.673297e-09	-1.346280e-08	-2.068858e+01	-1.730824e+03
5.900000e-07	-3.656029e-09	-1.343029e-08	-2.059133e+01	-1.726986e+03
6.000000e-07	-3.638504e-09	-1.339860e-08	-2.049263e+01	-1.723075e+03
6.100000e-07	-3.620762e-09	-1.337025e-08	-2.039270e+01	-1.719092e+03
6.200000e-07	-3.602765e-09	-1.333697e-08	-2.029134e+01	-1.715037e+03
6.300000e-07	-3.584489e-09	-1.330045e-08	-2.018841e+01	-1.710910e+03
6.400000e-07	-3.565955e-09	-1.326772e-08	-2.008402e+01	-1.706709e+03
6.500000e-07	-3.547181e-09	-1.323508e-08	-1.997829e+01	-1.702434e+03
6.600000e-07	-3.528175e-09	-1.320021e-08	-1.987124e+01	-1.698082e+03
6.700000e-07	-3.508936e-09	-1.316783e-08	-1.976288e+01	-1.693649e+03
6.800000e-07	-3.489435e-09	-1.313509e-08	-1.965305e+01	-1.689134e+03
6.900000e-07	-3.469601e-09	-1.309583e-08	-1.954135e+01	-1.684533e+03
7.000000e-07	-3.449389e-09	-1.305513e-08	-1.942751e+01	-1.679844e+03
7.100000e-07	-3.428838e-09	-1.301831e-08	-1.931177e+01	-1.675063e+03
7.200000e-07	-3.408011e-09	-1.298081e-08	-1.919447e+01	-1.670190e+03
7.300000e-07	-3.386938e-09	-1.294087e-08	-1.907578e+01	-1.665222e+03
7.400000e-07	-3.365634e-09	-1.290242e-08	-1.895580e+01	-1.660161e+03
7.500000e-07	-3.344106e-09	-1.286409e-08	-1.883455e+01	-1.655005e+03
7.600000e-07	-3.322340e-09	-1.282285e-08	-1.871196e+01	-1.649756e+03
7.700000e-07	-3.300332e-09	-1.278023e-08	-1.858801e+01	-1.644414e+03
7.800000e-07	-3.278101e-09	-1.273607e-08	-1.846280e+01	-1.638982e+03
7.900000e-07	-3.255689e-09	-1.268934e-08	-1.833658e+01	-1.633460e+03
8.000000e-07	-3.233086e-09	-1.264388e-08	-1.820927e+01	-1.627850e+03
8.100000e-07	-3.210212e-09	-1.260142e-08	-1.808044e+01	-1.622153e+03
8.200000e-07	-3.187004e-09	-1.255798e-08	-1.794973e+01	-1.616368e+03
8.300000e-07	-3.163472e-09	-1.251216e-08	-1.781720e+01	-1.610495e+03
8.400000e-07	-3.139693e-09	-1.246543e-08	-1.768328e+01	-1.604533e+03
8.500000e-07	-3.115727e-09	-1.241700e-08	-1.754830e+01	-1.598482e+03
8.600000e-07	-3.091588e-09	-1.236652e-08	-1.741234e+01	-1.592338e+03
8.700000e-07	-3.067256e-09	-1.231602e-08	-1.727530e+01	-1.586100e+03
8.800000e-07	-3.042709e-09	-1.226586e-08	-1.713705e+01	-1.579765e+03
8.900000e-07	-3.017946e-09	-1.221531e-08	-1.699758e+01	-1.573331e+03
9.000000e-07	-2.992974e-09	-1.216489e-08	-1.685694e+01	-1.566796e+03
9.100000e-07	-2.967787e-09	-1.211449e-08	-1.671508e+01	-1.560157e+03
9.200000e-07	-2.942393e-09	-1.206248e-08	-1.657206e+01	-1.553412e+03
9.300000e-07	-2.916816e-09	-1.200842e-08	-1.642800e+01	-1.546561e+03
9.400000e-07	-2.891065e-09	-1.195300e-08	-1.628297e+01	-1.539601e+03
9.500000e-07	-2.865115e-09	-1.189640e-08	-1.613682e+01	-1.532530e+03
9.600000e-07	-2.838913e-09	-1.183906e-08	-1.598925e+01	-1.525346e+03
9.700000e-07	-2.812437e-09	-1.178167e-08	-1.584013e+01	-1.518049e+03
9.800000e-07	-2.785707e-09	-1.172337e-08	-1.568959e+01	-1.510634e+03
9.900000e-07	-2.758760e-09	-1.166342e-08	-1.553782e+01	-1.503099e+03
1.000000e-06	-2.731638e-09	-1.160275e-08	-1.538506e+01	-1.495440e+03
1.010000e-06	-2.704369e-09	-1.154152e-08	-1.523148e+01	-1.487653e+03
1.020000e-06	-2.676944e-09	-1.147892e-08	-1.507701e+01	-1.479735e+03
1.030000e-06	-2.649342e-09	-1.141491e-08	-1.492156e+01	-1.471680e+03
1.040000e-06	-2.621548e-09	-1.134954e-08	-1.476502e+01	-1.463485e+03
1.050000e-06	-2.593548e-09	-1.128313e-08	-1.460732e+01	-1.455146e+03
1.060000e-06	-2.565346e-09	-1.121667e-08	-1.444848e+01	-1.446659e+03
1.070000e-06	-2.536955e-09	-1.114985e-08	-1.428858e+01	-1.438024e+03
1.080000e-06	-2.508397e-09	-1.108162e-08	-1.412774e+01	-1.429238e+03
1.090000e-06	-2.479688e-09	-1.101155e-08	-1.396605e+01	-1.420303e+03
1.100000e-06	-2.450845e-09	-1.093954e-08	-1.380360e+01	-1.411219e+03
1.110000e-06	-2.421850e-09	-1.086587e-08	-1.364030e+01	-1.401988e+03
1.120000e-06	-2.392667e-09	-1.079126e-08	-1.347593e+01	-1.392615e+03
1.130000e-06	-2.363265e-09	-1.071689e-08	-1.331034e+01	-1.383103e+03
1.140000e-06	-2.333614e-09	-1.064271e-08	-1.314334e+01	-1.373454e+03
1.150000e-06	-2.303714e-09	-1.056745e-08	-1.297494e+01	-1.363673e+03
1.160000e-06	-2.273589e-09	-1.049035e-08	-1.280528e+01	-1.353761e+03
1.170000e-06	-2.243273e-09	-1.041193e-08	-1.263454e+01	-1.343720e+03
1.180000e-06	-2.212799e-09	-1.033319e-08	-1.246290e+01	-1.333549e+03
1.190000e-06	-2.182171e-09	-1.025357e-08	-1.229040e+01	-1.323245e+03
1.200000e-06	-2.151386e-09	-1.017217e-08	-1.211701e+01	-1.312804e+03
1.210000e-06	-2.120444e-09	-1.008904e-08	-1.194275e+01	-1.302220e+03
1.220000e-06	-2.089342e-09	-1.000515e-08	-1.176758e+01	-1.291485e+03
1.230000e-06	-2.058076e-09	-9.921073e-09	-1.159148e+01	-1.280592e+03
1.240000e-06	-2.026627e-09	-9.835886e-09	-1.141436e+01	-1.269530e+03
1.250000e-06	-1.994977e-09	-9.748346e-09	-1.123610e+01	-1.258290e+03
1.260000e-06	-1.963119e-09	-9.659379e-09	-1.105668e+01	-1.246863e+03
1.270000e-06	-1.931073e-09	-9.570263e-09	-1.087619e+01	-1.235241e+03
1.280000e-06	-1.898864e-09	-9.479710e-09	-1.069479e+01	-1.223416e+03
1.290000e-06	-1.866507e-09	-9.386153e-09	-1.051255e+01	-1.211384e+03
1.300000e-06	-1.834026e-09	-9.289707e-09	-1.032962e+01	-1.199141e+03
1.310000e-06	-1.801443e-09	-9.191213e-09	-1.014610e+01	-1.186683e+03
1.320000e-06	-1.768756e-09	-9.091289e-09	-9.962000e+00	-1.174011e+03
1.330000e-06	-1.735956e-09	-8.990377e-09	-9.777271e+00	-1.161124e+03
1.340000e-06	-1.703049e-09	-8.887995e-09	-9.591930e+00	-1.148023e+03
1.350000e-06	-1.670026e-09	-8.783575e-09	-9.405943e+00	-1.134709e+03
1.360000e-06	-1.636882e-09	-8.678010e-09	-9.219273e+00	-1.121181e+03
1.370000e-06	-1.603629e-09	-8.571902e-09	-9.031984e+00	-1.107440e+03
1.380000e-06	-1.570280e-09	-8.464345e-09	-8.844158e+00	-1.093483e+03
1.390000e-06	-1.536844e-09	-8.354542e-09	-8.655844e+00	-1.079306e+03
1.400000e-06	-1.503334e-09	-8.242446e-09	-8.467107e+00	-1.064904e+03
1.410000e-06	-1.469750e-09	-8.128332e-09	-8.277957e+00	-1.050269e+03
1.420000e-06	-1.436093e-09	-8.012759e-09	-8.088394e+00	-1.035392e+03
1.430000e-06	-1.402370e-09	-7.896088e-09	-7.898463e+00	-1.020263e+03
1.440000e-06	-1.368565e-09	-7.777670e-09	-7.708065e+00	-1.004869e+03
1.450000e-06	-1.334662e-09	-7.656250e-09	-7.517118e+00	-9.891982e+02
1.460000e-06	-1.300662e-09	-7.531506e-09	-7.325626e+00	-9.732391e+02
1.470000e-06	-1.266563e-09	-7.403504e-09	-7.133577e+00	-9.569795e+02
1.480000e-06	-1.232371e-09	-7.271997e-09	-6.941003e+00	-9.404086e+02
1.490000e-06	-1.198096e-09	-7.137595e-09	-6.747960e+00	-9.235163e+02
1.500000e-06	-1.163736e-09	-7.001615e-09	-6.554439e+00	-9.062939e+02
1.510000e-06	-1.129302e-09	-6.864465e-09	-6.360506e+00	-8.887341e+02
1.520000e-06	-1.094808e-09	-6.725540e-09	-6.166230e+00	-8.708304e+02
1.530000e-06	-1.060241e-09	-6.584340e-09	-5.971542e+00	-8.525770e+02
1.540000e-06	-1.025588e-09	-6.440529e-09	-5.776374e+00	-8.339687e+02
1.550000e-06	-9.908592e-10	-6.293845e-09	-5.580775e+00	-8.150003e+02
1.560000e-06	-9.560648e-10	-6.144486e-09	-5.384809e+00	-7.956659e+02
1.570000e-06	-9.212043e-10	-5.992708e-09	-5.188470e+00	-7.759589e+02
1.580000e-06	-8.862819e-10	-5.837532e-09	-4.991782e+00	-7.558711e+02
1.590000e-06	-8.513068e-10	-5.678036e-09	-4.794797e+00	-7.353932e+02
1.600000e-06	-8.162819e-10	-5.514502e-09	-4.597531e+00	-7.145137e+02
1.610000e-06	-7.812098e-10	-5.347842e-09	-4.399999e+00	-6.932198e+02
1.620000e-06	-7.460956e-10	-5.178705e-09	-4.202230e+00	-6.714969e+02
1.630000e-06	-7.109469e-10	-5.006397e-09	-4.004266e+00	-6.493290e+02
1.640000e-06	-6.757755e-10	-4.830520e-09	-3.806173e+00	-6.266990e+02
1.650000e-06	-6.405816e-10	-4.651281e-09	-3.607954e+00	-6.035893e+02
1.660000e-06	-6.053548e-10	-4.468301e-09	-3.409550e+00	-5.799816e+02
1.670000e-06	-5.701014e-10	-4.280861e-09	-3.210996e+00	-5.558581e+02
1.680000e-06	-5.348233e-10	-4.088273e-09	-3.012303e+00	-5.312010e+02
1.690000e-06	-4.995090e-10	-3.890234e-09	-2.813407e+00	-5.059938e+02
1.700000e-06	-4.641589e-10	-3.687207e-09	-2.614309e+00	-4.802207e+02
1.710000e-06	-4.287662e-10	-3.480548e-09	-2.414972e+00	-4.538677e+02
1.720000e-06	-3.933319e-10	-3.270186e-09	-2.215400e+00	-4.269221e+02
1.730000e-06	-3.578629e-10	-3.054779e-09	-2.015634e+00	-3.993737e+02
1.740000e-06	-3.223685e-10	-2.834599e-09	-1.815725e+00	-3.712142e+02
1.750000e-06	-2.868517e-10	-2.610227e-09	-1.615690e+00	-3.424383e+02
1.760000e-06	-2.513046e-10	-2.381489e-09	-1.415485e+00	-3.130438e+02
1.770000e-06	-2.157326e-10	-2.148354e-09	-1.215139e+00	-2.830325e+02
1.780000e-06	-1.801479e-10	-1.910821e-09	-1.014723e+00	-2.524105e+02
1.790000e-06	-1.445584e-10	-1.668151e-09	-8.142786e-01	-2.211893e+02
1.800000e-06	-1.089641e-10	-1.420271e-09	-6.138083e-01	-1.893863e+02
1.810000e-06	-7.335979e-11	-1.168105e-09	-4.132815e-01	-1.570260e+02
1.820000e-06	-3.773757e-11	-9.117222e-10	-2.126541e-01	-1.241400e+02
1.830000e-06	-2.101548e-12	-6.514049e-10	-1.194895e-02	-9.076861e+01
1.840000e-06	3.355442e-11	-3.880165e-10	1.888685e-01	-5.696024e+01
1.850000e-06	6.922697e-11	-1.217176e-10	3.897792e-01	-2.277214e+01
1.860000e-06	1.048918e-10	1.473042e-10	5.906469e-01	1.173001e+01
1.870000e-06	1.405293e-10	4.176188e-10	7.913604e-01	4.647264e+01
1.880000e-06	1.761404e-10	6.881067e-10	9.919255e-01	8.137521e+01
1.890000e-06	2.117299e-10	9.585946e-10	1.192370e+00	1.163515e+02
1.900000e-06	2.472880e-10	1.228427e-09	1.392637e+00	1.513111e+02
1.910000e-06	2.828131e-10	1.497456e-09	1.592719e+00	1.861617e+02
1.920000e-06	3.182950e-10	1.765876e-09	1.792558e+00	2.208106e+02
1.930000e-06	3.537363e-10	2.032734e-09	1.992169e+00	2.551672e+02
1.940000e-06	3.891504e-10	2.296282e-09	2.191627e+00	2.891452e+02
1.950000e-06	4.245360e-10	2.555290e-09	2.390924e+00	3.226644e+02
1.960000e-06	4.598939e-10	2.809280e-09	2.590065e+00	3.556526e+02
1.970000e-06	4.952190e-10	3.057950e-09	2.789023e+00	3.880470e+02
1.980000e-06	5.305198e-10	3.301517e-09	2.987843e+00	4.197954e+02
1.990000e-06	5.658030e-10	3.540559e-09	3.186565e+00	4.508564e+02
2.000000e-06	6.010618e-10	3.775282e-09	3.385149e+00	4.811999e+02
2.010000e-06	6.362861e-10	4.005159e-09	3.583539e+00	5.108069e+02
2.020000e-06	6.714698e-10	4.229030e-09	3.781700e+00	5.396683e+02
2.030000e-06	7.066128e-10	4.446314e-09	3.979632e+00	5.677840e+02
2.040000e-06	7.417139e-10	4.657863e-09	4.177328e+00	5.951619e+02
2.050000e-06	7.767767e-10	4.864461e-09	4.374808e+00	6.218158e+02
2.060000e-06	8.118000e-10	5.065957e-09	4.572065e+00	6.477645e+02
2.070000e-06	8.467792e-10	5.261980e-09	4.769073e+00	6.730294e+02
2.080000e-06	8.817053e-10	5.452192e-09	4.965782e+00	6.976340e+02
2.090000e-06	9.165751e-10	5.636441e-09	5.162174e+00	7.216019e+02
2.100000e-06	9.513897e-10	5.814992e-09	5.358255e+00	7.449565e+02
2.110000e-06	9.861442e-10	5.988514e-09	5.553997e+00	7.677198e+02
2.120000e-06	1.020832e-09	6.158153e-09	5.749364e+00	7.899120e+02
2.130000e-06	1.055446e-09	6.325039e-09	5.944313e+00	8.115521e+02
2.140000e-06	1.089979e-09	6.488779e-09	6.138813e+00	8.326570e+02
2.150000e-06	1.124433e-09	6.647705e-09	6.332860e+00	8.532425e+02
2.160000e-06	1.158809e-09	6.801172e-09	6.526473e+00	8.733234e+02
2.170000e-06	1.193111e-09	6.950619e-09	6.719663e+00	8.929140e+02
2.180000e-06	1.227331e-09	7.097564e-09	6.912397e+00	9.120288e+02
2.190000e-06	1.261463e-09	7.241637e-09	7.104633e+00	9.306824e+02
2.200000e-06	1.295495e-09	7.382088e-09	7.296309e+00	9.488901e+02
2.210000e-06	1.329422e-09	7.519632e-09	7.487387e+00	9.666679e+02
2.220000e-06	1.363249e-09	7.655284e-09	7.677910e+00	9.840327e+02
2.230000e-06	1.396991e-09	7.789070e-09	7.867950e+00	1.001002e+03
2.240000e-06	1.430660e-09	7.919818e-09	8.057581e+00	1.017592e+03
2.250000e-06	1.464268e-09	8.046170e-09	8.246867e+00	1.033822e+03
2.260000e-06	1.497811e-09	8.168366e-09	8.435789e+00	1.049709e+03
2.270000e-06	1.531287e-09	8.287605e-09	8.624331e+00	1.065267e+03
2.280000e-06	1.564688e-09	8.404541e-09	8.812454e+00	1.080512e+03
2.290000e-06	1.597999e-09	8.518884e-09	9.000064e+00	1.095457e+03
2.300000e-06	1.631193e-09	8.630361e-09	9.187015e+00	1.110113e+03
2.310000e-06	1.664248e-09	8.739326e-09	9.373188e+00	1.124490e+03
2.320000e-06	1.697155e-09	8.846702e-09	9.558521e+00	1.138594e+03
2.330000e-06	1.729906e-09	8.953161e-09	9.742980e+00	1.152432e+03
2.340000e-06	1.762528e-09	9.058716e-09	9.926713e+00	1.166009e+03
2.350000e-06	1.795043e-09	9.162350e-09	1.010985e+01	1.179328e+03
2.360000e-06	1.827454e-09	9.263333e-09	1.029239e+01	1.192394e+03
2.370000e-06	1.859758e-09	9.363035e-09	1.047433e+01	1.205210e+03
2.380000e-06	1.891937e-09	9.461967e-09	1.065557e+01	1.217779e+03
2.390000e-06	1.923973e-09	9.558812e-09	1.083600e+01	1.230108e+03
2.400000e-06	1.955841e-09	9.652927e-09	1.101548e+01	1.242203e+03
2.410000e-06	1.987531e-09	9.744603e-09	1.119396e+01	1.254070e+03
2.420000e-06	2.019048e-09	9.834165e-09	1.137147e+01	1.265719e+03
2.430000e-06	2.050399e-09	9.922052e-09	1.154804e+01	1.277159e+03
2.440000e-06	2.081592e-09	1.000837e-08	1.172373e+01	1.288400e+03
2.450000e-06	2.112625e-09	1.009267e-08	1.189851e+01	1.299453e+03
2.460000e-06	2.143496e-09	1.017515e-08	1.207238e+01	1.310330e+03
2.470000e-06	2.174201e-09	1.025688e-08	1.224532e+01	1.321041e+03
2.480000e-06	2.204745e-09	1.033846e-08	1.241735e+01	1.331594e+03
2.490000e-06	2.235138e-09	1.041939e-08	1.258852e+01	1.341999e+03
2.500000e-06	2.265381e-09	1.049905e-08	1.275886e+01	1.352261e+03
2.510000e-06	2.295454e-09	1.057736e-08	1.292823e+01	1.362385e+03
2.520000e-06	2.325309e-09	1.065426e-08	1.309638e+01	1.372373e+03
2.530000e-06	2.354907e-09	1.072954e-08	1.326307e+01	1.382226e+03
2.540000e-06	2.384240e-09	1.080355e-08	1.342828e+01	1.391942e+03
2.550000e-06	2.413334e-09	1.087691e-08	1.359214e+01	1.401518e+03
2.560000e-06	2.442244e-09	1.094944e-08	1.375497e+01	1.410950e+03
2.570000e-06	2.471020e-09	1.102123e-08	1.391704e+01	1.420231e+03
2.580000e-06	2.499663e-09	1.109277e-08	1.407836e+01	1.429357e+03
2.590000e-06	2.528149e-09	1.116348e-08	1.423880e+01	1.438322e+03
2.600000e-06	2.556445e-09	1.123222e-08	1.439817e+01	1.447121e+03
2.610000e-06	2.584539e-09	1.129900e-08	1.455640e+01	1.455750e+03
2.620000e-06	2.612457e-09	1.136431e-08	1.471363e+01	1.464206e+03
2.630000e-06	2.640196e-09	1.142800e-08	1.486987e+01	1.472490e+03
2.640000e-06	2.667743e-09	1.149043e-08	1.502502e+01	1.480602e+03
2.650000e-06	2.695119e-09	1.155182e-08	1.517921e+01	1.488546e+03
2.660000e-06	2.722357e-09	1.161204e-08	1.533261e+01	1.496325e+03
2.670000e-06	2.749462e-09	1.167160e-08	1.548527e+01	1.503947e+03
2.680000e-06	2.776405e-09	1.173065e-08	1.563702e+01	1.511419e+03
2.690000e-06	2.803118e-09	1.178785e-08	1.578747e+01	1.518749e+03
2.700000e-06	2.829533e-09	1.184261e-08	1.593625e+01	1.525947e+03
2.710000e-06	2.855642e-09	1.189618e-08	1.608330e+01	1.533020e+03
2.720000e-06	2.881495e-09	1.194974e-08	1.622890e+01	1.539979e+03
2.730000e-06	2.907152e-09	1.200313e-08	1.637341e+01	1.546831e+03
2.740000e-06	2.932653e-09	1.205578e-08	1.651704e+01	1.553582e+03
2.750000e-06	2.957984e-09	1.210774e-08	1.665970e+01	1.560238e+03
2.760000e-06	2.983115e-09	1.215886e-08	1.680124e+01	1.566805e+03
2.770000e-06	3.008045e-09	1.220880e-08	1.694166e+01	1.573284e+03
2.780000e-06	3.032789e-09	1.225760e-08	1.708102e+01	1.579678e+03
2.790000e-06	3.057341e-09	1.230541e-08	1.721930e+01	1.585989e+03
2.800000e-06	3.081688e-09	1.235251e-08	1.735642e+01	1.592215e+03
2.810000e-06	3.105842e-09	1.239962e-08	1.749247e+01	1.598357e+03
2.820000e-06	3.129832e-09	1.244694e-08	1.762758e+01	1.604413e+03
2.830000e-06	3.153649e-09	1.249376e-08	1.776172e+01	1.610383e+03
2.840000e-06	3.177210e-09	1.253935e-08	1.789442e+01	1.616267e+03
2.850000e-06	3.200432e-09	1.258403e-08	1.802521e+01	1.622064e+03
2.860000e-06	3.223302e-09	1.262826e-08	1.815402e+01	1.627774e+03
2.870000e-06	3.245889e-09	1.267168e-08	1.828123e+01	1.633398e+03
2.880000e-06	3.268275e-09	1.271415e-08	1.840731e+01	1.638937e+03
2.890000e-06	3.290482e-09	1.275614e-08	1.853239e+01	1.644392e+03
2.900000e-06	3.312482e-09	1.279784e-08	1.865630e+01	1.649764e+03
2.910000e-06	3.334257e-09	1.283899e-08	1.877894e+01	1.655054e+03
2.920000e-06	3.355817e-09	1.287953e-08	1.890037e+01	1.660262e+03
2.930000e-06	3.377158e-09	1.291934e-08	1.902056e+01	1.665389e+03
2.940000e-06	3.398253e-09	1.295791e-08	1.913937e+01	1.670433e+03
2.950000e-06	3.419084e-09	1.299543e-08	1.925670e+01	1.675394e+03
2.960000e-06	3.439632e-09	1.303304e-08	1.937242e+01	1.680268e+03
2.970000e-06	3.459826e-09	1.307064e-08	1.948616e+01	1.685052e+03
2.980000e-06	3.479633e-09	1.310726e-08	1.959772e+01	1.689742e+03
2.990000e-06	3.499110e-09	1.314307e-08	1.970741e+01	1.694335e+03
3.000000e-06	3.518342e-09	1.317844e-08	1.981573e+01	1.698826e+03
3.010000e-06	3.537376e-09	1.321346e-08	1.992293e+01	1.703211e+03
3.020000e-06	3.556184e-09	1.324769e-08	2.002887e+01	1.707488e+03
3.030000e-06	3.574739e-09	1.328022e-08	2.013337e+01	1.711655e+03
3.040000e-06	3.593036e-09	1.331132e-08	2.023642e+01	1.715710e+03
3.050000e-06	3.611073e-09	1.334205e-08	2.033801e+01	1.719655e+03
3.060000e-06	3.628882e-09	1.337286e-08	2.043831e+01	1.723492e+03
3.070000e-06	3.646515e-09	1.340314e-08	2.053763e+01	1.727225e+03
3.080000e-06	3.663971e-09	1.343205e-08	2.063595e+01	1.730859e+03
3.090000e-06	3.681159e-09	1.345935e-08	2.073275e+01	1.734399e+03
3.100000e-06	3.697978e-09	1.348547e-08	2.082748e+01	1.737854e+03
3.110000e-06	3.714415e-09	1.351104e-08	2.092005e+01	1.741229e+03
3.120000e-06	3.730547e-09	1.353652e-08	2.101091e+01	1.744532e+03
3.130000e-06	3.746463e-09	1.356166e-08	2.110055e+01	1.747769e+03
3.140000e-06	3.762163e-09	1.358581e-08	2.118898e+01	1.750946e+03
3.150000e-06	3.777605e-09	1.360940e-08	2.127595e+01	1.754068e+03
3.160000e-06	3.792771e-09	1.363292e-08	2.136137e+01	1.757136e+03
3.170000e-06	3.807663e-09	1.365584e-08	2.144524e+01	1.760154e+03
3.180000e-06	3.822305e-09	1.367750e-08	2.152771e+01	1.763122e+03
3.190000e-06	3.836747e-09	1.369816e-08	2.160905e+01	1.766038e+03
3.200000e-06	3.851000e-09	1.371881e-08	2.168932e+01	1.768902e+03
3.210000e-06	3.864978e-09	1.373981e-08	2.176805e+01	1.771712e+03
3.220000e-06	3.878570e-09	1.376063e-08	2.184460e+01	1.774465e+03
3.230000e-06	3.891770e-09	1.378078e-08	2.191895e+01	1.777159e+03
3.240000e-06	3.904672e-09	1.379974e-08	2.199162e+01	1.779794e+03
3.250000e-06	3.917343e-09	1.381785e-08	2.206298e+01	1.782368e+03
3.260000e-06	3.929774e-09	1.383583e-08	2.213299e+01	1.784882e+03
3.270000e-06	3.941935e-09	1.385337e-08	2.220149e+01	1.787336e+03
3.280000e-06	3.953824e-09	1.387000e-08	2.226845e+01	1.789733e+03
3.290000e-06	3.965434e-09	1.388647e-08	2.233384e+01	1.792074e+03
3.300000e-06	3.976799e-09	1.390368e-08	2.239785e+01	1.794364e+03
3.310000e-06	3.987975e-09	1.392098e-08	2.246080e+01	1.796605e+03
3.320000e-06	3.998914e-09	1.393724e-08	2.252241e+01	1.798800e+03
3.330000e-06	4.009495e-09	1.395217e-08	2.258200e+01	1.800951e+03
3.340000e-06	4.019652e-09	1.396642e-08	2.263921e+01	1.803059e+03
3.350000e-06	4.029444e-09	1.398108e-08	2.269436e+01	1.805125e+03
3.360000e-06	4.038955e-09	1.399632e-08	2.274793e+01	1.807148e+03
3.370000e-06	4.048199e-09	1.401124e-08	2.279999e+01	1.809127e+03
3.380000e-06	4.057161e-09	1.402534e-08	2.285047e+01	1.811060e+03
3.390000e-06	4.065846e-09	1.403896e-08	2.289939e+01	1.812942e+03
3.400000e-06	4.074256e-09	1.405228e-08	2.294675e+01	1.814771e+03
3.410000e-06	4.082417e-09	1.406492e-08	2.299272e+01	1.816543e+03
3.420000e-06	4.090375e-09	1.407681e-08	2.303754e+01	1.818255e+03
3.430000e-06	4.098099e-09	1.408880e-08	2.308104e+01	1.819904e+03
3.440000e-06	4.105522e-09	1.410056e-08	2.312285e+01	1.821489e+03
3.450000e-06	4.112628e-09	1.411147e-08	2.316288e+01	1.823008e+03
3.460000e-06	4.119458e-09	1.412248e-08	2.320134e+01	1.824463e+03
3.470000e-06	4.126007e-09	1.413329e-08	2.323823e+01	1.825854e+03
3.480000e-06	4.132215e-09	1.414264e-08	2.327319e+01	1.827184e+03
3.490000e-06	4.138060e-09	1.415183e-08	2.330611e+01	1.828455e+03
3.500000e-06	4.143580e-09	1.416210e-08	2.333721e+01	1.829670e+03
3.510000e-06	4.148798e-09	1.417192e-08	2.336660e+01	1.830832e+03
3.520000e-06	4.153723e-09	1.418047e-08	2.339433e+01	1.831942e+03
3.530000e-06	4.158348e-09	1.418848e-08	2.342038e+01	1.833002e+03
3.540000e-06	4.162595e-09	1.419628e-08	2.344430e+01	1.834011e+03
3.550000e-06	4.166396e-09	1.420417e-08	2.346571e+01	1.834968e+03
3.560000e-06	4.169819e-09	1.421207e-08	2.348499e+01	1.835870e+03
3.570000e-06	4.172982e-09	1.421861e-08	2.350281e+01	1.836713e+03
3.580000e-06	4.175903e-09	1.422351e-08	2.351926e+01	1.837494e+03
3.590000e-06	4.178544e-09	1.422852e-08	2.353413e+01	1.838205e+03
3.600000e-06	4.180891e-09	1.423440e-08	2.354735e+01	1.838842e+03
3.610000e-06	4.182948e-09	1.423955e-08	2.355894e+01	1.839400e+03
3.620000e-06	4.184743e-09	1.424282e-08	2.356905e+01	1.839874e+03
3.630000e-06	4.186320e-09	1.424561e-08	2.357794e+01	1.840260e+03
3.640000e-06	4.187643e-09	1.424888e-08	2.358538e+01	1.840557e+03
3.650000e-06	4.188593e-09	1.425190e-08	2.359074e+01	1.840765e+03
3.660000e-06	4.189124e-09	1.425407e-08	2.359373e+01	1.840884e+03
3.670000e-06	4.189311e-09	1.425503e-08	2.359478e+01	1.840918e+03
3.680000e-06	4.189237e-09	1.425457e-08	2.359437e+01	1.840870e+03
3.690000e-06	4.188904e-09	1.425337e-08	2.359249e+01	1.840747e+03
3.700000e-06	4.188293e-09	1.425238e-08	2.358905e+01	1.840554e+03
3.710000e-06	4.187408e-09	1.425101e-08	2.358407e+01	1.840297e+03
3.720000e-06	4.186239e-09	1.424752e-08	2.357748e+01	1.839982e+03
3.730000e-06	4.184787e-09	1.424357e-08	2.356931e+01	1.839613e+03
3.740000e-06	4.183035e-09	1.424559e-08	2.355944e+01	1.839196e+03
3.750000e-06	4.180976e-09	1.425003e-08	2.354784e+01	1.838733e+03
3.760000e-06	4.178589e-09	1.425520e-08	2.353440e+01	1.838225e+03
3.770000e-06	4.175665e-09	1.424403e-08	2.351793e+01	1.837672e+03
3.780000e-06	4.172264e-09	1.420623e-08	2.349878e+01	1.837072e+03
3.790000e-06	4.168811e-09	1.420503e-08	2.347934e+01	1.836424e+03
3.800000e-06	4.165360e-09	1.423950e-08	2.345990e+01	1.835724e+03
3.810000e-06	4.161608e-09	1.422368e-08	2.343877e+01	1.834968e+03
3.820000e-06	4.157399e-09	1.418650e-08	2.341506e+01	1.834154e+03
3.830000e-06	4.152895e-09	1.420056e-08	2.338970e+01	1.833277e+03
3.840000e-06	4.148218e-09	1.422497e-08	2.336336e+01	1.832335e+03
3.850000e-06	4.143173e-09	1.420328e-08	2.333495e+01	1.831327e+03
3.860000e-06	4.137518e-09	1.417106e-08	2.330310e+01	1.830250e+03
3.870000e-06	4.131383e-09	1.416499e-08	2.326854e+01	1.829105e+03
3.880000e-06	4.125039e-09	1.416567e-08	2.323281e+01	1.827892e+03
3.890000e-06	4.118514e-09	1.415902e-08	2.319606e+01	1.826612e+03
3.900000e-06	4.111689e-09	1.414831e-08	2.315763e+01	1.825268e+03
3.910000e-06	4.104524e-09	1.413516e-08	2.311727e+01	1.823860e+03
3.920000e-06	4.097064e-09	1.412521e-08	2.307526e+01	1.822391e+03
3.930000e-06	4.089367e-09	1.412353e-08	2.303191e+01	1.820862e+03
3.940000e-06	4.081447e-09	1.411039e-08	2.298730e+01	1.819273e+03
3.950000e-06	4.073261e-09	1.407846e-08	2.294120e+01	1.817626e+03
3.960000e-06	4.064778e-09	1.405972e-08	2.289342e+01	1.815919e+03
3.970000e-06	4.055985e-09	1.406731e-08	2.284390e+01	1.814152e+03
3.980000e-06	4.046842e-09	1.406390e-08	2.279241e+01	1.812325e+03
3.990000e-06	4.037343e-09	1.403473e-08	2.273891e+01	1.810434e+03
4.000000e-06	4.027566e-09	1.401342e-08	2.268385e+01	1.808480e+03
4.010000e-06	4.017525e-09	1.401171e-08	2.262729e+01	1.806460e+03
4.020000e-06	4.007156e-09	1.399867e-08	2.256889e+01	1.804373e+03
4.030000e-06	3.996451e-09	1.396742e-08	2.250861e+01	1.802218e+03
4.040000e-06	3.985529e-09	1.394809e-08	2.244709e+01	1.799995e+03
4.050000e-06	3.974412e-09	1.394425e-08	2.238448e+01	1.797703e+03
4.060000e-06	3.962971e-09	1.392876e-08	2.232004e+01	1.795344e+03
4.070000e-06	3.951112e-09	1.390151e-08	2.225325e+01	1.792917e+03
4.080000e-06	3.938889e-09	1.388555e-08	2.218441e+01	1.790423e+03
4.090000e-06	3.926373e-09	1.387246e-08	2.211392e+01	1.787864e+03
4.100000e-06	3.913586e-09	1.384359e-08	2.204190e+01	1.785239e+03
4.110000e-06	3.900559e-09	1.381628e-08	2.196854e+01	1.782548e+03
4.120000e-06	3.887315e-09	1.380790e-08	2.189394e+01	1.779792e+03
4.130000e-06	3.873831e-09	1.379374e-08	2.181800e+01	1.776970e+03
4.140000e-06	3.860082e-09	1.376058e-08	2.174056e+01	1.774080e+03
4.150000e-06	3.846055e-09	1.373541e-08	2.166156e+01	1.771120e+03
4.160000e-06	3.831759e-09	1.372442e-08	2.158105e+01	1.768090e+03
4.170000e-06	3.817200e-09	1.369886e-08	2.149905e+01	1.764986e+03
4.180000e-06	3.802347e-09	1.366274e-08	2.141540e+01	1.761808e+03
4.190000e-06	3.787151e-09	1.364321e-08	2.132981e+01	1.758553e+03
4.200000e-06	3.771617e-09	1.362803e-08	2.124232e+01	1.755220e+03
4.210000e-06	3.755793e-09	1.359555e-08	2.115321e+01	1.751808e+03
4.220000e-06	3.739720e-09	1.356591e-08	2.106268e+01	1.748318e+03
4.230000e-06	3.723403e-09	1.354996e-08	2.097078e+01	1.744749e+03
4.240000e-06	3.706838e-09	1.352173e-08	2.087748e+01	1.741103e+03
4.250000e-06	3.690024e-09	1.348128e-08	2.078279e+01	1.737381e+03
4.260000e-06	3.672962e-09	1.345592e-08	2.068669e+01	1.733584e+03
4.270000e-06	3.655672e-09	1.343672e-08	2.058931e+01	1.729713e+03
4.280000e-06	3.638183e-09	1.340106e-08	2.049081e+01	1.725770e+03
4.290000e-06	3.620498e-09	1.336504e-08	2.039121e+01	1.721754e+03
4.300000e-06	3.602570e-09	1.334214e-08	2.029023e+01	1.717667e+03
4.310000e-06	3.584331e-09	1.331262e-08	2.018751e+01	1.713508e+03
4.320000e-06	3.565785e-09	1.327332e-08	2.008306e+01	1.709274e+03
4.330000e-06	3.547011e-09	1.324206e-08	1.997732e+01	1.704965e+03
4.340000e-06	3.528022e-09	1.321179e-08	1.987037e+01	1.700577e+03
4.350000e-06	3.508760e-09	1.317202e-08	1.976189e+01	1.696108e+03
4.360000e-06	3.489186e-09	1.313706e-08	1.965165e+01	1.691555e+03
4.370000e-06	3.469316e-09	1.310982e-08	1.953974e+01	1.686915e+03
4.380000e-06	3.449202e-09	1.307311e-08	1.942645e+01	1.682185e+03
4.390000e-06	3.428863e-09	1.303081e-08	1.931190e+01	1.677363e+03
4.400000e-06	3.408269e-09	1.299631e-08	1.919591e+01	1.672448e+03
4.410000e-06	3.387376e-09	1.296106e-08	1.907825e+01	1.667439e+03
4.420000e-06	3.366137e-09	1.291869e-08	1.895862e+01	1.662335e+03
4.430000e-06	3.344533e-09	1.287965e-08	1.883695e+01	1.657137e+03
4.440000e-06	3.322602e-09	1.284216e-08	1.871343e+01	1.651847e+03
4.450000e-06	3.300391e-09	1.279812e-08	1.858834e+01	1.646465e+03
4.460000e-06	3.277971e-09	1.275487e-08	1.846207e+01	1.640993e+03
4.470000e-06	3.255349e-09	1.271556e-08	1.833466e+01	1.635431e+03
4.480000e-06	3.232502e-09	1.267087e-08	1.820598e+01	1.629782e+03
4.490000e-06	3.209442e-09	1.262353e-08	1.807610e+01	1.624045e+03
4.500000e-06	3.186171e-09	1.258144e-08	1.794504e+01	1.618221e+03
4.510000e-06	3.162671e-09	1.253937e-08	1.781269e+01	1.612309e+03
4.520000e-06	3.138956e-09	1.249319e-08	1.767912e+01	1.606308e+03
4.530000e-06	3.115063e-09	1.244683e-08	1.754455e+01	1.600215e+03
4.540000e-06	3.090998e-09	1.239926e-08	1.740901e+01	1.594029e+03
4.550000e-06	3.066707e-09	1.234871e-08	1.727220e+01	1.587749e+03
4.560000e-06	3.042109e-09	1.229963e-08	1.713366e+01	1.581370e+03
4.570000e-06	3.017184e-09	1.225183e-08	1.699328e+01	1.574891e+03
4.580000e-06	2.991982e-09	1.220125e-08	1.685134e+01	1.568310e+03
4.590000e-06	2.966563e-09	1.214985e-08	1.670818e+01	1.561624e+03
4.600000e-06	2.940967e-09	1.209958e-08	1.656402e+01	1.554832e+03
4.610000e-06	2.915193e-09	1.204772e-08	1.641886e+01	1.547932e+03
4.620000e-06	2.889223e-09	1.199366e-08	1.627259e+01	1.540923e+03
4.630000e-06	2.863056e-09	1.193802e-08	1.612522e+01	1.533802e+03
4.640000e-06	2.836703e-09	1.188068e-08	1.597679e+01	1.526568e+03
4.650000e-06	2.810166e-09	1.182379e-08	1.582733e+01	1.519219e+03
4.660000e-06	2.783436e-09	1.176843e-08	1.567679e+01	1.511750e+03
4.670000e-06	2.756525e-09	1.171126e-08	1.552522e+01	1.504161e+03
4.680000e-06	2.729466e-09	1.165152e-08	1.537282e+01	1.496445e+03
4.690000e-06	2.702271e-09	1.159150e-08	1.521966e+01	1.488600e+03
4.700000e-06	2.674908e-09	1.153074e-08	1.506554e+01	1.480622e+03
4.710000e-06	2.647310e-09	1.146829e-08	1.491011e+01	1.472505e+03
4.720000e-06	2.619429e-09	1.140532e-08	1.475308e+01	1.464246e+03
4.730000e-06	2.591265e-09	1.134084e-08	1.459446e+01	1.455842e+03
4.740000e-06	2.562855e-09	1.127453e-08	1.443445e+01	1.447289e+03
4.750000e-06	2.534254e-09	1.120872e-08	1.427337e+01	1.438587e+03
4.760000e-06	2.505514e-09	1.114278e-08	1.411150e+01	1.429734e+03
4.770000e-06	2.476652e-09	1.107404e-08	1.394895e+01	1.420733e+03
4.780000e-06	2.447654e-09	1.100284e-08	1.378562e+01	1.411583e+03
4.790000e-06	2.418498e-09	1.093086e-08	1.362142e+01	1.402289e+03
4.800000e-06	2.389178e-09	1.085807e-08	1.345628e+01	1.392853e+03
4.810000e-06	2.359699e-09	1.078371e-08	1.329025e+01	1.383280e+03
4.820000e-06	2.330063e-09	1.070811e-08	1.312334e+01	1.373572e+03
4.830000e-06	2.300260e-09	1.063204e-08	1.295549e+01	1.363732e+03
4.840000e-06	2.270286e-09	1.055501e-08	1.278666e+01	1.353763e+03
4.850000e-06	2.240143e-09	1.047609e-08	1.261690e+01	1.343664e+03
4.860000e-06	2.209832e-09	1.039535e-08	1.244618e+01	1.333434e+03
4.870000e-06	2.179350e-09	1.031376e-08	1.227450e+01	1.323069e+03
4.880000e-06	2.148697e-09	1.023186e-08	1.210186e+01	1.312565e+03
4.890000e-06	2.117851e-09	1.014928e-08	1.192813e+01	1.301915e+03
4.900000e-06	2.086767e-09	1.006528e-08	1.175307e+01	1.291111e+03
4.910000e-06	2.055439e-09	9.979973e-09	1.157663e+01	1.280143e+03
4.920000e-06	2.023894e-09	9.894209e-09	1.139897e+01	1.269003e+03
4.930000e-06	1.992181e-09	9.807537e-09	1.122035e+01	1.257681e+03
4.940000e-06	1.960341e-09	9.718852e-09	1.104103e+01	1.246168e+03
4.950000e-06	1.928394e-09	9.628201e-09	1.086110e+01	1.234457e+03
4.960000e-06	1.896349e-09	9.536170e-09	1.068061e+01	1.222540e+03
4.970000e-06	1.864199e-09	9.442797e-09	1.049954e+01	1.210415e+03
4.980000e-06	1.831932e-09	9.347741e-09	1.031781e+01	1.198076e+03
4.990000e-06	1.799531e-09	9.251098e-09	1.013532e+01	1.185523e+03
5.000000e-06	1.766983e-09	9.152762e-09	9.952009e+00	1.172755e+03
5.010000e-06	1.734294e-09	9.052516e-09	9.767901e+00	1.159773e+03
5.020000e-06	1.701481e-09	8.950073e-09	9.583095e+00	1.146577e+03
5.030000e-06	1.668566e-09	8.845124e-09	9.397711e+00	1.133168e+03
5.040000e-06	1.635564e-09	8.738062e-09	9.211836e+00	1.119545e+03
5.050000e-06	1.602461e-09	8.629662e-09	9.025397e+00	1.105708e+03
5.060000e-06	1.569253e-09	8.520047e-09	8.838367e+00	1.091654e+03
5.070000e-06	1.535956e-09	8.409444e-09	8.650835e+00	1.077378e+03
5.080000e-06	1.502578e-09	8.298231e-09	8.462841e+00	1.062873e+03
5.090000e-06	1.469123e-09	8.185444e-09	8.274418e+00	1.048131e+03
5.100000e-06	1.435596e-09	8.070224e-09	8.085590e+00	1.033143e+03
5.110000e-06	1.402000e-09	7.952832e-09	7.896372e+00	1.017897e+03
5.120000e-06	1.368335e-09	7.833385e-09	7.706761e+00	1.002381e+03
5.130000e-06	1.334588e-09	7.711787e-09	7.516695e+00	9.865839e+02
5.140000e-06	1.300731e-09	7.587841e-09	7.326006e+00	9.704923e+02
5.150000e-06	1.266738e-09	7.461509e-09	7.134558e+00	9.540954e+02
5.160000e-06	1.232606e-09	7.332131e-09	6.942322e+00	9.373824e+02
5.170000e-06	1.198335e-09	7.199221e-09	6.749306e+00	9.203442e+02
5.180000e-06	1.163931e-09	7.063870e-09	6.555540e+00	9.029725e+02
5.190000e-06	1.129391e-09	6.926061e-09	6.361012e+00	8.852603e+02
5.200000e-06	1.094728e-09	6.784906e-09	6.165787e+00	8.672015e+02
5.210000e-06	1.059967e-09	6.640817e-09	5.970012e+00	8.487909e+02
5.220000e-06	1.025124e-09	6.494732e-09	5.773771e+00	8.300230e+02
5.230000e-06	9.902005e-10	6.346636e-09	5.577078e+00	8.108925e+02
5.240000e-06	9.552093e-10	6.196124e-09	5.380002e+00	7.913931e+02
5.250000e-06	9.201645e-10	6.043022e-09	5.182625e+00	7.715177e+02
5.260000e-06	8.850731e-10	5.886625e-09	4.984983e+00	7.512575e+02
5.270000e-06	8.499376e-10	5.725968e-09	4.787094e+00	7.306022e+02
5.280000e-06	8.147602e-10	5.561065e-09	4.588968e+00	7.095400e+02
5.290000e-06	7.795412e-10	5.392040e-09	4.390608e+00	6.880569e+02
5.300000e-06	7.442815e-10	5.219254e-09	4.192019e+00	6.661379e+02
5.310000e-06	7.089863e-10	5.043925e-09	3.993231e+00	6.437663e+02
5.320000e-06	6.736545e-10	4.866537e-09	3.794236e+00	6.209249e+02
5.330000e-06	6.382879e-10	4.686984e-09	3.595046e+00	5.975957e+02
5.340000e-06	6.028842e-10	4.505053e-09	3.395647e+00	5.737604e+02
5.350000e-06	5.674415e-10	4.319233e-09	3.196028e+00	5.494014e+02
5.360000e-06	5.319615e-10	4.127416e-09	2.996200e+00	5.245013e+02
5.370000e-06	4.964460e-10	3.929426e-09	2.796172e+00	4.990440e+02
5.380000e-06	4.608932e-10	3.726203e-09	2.595934e+00	4.730143e+02
5.390000e-06	4.252943e-10	3.518461e-09	2.395436e+00	4.463989e+02
5.400000e-06	3.896588e-10	3.307198e-09	2.194732e+00	4.191861e+02
5.410000e-06	3.540040e-10	3.092441e-09	1.993920e+00	3.913666e+02
5.420000e-06	3.183306e-10	2.873095e-09	1.793003e+00	3.629333e+02
5.430000e-06	2.826372e-10	2.648708e-09	1.591973e+00	3.338822e+02
5.440000e-06	2.469238e-10	2.418963e-09	1.390830e+00	3.042129e+02
5.450000e-06	2.111897e-10	2.183464e-09	1.189570e+00	2.739290e+02
5.460000e-06	1.754617e-10	1.943109e-09	9.883455e-01	2.430389e+02
5.470000e-06	1.397431e-10	1.699598e-09	7.871732e-01	2.115566e+02
5.480000e-06	1.040128e-10	1.452786e-09	5.859354e-01	1.795026e+02
5.490000e-06	6.827076e-11	1.201425e-09	3.846314e-01	1.469045e+02
5.500000e-06	3.252259e-11	9.455056e-10	1.832929e-01	1.137978e+02
5.510000e-06	-3.229791e-12	6.859169e-10	-1.806930e-02	8.022609e+01
5.520000e-06	-3.899612e-11	4.226616e-10	-2.195102e-01	4.624195e+01
5.530000e-06	-7.477866e-11	1.555258e-10	-4.210424e-01	1.190635e+01
5.540000e-06	-1.105490e-10	-1.145679e-10	-6.225060e-01	-2.271146e+01
5.550000e-06	-1.462924e-10	-3.868095e-10	-8.238179e-01	-5.753468e+01
5.560000e-06	-1.820173e-10	-6.600471e-10	-1.025026e+00	-9.248006e+01
5.570000e-06	-2.177257e-10	-9.330592e-10	-1.226141e+00	-1.274594e+02
5.580000e-06	-2.534171e-10	-1.205640e-09	-1.427160e+00	-1.623811e+02
5.590000e-06	-2.890809e-10	-1.477184e-09	-1.628023e+00	-1.971525e+02
5.600000e-06	-3.247141e-10	-1.746393e-09	-1.828715e+00	-2.316816e+02
5.610000e-06	-3.603226e-10	-2.013202e-09	-2.029267e+00	-2.658794e+02
5.620000e-06	-3.959027e-10	-2.277088e-09	-2.229659e+00	-2.996622e+02
5.630000e-06	-4.314509e-10	-2.536113e-09	-2.429872e+00	-3.329531e+02
5.640000e-06	-4.669730e-10	-2.790375e-09	-2.629938e+00	-3.656840e+02
5.650000e-06	-5.024778e-10	-3.040775e-09	-2.829906e+00	-3.977966e+02
5.660000e-06	-5.379707e-10	-3.285880e-09	-3.029808e+00	-4.292435e+02
5.670000e-06	-5.734347e-10	-3.525124e-09	-3.229546e+00	-4.599884e+02
5.680000e-06	-6.088439e-10	-3.759611e-09	-3.428976e+00	-4.900062e+02
5.690000e-06	-6.441956e-10	-3.988521e-09	-3.628083e+00	-5.192822e+02
5.700000e-06	-6.795005e-10	-4.211056e-09	-3.826927e+00	-5.478116e+02
5.710000e-06	-7.147649e-10	-4.428098e-09	-4.025542e+00	-5.755981e+02
5.720000e-06	-7.499895e-10	-4.640029e-09	-4.223934e+00	-6.026524e+02
5.730000e-06	-7.851737e-10	-4.847077e-09	-4.422098e+00	-6.289905e+02
5.740000e-06	-8.203147e-10	-5.049397e-09	-4.620018e+00	-6.546326e+02
5.750000e-06	-8.554090e-10	-5.245560e-09	-4.817675e+00	-6.796014e+02
5.760000e-06	-8.904604e-10	-5.434729e-09	-5.015091e+00	-7.039203e+02
5.770000e-06	-9.254679e-10	-5.618241e-09	-5.212258e+00	-7.276131e+02
5.780000e-06	-9.604262e-10	-5.797262e-09	-5.409149e+00	-7.507025e+02
5.790000e-06	-9.953240e-10	-5.972599e-09	-5.605697e+00	-7.732097e+02
5.800000e-06	-1.030137e-09	-6.145214e-09	-5.801768e+00	-7.951546e+02
5.810000e-06	-1.064846e-09	-6.314377e-09	-5.997252e+00	-8.165550e+02
5.820000e-06	-1.099439e-09	-6.478450e-09	-6.192082e+00	-8.374274e+02
5.830000e-06	-1.133901e-09	-6.637454e-09	-6.386178e+00	-8.577870e+02
5.840000e-06	-1.168225e-09	-6.792576e-09	-6.579494e+00	-8.776485e+02
5.850000e-06	-1.202414e-09	-6.944283e-09	-6.772047e+00	-8.970261e+02
5.860000e-06	-1.236471e-09	-7.092455e-09	-6.963857e+00	-9.159343e+02
5.870000e-06	-1.270394e-09	-7.237381e-09	-7.154916e+00	-9.343879e+02
5.880000e-06	-1.304193e-09	-7.378969e-09	-7.345278e+00	-9.524028e+02
5.890000e-06	-1.337899e-09	-7.517350e-09	-7.535118e+00	-9.699951e+02
5.900000e-06	-1.371532e-09	-7.653393e-09	-7.724544e+00	-9.871821e+02
5.910000e-06	-1.405093e-09	-7.786299e-09	-7.913568e+00	-1.003981e+03
5.920000e-06	-1.438590e-09	-7.914658e-09	-8.102231e+00	-1.020410e+03
5.930000e-06	-1.472026e-09	-8.038895e-09	-8.290543e+00	-1.036485e+03
5.940000e-06	-1.505394e-09	-8.160491e-09	-8.478477e+00	-1.052224e+03
5.950000e-06	-1.538679e-09	-8.280324e-09	-8.665947e+00	-1.067642e+03
5.960000e-06	-1.571850e-09	-8.397905e-09	-8.852769e+00	-1.082752e+03
5.970000e-06	-1.604885e-09	-8.512830e-09	-9.038830e+00	-1.097568e+03
5.980000e-06	-1.637799e-09	-8.625947e-09	-9.224205e+00	-1.112098e+03
5.990000e-06	-1.670602e-09	-8.737978e-09	-9.408956e+00	-1.126353e+03
6.000000e-06	-1.703292e-09	-8.848516e-09	-9.593074e+00	-1.140339e+03
6.010000e-06	-1.735863e-09	-8.957219e-09	-9.776518e+00	-1.154060e+03
6.020000e-06	-1.768307e-09	-9.063936e-09	-9.959247e+00	-1.167522e+03
6.030000e-06	-1.800632e-09	-9.168208e-09	-1.014131e+01	-1.180729e+03
6.040000e-06	-1.832842e-09	-9.270063e-09	-1.032272e+01	-1.193683e+03
6.050000e-06	-1.864948e-09	-9.369997e-09	-1.050354e+01	-1.206389e+03
6.060000e-06	-1.896966e-09	-9.467726e-09	-1.068387e+01	-1.218851e+03
6.070000e-06	-1.928891e-09	-9.562631e-09	-1.086368e+01	-1.231075e+03
6.080000e-06	-1.960710e-09	-9.655091e-09	-1.104290e+01	-1.243068e+03
6.090000e-06	-1.992381e-09	-9.745919e-09	-1.122127e+01	-1.254837e+03
6.100000e-06	-2.023836e-09	-9.835629e-09	-1.139842e+01	-1.266392e+03
6.110000e-06	-2.055043e-09	-9.924512e-09	-1.157419e+01	-1.277742e+03
6.120000e-06	-2.085994e-09	-1.001209e-08	-1.174851e+01	-1.288899e+03
6.130000e-06	-2.116716e-09	-1.009807e-08	-1.192154e+01	-1.299873e+03
6.140000e-06	-2.147257e-09	-1.018311e-08	-1.209355e+01	-1.310675e+03
6.150000e-06	-2.177643e-09	-1.026722e-08	-1.226468e+01	-1.321314e+03
6.160000e-06	-2.207879e-09	-1.034948e-08	-1.243498e+01	-1.331801e+03
6.170000e-06	-2.237962e-09	-1.042987e-08	-1.260442e+01	-1.342142e+03
6.180000e-06	-2.267881e-09	-1.050922e-08	-1.277292e+01	-1.352342e+03
6.190000e-06	-2.297630e-09	-1.058826e-08	-1.294047e+01	-1.362406e+03
6.200000e-06	-2.327225e-09	-1.066681e-08	-1.310716e+01	-1.372334e+03
6.210000e-06	-2.356673e-09	-1.074422e-08	-1.327301e+01	-1.382127e+03
6.220000e-06	-2.385958e-09	-1.082009e-08	-1.343795e+01	-1.391781e+03
6.230000e-06	-2.415075e-09	-1.089432e-08	-1.360194e+01	-1.401294e+03
6.240000e-06	-2.444031e-09	-1.096753e-08	-1.376503e+01	-1.410659e+03
6.250000e-06	-2.472850e-09	-1.103975e-08	-1.392734e+01	-1.419872e+03
6.260000e-06	-2.501550e-09	-1.111005e-08	-1.408898e+01	-1.428927e+03
6.270000e-06	-2.530115e-09	-1.117844e-08	-1.424987e+01	-1.437819e+03
6.280000e-06	-2.558490e-09	-1.124579e-08	-1.440968e+01	-1.446543e+03
6.290000e-06	-2.586609e-09	-1.131211e-08	-1.456805e+01	-1.455095e+03
6.300000e-06	-2.614439e-09	-1.137715e-08	-1.472479e+01	-1.463475e+03
6.310000e-06	-2.641992e-09	-1.144085e-08	-1.487998e+01	-1.471683e+03
6.320000e-06	-2.669332e-09	-1.150293e-08	-1.503395e+01	-1.479719e+03
6.330000e-06	-2.696519e-09	-1.156338e-08	-1.518708e+01	-1.487589e+03
6.340000e-06	-2.723575e-09	-1.162264e-08	-1.533947e+01	-1.495298e+03
6.350000e-06	-2.750483e-09	-1.168114e-08	-1.549101e+01	-1.502853e+03
6.360000e-06	-2.777205e-09	-1.173889e-08	-1.564152e+01	-1.510261e+03
6.370000e-06	-2.803729e-09	-1.179608e-08	-1.579091e+01	-1.517531e+03
6.380000e-06	-2.830070e-09	-1.185252e-08	-1.593926e+01	-1.524673e+03
6.390000e-06	-2.856219e-09	-1.190743e-08	-1.608654e+01	-1.531694e+03
6.400000e-06	-2.882158e-09	-1.196110e-08	-1.623263e+01	-1.538605e+03
6.410000e-06	-2.907901e-09	-1.201390e-08	-1.637762e+01	-1.545411e+03
6.420000e-06	-2.933474e-09	-1.206580e-08	-1.652165e+01	-1.552119e+03
6.430000e-06	-2.958889e-09	-1.211730e-08	-1.666480e+01	-1.558736e+03
6.440000e-06	-2.984110e-09	-1.216839e-08	-1.680684e+01	-1.565263e+03
6.450000e-06	-3.009071e-09	-1.221856e-08	-1.694743e+01	-1.571705e+03
6.460000e-06	-3.033723e-09	-1.226814e-08	-1.708627e+01	-1.578062e+03
6.470000e-06	-3.058075e-09	-1.231745e-08	-1.722343e+01	-1.584335e+03
6.480000e-06	-3.082191e-09	-1.236610e-08	-1.735925e+01	-1.590524e+03
6.490000e-06	-3.106133e-09	-1.241385e-08	-1.749410e+01	-1.596628e+03
6.500000e-06	-3.129910e-09	-1.246090e-08	-1.762802e+01	-1.602646e+03
6.510000e-06	-3.153486e-09	-1.250758e-08	-1.776080e+01	-1.608578e+03
6.520000e-06	-3.176834e-09	-1.255382e-08	-1.789230e+01	-1.614423e+03
6.530000e-06	-3.199953e-09	-1.259927e-08	-1.802251e+01	-1.620182e+03
6.540000e-06	-3.222830e-09	-1.264359e-08	-1.815135e+01	-1.625854e+03
6.550000e-06	-3.245470e-09	-1.268678e-08	-1.827887e+01	-1.631440e+03
6.560000e-06	-3.267914e-09	-1.272935e-08	-1.840528e+01	-1.636941e+03
6.570000e-06	-3.290173e-09	-1.277207e-08	-1.853064e+01	-1.642359e+03
6.580000e-06	-3.312206e-09	-1.281460e-08	-1.865474e+01	-1.647695e+03
6.590000e-06	-3.333914e-09	-1.285580e-08	-1.877700e+01	-1.652948e+03
6.600000e-06	-3.355255e-09	-1.289638e-08	-1.889720e+01	-1.658121e+03
6.610000e-06	-3.376287e-09	-1.293709e-08	-1.901565e+01	-1.663212e+03
6.620000e-06	-3.397063e-09	-1.297698e-08	-1.913267e+01	-1.668219e+03
6.630000e-06	-3.417599e-09	-1.301566e-08	-1.924833e+01	-1.673142e+03
6.640000e-06	-3.437877e-09	-1.305372e-08	-1.936254e+01	-1.677976e+03
6.650000e-06	-3.457885e-09	-1.309102e-08	-1.947523e+01	-1.682719e+03
6.660000e-06	-3.477586e-09	-1.312712e-08	-1.958618e+01	-1.687367e+03
6.670000e-06	-3.496907e-09	-1.316225e-08	-1.969500e+01	-1.691915e+03
6.680000e-06	-3.515873e-09	-1.319644e-08	-1.980182e+01	-1.696359e+03
6.690000e-06	-3.534561e-09	-1.322976e-08	-1.990708e+01	-1.700697e+03
6.700000e-06	-3.553038e-09	-1.326253e-08	-2.001114e+01	-1.704925e+03
6.710000e-06	-3.571333e-09	-1.329456e-08	-2.011419e+01	-1.709042e+03
6.720000e-06	-3.589410e-09	-1.332545e-08	-2.021600e+01	-1.713048e+03
6.730000e-06	-3.607247e-09	-1.335497e-08	-2.031646e+01	-1.716945e+03
6.740000e-06	-3.624886e-09	-1.338330e-08	-2.041581e+01	-1.720735e+03
6.750000e-06	-3.642352e-09	-1.341072e-08	-2.051418e+01	-1.724424e+03
6.760000e-06	-3.659604e-09	-1.343788e-08	-2.061135e+01	-1.728015e+03
6.770000e-06	-3.676610e-09	-1.346509e-08	-2.070713e+01	-1.731517e+03
6.780000e-06	-3.693371e-09	-1.349201e-08	-2.080153e+01	-1.734935e+03
6.790000e-06	-3.709880e-09	-1.351883e-08	-2.089451e+01	-1.738278e+03
6.800000e-06	-3.726135e-09	-1.354577e-08	-2.098606e+01	-1.741551e+03
6.810000e-06	-3.742163e-09	-1.357240e-08	-2.107634e+01	-1.744761e+03
6.820000e-06	-3.757979e-09	-1.359786e-08	-2.116541e+01	-1.747913e+03
6.830000e-06	-3.773511e-09	-1.362193e-08	-2.125289e+01	-1.751011e+03
6.840000e-06	-3.788675e-09	-1.364557e-08	-2.133830e+01	-1.754057e+03
6.850000e-06	-3.803467e-09	-1.366927e-08	-2.142161e+01	-1.757053e+03
6.860000e-06	-3.817966e-09	-1.369309e-08	-2.150327e+01	-1.759998e+03
6.870000e-06	-3.832247e-09	-1.371708e-08	-2.158371e+01	-1.762891e+03
6.880000e-06	-3.846304e-09	-1.374046e-08	-2.166288e+01	-1.765731e+03
6.890000e-06	-3.860098e-09	-1.376275e-08	-2.174057e+01	-1.768516e+03
6.900000e-06	-3.873614e-09	-1.378486e-08	-2.181669e+01	-1.771243e+03
6.910000e-06	-3.886848e-09	-1.380695e-08	-2.189123e+01	-1.773912e+03
6.920000e-06	-3.899823e-09	-1.382828e-08	-2.196431e+01	-1.776520e+03
6.930000e-06	-3.912571e-09	-1.384912e-08	-2.203611e+01	-1.779067e+03
6.940000e-06	-3.925055e-09	-1.386995e-08	-2.210642e+01	-1.781554e+03
6.950000e-06	-3.937177e-09	-1.389076e-08	-2.217469e+01	-1.783983e+03
6.960000e-06	-3.948893e-09	-1.391114e-08	-2.224068e+01	-1.786355e+03
6.970000e-06	-3.960269e-09	-1.393049e-08	-2.230475e+01	-1.788673e+03
6.980000e-06	-3.971402e-09	-1.394858e-08	-2.236746e+01	-1.790941e+03
6.990000e-06	-3.982312e-09	-1.396620e-08	-2.242890e+01	-1.793161e+03
7.000000e-06	-3.992957e-09	-1.398417e-08	-2.248886e+01	-1.795336e+03
7.010000e-06	-4.003319e-09	-1.400213e-08	-2.254722e+01	-1.797468e+03
7.020000e-06	-4.013386e-09	-1.401992e-08	-2.260392e+01	-1.799558e+03
7.030000e-06	-4.023185e-09	-1.403768e-08	-2.265911e+01	-1.801605e+03
7.040000e-06	-4.032774e-09	-1.405506e-08	-2.271312e+01	-1.803609e+03
7.050000e-06	-4.042133e-09	-1.407212e-08	-2.276583e+01	-1.805568e+03
7.060000e-06	-4.051147e-09	-1.408858e-08	-2.281660e+01	-1.807479e+03
7.070000e-06	-4.059737e-09	-1.410365e-08	-2.286498e+01	-1.809338e+03
7.080000e-06	-4.067960e-09	-1.411730e-08	-2.291130e+01	-1.811142e+03
7.090000e-06	-4.075937e-09	-1.413053e-08	-2.295622e+01	-1.812888e+03
7.100000e-06	-4.083694e-09	-1.414408e-08	-2.299991e+01	-1.814572e+03
7.110000e-06	-4.091181e-09	-1.415762e-08	-2.304208e+01	-1.816193e+03
7.120000e-06	-4.098386e-09	-1.417065e-08	-2.308266e+01	-1.817749e+03
7.130000e-06	-4.105313e-09	-1.418299e-08	-2.312168e+01	-1.819239e+03
7.140000e-06	-4.111971e-09	-1.419522e-08	-2.315918e+01	-1.820666e+03
7.150000e-06	-4.118396e-09	-1.420755e-08	-2.319537e+01	-1.822030e+03
7.160000e-06	-4.124571e-09	-1.421876e-08	-2.323015e+01	-1.823333e+03
7.170000e-06	-4.130370e-09	-1.422826e-08	-2.326281e+01	-1.824579e+03
7.180000e-06	-4.135709e-09	-1.423701e-08	-2.329288e+01	-1.825770e+03
7.190000e-06	-4.140658e-09	-1.424568e-08	-2.332075e+01	-1.826909e+03
7.200000e-06	-4.145296e-09	-1.425476e-08	-2.334688e+01	-1.827997e+03
7.210000e-06	-4.149642e-09	-1.426397e-08	-2.337136e+01	-1.829034e+03
7.220000e-06	-4.153700e-09	-1.427183e-08	-2.339421e+01	-1.830020e+03
7.230000e-06	-4.157476e-09	-1.427846e-08	-2.341548e+01	-1.830953e+03
7.240000e-06	-4.160965e-09	-1.428534e-08	-2.343513e+01	-1.831830e+03
7.250000e-06	-4.164207e-09	-1.429224e-08	-2.345339e+01	-1.832646e+03
7.260000e-06	-4.167229e-09	-1.429805e-08	-2.347041e+01	-1.833397e+03
7.270000e-06	-4.169942e-09	-1.430276e-08	-2.348570e+01	-1.834076e+03
7.280000e-06	-4.172240e-09	-1.430711e-08	-2.349864e+01	-1.834678e+03
7.290000e-06	-4.174144e-09	-1.431095e-08	-2.350937e+01	-1.835199e+03
7.300000e-06	-4.175773e-09	-1.431408e-08	-2.351854e+01	-1.835635e+03
7.310000e-06	-4.177169e-09	-1.431727e-08	-2.352641e+01	-1.835982e+03
7.320000e-06	-4.178293e-09	-1.432012e-08	-2.353274e+01	-1.836239e+03
7.330000e-06	-4.179140e-09	-1.432129e-08	-2.353751e+01	-1.836407e+03
7.340000e-06	-4.179699e-09	-1.432081e-08	-2.354066e+01	-1.836488e+03
7.350000e-06	-4.179949e-09	-1.431977e-08	-2.354207e+01	-1.836485e+03
