# Concentracion g/m^3_=_53300.0
# C_Vs_to_Am_M_A/Vsm_=_128687336408.14134
# pendiente_HvsI_1/m_=_3716.3
# ordenada_HvsI_A/m_=_1297.0
# frecuencia_Hz_=_136545.89950164128
# Promedio de 26 ciclos

Tiempo_(s)	Campo_(V.s)	Magnetizacion_(V.s)	Campo_(kA/m)	Magnetizacion_(A/m)
0.000000e+00	-9.956671e-09	-1.955947e-08	-5.323483e+01	-2.507376e+03
1.000000e-08	-9.956285e-09	-1.955962e-08	-5.323276e+01	-2.507297e+03
2.000000e-08	-9.955127e-09	-1.955911e-08	-5.322658e+01	-2.507174e+03
3.000000e-08	-9.953261e-09	-1.955765e-08	-5.321660e+01	-2.507011e+03
4.000000e-08	-9.950765e-09	-1.955564e-08	-5.320325e+01	-2.506811e+03
5.000000e-08	-9.947648e-09	-1.955392e-08	-5.318659e+01	-2.506572e+03
6.000000e-08	-9.943802e-09	-1.955121e-08	-5.316602e+01	-2.506290e+03
7.000000e-08	-9.939184e-09	-1.954789e-08	-5.314133e+01	-2.505960e+03
8.000000e-08	-9.933848e-09	-1.954765e-08	-5.311280e+01	-2.505575e+03
9.000000e-08	-9.927627e-09	-1.954809e-08	-5.307955e+01	-2.505129e+03
1.000000e-07	-9.920358e-09	-1.953170e-08	-5.304068e+01	-2.504618e+03
1.100000e-07	-9.911931e-09	-1.950549e-08	-5.299562e+01	-2.504043e+03
1.200000e-07	-9.902443e-09	-1.950717e-08	-5.294489e+01	-2.503407e+03
1.300000e-07	-9.892473e-09	-1.954273e-08	-5.289159e+01	-2.502716e+03
1.400000e-07	-9.882506e-09	-1.954645e-08	-5.283830e+01	-2.501981e+03
1.500000e-07	-9.872027e-09	-1.947641e-08	-5.278227e+01	-2.501217e+03
1.600000e-07	-9.860392e-09	-1.944887e-08	-5.272006e+01	-2.500441e+03
1.700000e-07	-9.848033e-09	-1.954576e-08	-5.265398e+01	-2.499669e+03
1.800000e-07	-9.835438e-09	-1.955041e-08	-5.258664e+01	-2.498918e+03
1.900000e-07	-9.822070e-09	-1.940714e-08	-5.251517e+01	-2.498201e+03
2.000000e-07	-9.807719e-09	-1.942953e-08	-5.243844e+01	-2.497529e+03
2.100000e-07	-9.792932e-09	-1.956016e-08	-5.235938e+01	-2.496907e+03
2.200000e-07	-9.777681e-09	-1.947653e-08	-5.227784e+01	-2.496335e+03
2.300000e-07	-9.761391e-09	-1.937085e-08	-5.219074e+01	-2.495806e+03
2.400000e-07	-9.744222e-09	-1.948785e-08	-5.209894e+01	-2.495310e+03
2.500000e-07	-9.726570e-09	-1.951337e-08	-5.200456e+01	-2.494831e+03
2.600000e-07	-9.708054e-09	-1.936450e-08	-5.190557e+01	-2.494350e+03
2.700000e-07	-9.688510e-09	-1.940207e-08	-5.180107e+01	-2.493845e+03
2.800000e-07	-9.668322e-09	-1.950012e-08	-5.169313e+01	-2.493296e+03
2.900000e-07	-9.647417e-09	-1.937883e-08	-5.158136e+01	-2.492680e+03
3.000000e-07	-9.625565e-09	-1.933936e-08	-5.146452e+01	-2.491981e+03
3.100000e-07	-9.603132e-09	-1.946731e-08	-5.134459e+01	-2.491182e+03
3.200000e-07	-9.580143e-09	-1.940346e-08	-5.122167e+01	-2.490272e+03
3.300000e-07	-9.556280e-09	-1.928174e-08	-5.109408e+01	-2.489242e+03
3.400000e-07	-9.531713e-09	-1.938305e-08	-5.096273e+01	-2.488087e+03
3.500000e-07	-9.506640e-09	-1.941047e-08	-5.082867e+01	-2.486806e+03
3.600000e-07	-9.480827e-09	-1.927151e-08	-5.069066e+01	-2.485398e+03
3.700000e-07	-9.454272e-09	-1.929851e-08	-5.054868e+01	-2.483864e+03
3.800000e-07	-9.427086e-09	-1.936277e-08	-5.040333e+01	-2.482206e+03
3.900000e-07	-9.399130e-09	-1.925808e-08	-5.025386e+01	-2.480423e+03
4.000000e-07	-9.370399e-09	-1.923455e-08	-5.010024e+01	-2.478515e+03
4.100000e-07	-9.340983e-09	-1.928823e-08	-4.994297e+01	-2.476480e+03
4.200000e-07	-9.310729e-09	-1.921272e-08	-4.978121e+01	-2.474316e+03
4.300000e-07	-9.279619e-09	-1.916791e-08	-4.961487e+01	-2.472020e+03
4.400000e-07	-9.247802e-09	-1.921096e-08	-4.944476e+01	-2.469589e+03
4.500000e-07	-9.215303e-09	-1.916791e-08	-4.927100e+01	-2.467021e+03
4.600000e-07	-9.182186e-09	-1.911346e-08	-4.909394e+01	-2.464318e+03
4.700000e-07	-9.148533e-09	-1.912876e-08	-4.891400e+01	-2.461483e+03
4.800000e-07	-9.114302e-09	-1.910090e-08	-4.873098e+01	-2.458521e+03
4.900000e-07	-9.079457e-09	-1.905418e-08	-4.854468e+01	-2.455442e+03
5.000000e-07	-9.043997e-09	-1.904969e-08	-4.835509e+01	-2.452259e+03
5.100000e-07	-9.007864e-09	-1.902482e-08	-4.816190e+01	-2.448984e+03
5.200000e-07	-8.971045e-09	-1.898697e-08	-4.796504e+01	-2.445634e+03
5.300000e-07	-8.933563e-09	-1.897284e-08	-4.776463e+01	-2.442223e+03
5.400000e-07	-8.895372e-09	-1.894524e-08	-4.756044e+01	-2.438764e+03
5.500000e-07	-8.856429e-09	-1.891141e-08	-4.735222e+01	-2.435267e+03
5.600000e-07	-8.816786e-09	-1.889113e-08	-4.714027e+01	-2.431737e+03
5.700000e-07	-8.776485e-09	-1.885908e-08	-4.692479e+01	-2.428176e+03
5.800000e-07	-8.735568e-09	-1.882483e-08	-4.670603e+01	-2.424581e+03
5.900000e-07	-8.694086e-09	-1.880310e-08	-4.648424e+01	-2.420942e+03
6.000000e-07	-8.652033e-09	-1.877480e-08	-4.625939e+01	-2.417247e+03
6.100000e-07	-8.609348e-09	-1.874239e-08	-4.603117e+01	-2.413482e+03
6.200000e-07	-8.566046e-09	-1.871299e-08	-4.579965e+01	-2.409629e+03
6.300000e-07	-8.522145e-09	-1.867736e-08	-4.556493e+01	-2.405672e+03
6.400000e-07	-8.477598e-09	-1.864400e-08	-4.532675e+01	-2.401597e+03
6.500000e-07	-8.432369e-09	-1.861459e-08	-4.508493e+01	-2.397393e+03
6.600000e-07	-8.386462e-09	-1.857838e-08	-4.483948e+01	-2.393055e+03
6.700000e-07	-8.339859e-09	-1.854233e-08	-4.459031e+01	-2.388580e+03
6.800000e-07	-8.292589e-09	-1.851105e-08	-4.433757e+01	-2.383972e+03
6.900000e-07	-8.244657e-09	-1.847580e-08	-4.408130e+01	-2.379241e+03
7.000000e-07	-8.196071e-09	-1.843966e-08	-4.382153e+01	-2.374397e+03
7.100000e-07	-8.146876e-09	-1.840192e-08	-4.355850e+01	-2.369454e+03
7.200000e-07	-8.097100e-09	-1.835792e-08	-4.329236e+01	-2.364427e+03
7.300000e-07	-8.046807e-09	-1.831747e-08	-4.302346e+01	-2.359326e+03
7.400000e-07	-7.996025e-09	-1.828326e-08	-4.275195e+01	-2.354163e+03
7.500000e-07	-7.944707e-09	-1.824283e-08	-4.247757e+01	-2.348941e+03
7.600000e-07	-7.892819e-09	-1.819833e-08	-4.220014e+01	-2.343661e+03
7.700000e-07	-7.840342e-09	-1.815667e-08	-4.191957e+01	-2.338317e+03
7.800000e-07	-7.787231e-09	-1.811358e-08	-4.163560e+01	-2.332900e+03
7.900000e-07	-7.733493e-09	-1.806779e-08	-4.134829e+01	-2.327394e+03
8.000000e-07	-7.679164e-09	-1.802244e-08	-4.105780e+01	-2.321786e+03
8.100000e-07	-7.624249e-09	-1.797516e-08	-4.076419e+01	-2.316056e+03
8.200000e-07	-7.568721e-09	-1.792613e-08	-4.046730e+01	-2.310192e+03
8.300000e-07	-7.512547e-09	-1.788030e-08	-4.016696e+01	-2.304179e+03
8.400000e-07	-7.455709e-09	-1.783656e-08	-3.986307e+01	-2.298011e+03
8.500000e-07	-7.398269e-09	-1.778810e-08	-3.955596e+01	-2.291685e+03
8.600000e-07	-7.340298e-09	-1.773486e-08	-3.924601e+01	-2.285204e+03
8.700000e-07	-7.281840e-09	-1.768254e-08	-3.893346e+01	-2.278576e+03
8.800000e-07	-7.222934e-09	-1.763093e-08	-3.861851e+01	-2.271813e+03
8.900000e-07	-7.163591e-09	-1.757794e-08	-3.830122e+01	-2.264929e+03
9.000000e-07	-7.103785e-09	-1.752392e-08	-3.798145e+01	-2.257940e+03
9.100000e-07	-7.043460e-09	-1.746949e-08	-3.765892e+01	-2.250858e+03
9.200000e-07	-6.982562e-09	-1.741432e-08	-3.733332e+01	-2.243694e+03
9.300000e-07	-6.921086e-09	-1.735890e-08	-3.700463e+01	-2.236450e+03
9.400000e-07	-6.859049e-09	-1.730250e-08	-3.667294e+01	-2.229127e+03
9.500000e-07	-6.796477e-09	-1.724209e-08	-3.633839e+01	-2.221715e+03
9.600000e-07	-6.733413e-09	-1.717780e-08	-3.600121e+01	-2.214199e+03
9.700000e-07	-6.669878e-09	-1.711482e-08	-3.566151e+01	-2.206561e+03
9.800000e-07	-6.605867e-09	-1.705390e-08	-3.531927e+01	-2.198776e+03
9.900000e-07	-6.541377e-09	-1.699211e-08	-3.497446e+01	-2.190821e+03
1.000000e-06	-6.476432e-09	-1.692829e-08	-3.462722e+01	-2.182674e+03
1.010000e-06	-6.411065e-09	-1.686241e-08	-3.427772e+01	-2.174315e+03
1.020000e-06	-6.345278e-09	-1.679413e-08	-3.392599e+01	-2.165730e+03
1.030000e-06	-6.279059e-09	-1.672439e-08	-3.357193e+01	-2.156914e+03
1.040000e-06	-6.212376e-09	-1.665373e-08	-3.321541e+01	-2.147868e+03
1.050000e-06	-6.145209e-09	-1.658131e-08	-3.285629e+01	-2.138601e+03
1.060000e-06	-6.077561e-09	-1.650749e-08	-3.249459e+01	-2.129128e+03
1.070000e-06	-6.009439e-09	-1.643323e-08	-3.213037e+01	-2.119469e+03
1.080000e-06	-5.940847e-09	-1.635782e-08	-3.176363e+01	-2.109647e+03
1.090000e-06	-5.871787e-09	-1.628109e-08	-3.139440e+01	-2.099684e+03
1.100000e-06	-5.802296e-09	-1.620351e-08	-3.102285e+01	-2.089598e+03
1.110000e-06	-5.732394e-09	-1.612504e-08	-3.064911e+01	-2.079403e+03
1.120000e-06	-5.662074e-09	-1.604503e-08	-3.027313e+01	-2.069102e+03
1.130000e-06	-5.591332e-09	-1.596276e-08	-2.989490e+01	-2.058693e+03
1.140000e-06	-5.520190e-09	-1.587932e-08	-2.951453e+01	-2.048162e+03
1.150000e-06	-5.448674e-09	-1.579608e-08	-2.913216e+01	-2.037489e+03
1.160000e-06	-5.376789e-09	-1.571223e-08	-2.874782e+01	-2.026645e+03
1.170000e-06	-5.304500e-09	-1.562612e-08	-2.836131e+01	-2.015601e+03
1.180000e-06	-5.231783e-09	-1.553720e-08	-2.797252e+01	-2.004321e+03
1.190000e-06	-5.158635e-09	-1.544591e-08	-2.758142e+01	-1.992777e+03
1.200000e-06	-5.085053e-09	-1.535284e-08	-2.718801e+01	-1.980942e+03
1.210000e-06	-5.011050e-09	-1.525720e-08	-2.679234e+01	-1.968797e+03
1.220000e-06	-4.936658e-09	-1.515868e-08	-2.639459e+01	-1.956333e+03
1.230000e-06	-4.861905e-09	-1.505839e-08	-2.599491e+01	-1.943548e+03
1.240000e-06	-4.786811e-09	-1.495690e-08	-2.559341e+01	-1.930451e+03
1.250000e-06	-4.711380e-09	-1.485417e-08	-2.519011e+01	-1.917056e+03
1.260000e-06	-4.635625e-09	-1.475041e-08	-2.478507e+01	-1.903383e+03
1.270000e-06	-4.559566e-09	-1.464433e-08	-2.437841e+01	-1.889453e+03
1.280000e-06	-4.483202e-09	-1.453489e-08	-2.397012e+01	-1.875285e+03
1.290000e-06	-4.406538e-09	-1.442374e-08	-2.356022e+01	-1.860892e+03
1.300000e-06	-4.329578e-09	-1.431212e-08	-2.314875e+01	-1.846279e+03
1.310000e-06	-4.252324e-09	-1.419806e-08	-2.273569e+01	-1.831443e+03
1.320000e-06	-4.174763e-09	-1.408020e-08	-2.232101e+01	-1.816366e+03
1.330000e-06	-4.096884e-09	-1.395946e-08	-2.190461e+01	-1.801023e+03
1.340000e-06	-4.018676e-09	-1.383627e-08	-2.148646e+01	-1.785379e+03
1.350000e-06	-3.940131e-09	-1.370946e-08	-2.106651e+01	-1.769390e+03
1.360000e-06	-3.861260e-09	-1.357862e-08	-2.064481e+01	-1.753012e+03
1.370000e-06	-3.782097e-09	-1.344400e-08	-2.022156e+01	-1.736201e+03
1.380000e-06	-3.702661e-09	-1.330595e-08	-1.979684e+01	-1.718917e+03
1.390000e-06	-3.622954e-09	-1.316599e-08	-1.937067e+01	-1.701128e+03
1.400000e-06	-3.542993e-09	-1.302450e-08	-1.894315e+01	-1.682813e+03
1.410000e-06	-3.462801e-09	-1.288010e-08	-1.851439e+01	-1.663962e+03
1.420000e-06	-3.382369e-09	-1.273204e-08	-1.808435e+01	-1.644577e+03
1.430000e-06	-3.301693e-09	-1.258019e-08	-1.765300e+01	-1.624671e+03
1.440000e-06	-3.220769e-09	-1.242464e-08	-1.722033e+01	-1.604261e+03
1.450000e-06	-3.139595e-09	-1.226506e-08	-1.678632e+01	-1.583369e+03
1.460000e-06	-3.058159e-09	-1.210069e-08	-1.635091e+01	-1.562014e+03
1.470000e-06	-2.976438e-09	-1.193151e-08	-1.591398e+01	-1.540208e+03
1.480000e-06	-2.894418e-09	-1.175860e-08	-1.547545e+01	-1.517954e+03
1.490000e-06	-2.812112e-09	-1.158237e-08	-1.503539e+01	-1.495239e+03
1.500000e-06	-2.729563e-09	-1.140118e-08	-1.459403e+01	-1.472031e+03
1.510000e-06	-2.646812e-09	-1.121361e-08	-1.415159e+01	-1.448286e+03
1.520000e-06	-2.563883e-09	-1.101951e-08	-1.370820e+01	-1.423940e+03
1.530000e-06	-2.480798e-09	-1.081960e-08	-1.326397e+01	-1.398919e+03
1.540000e-06	-2.397576e-09	-1.061500e-08	-1.281901e+01	-1.373141e+03
1.550000e-06	-2.314209e-09	-1.040583e-08	-1.237328e+01	-1.346521e+03
1.560000e-06	-2.230681e-09	-1.018986e-08	-1.192668e+01	-1.318979e+03
1.570000e-06	-2.146989e-09	-9.965529e-09	-1.147921e+01	-1.290443e+03
1.580000e-06	-2.063143e-09	-9.733931e-09	-1.103092e+01	-1.260856e+03
1.590000e-06	-1.979142e-09	-9.496332e-09	-1.058179e+01	-1.230176e+03
1.600000e-06	-1.894982e-09	-9.251771e-09	-1.013182e+01	-1.198379e+03
1.610000e-06	-1.810673e-09	-8.998084e-09	-9.681045e+00	-1.165455e+03
1.620000e-06	-1.726218e-09	-8.734598e-09	-9.229496e+00	-1.131406e+03
1.630000e-06	-1.641627e-09	-8.463199e-09	-8.777218e+00	-1.096236e+03
1.640000e-06	-1.556917e-09	-8.184122e-09	-8.324300e+00	-1.059948e+03
1.650000e-06	-1.472097e-09	-7.894672e-09	-7.870800e+00	-1.022529e+03
1.660000e-06	-1.387180e-09	-7.592945e-09	-7.416775e+00	-9.839453e+02
1.670000e-06	-1.302207e-09	-7.278592e-09	-6.962453e+00	-9.441333e+02
1.680000e-06	-1.217197e-09	-6.951802e-09	-6.507934e+00	-9.029935e+02
1.690000e-06	-1.132130e-09	-6.612536e-09	-6.053113e+00	-8.603886e+02
1.700000e-06	-1.046999e-09	-6.260453e-09	-5.597948e+00	-8.161445e+02
1.710000e-06	-9.617975e-10	-5.894246e-09	-5.142403e+00	-7.700559e+02
1.720000e-06	-8.765121e-10	-5.511659e-09	-4.686412e+00	-7.218953e+02
1.730000e-06	-7.911546e-10	-5.112483e-09	-4.230035e+00	-6.714273e+02
1.740000e-06	-7.057435e-10	-4.697191e-09	-3.773372e+00	-6.184248e+02
1.750000e-06	-6.202737e-10	-4.262410e-09	-3.316395e+00	-5.626876e+02
1.760000e-06	-5.347326e-10	-3.805130e-09	-2.859036e+00	-5.040618e+02
1.770000e-06	-4.491354e-10	-3.326287e-09	-2.401377e+00	-4.424587e+02
1.780000e-06	-3.635138e-10	-2.826418e-09	-1.943588e+00	-3.778708e+02
1.790000e-06	-2.778818e-10	-2.304717e-09	-1.485743e+00	-3.103847e+02
1.800000e-06	-1.922479e-10	-1.762097e-09	-1.027888e+00	-2.401886e+02
1.810000e-06	-1.066345e-10	-1.199656e-09	-5.701432e-01	-1.675743e+02
1.820000e-06	-2.104482e-11	-6.182091e-10	-1.125245e-01	-9.293283e+01
1.830000e-06	6.454164e-11	-2.089220e-11	3.450767e-01	-1.674379e+01
1.840000e-06	1.501238e-10	5.869270e-10	8.026550e-01	6.044093e+01
1.850000e-06	2.356979e-10	1.199375e-09	1.260190e+00	1.380184e+02
1.860000e-06	3.212691e-10	1.810359e-09	1.717710e+00	2.153595e+02
1.870000e-06	4.068430e-10	2.412498e-09	2.175243e+00	2.918352e+02
1.880000e-06	4.924110e-10	2.998170e-09	2.632746e+00	3.668438e+02
1.890000e-06	5.779501e-10	3.562051e-09	3.090094e+00	4.398356e+02
1.900000e-06	6.634470e-10	4.101485e-09	3.547216e+00	5.103351e+02
1.910000e-06	7.489042e-10	4.615559e-09	4.004126e+00	5.779580e+02
1.920000e-06	8.343133e-10	5.103906e-09	4.460779e+00	6.424228e+02
1.930000e-06	9.196424e-10	5.565805e-09	4.917004e+00	7.035561e+02
1.940000e-06	1.004870e-09	6.001364e-09	5.372688e+00	7.612911e+02
1.950000e-06	1.090002e-09	6.412491e-09	5.827855e+00	8.156609e+02
1.960000e-06	1.175039e-09	6.801039e-09	6.282518e+00	8.667855e+02
1.970000e-06	1.259972e-09	7.168266e-09	6.736629e+00	9.148559e+02
1.980000e-06	1.344813e-09	7.516030e-09	7.190242e+00	9.601145e+02
1.990000e-06	1.429573e-09	7.846365e-09	7.643429e+00	1.002835e+03
2.000000e-06	1.514262e-09	8.161428e-09	8.096228e+00	1.043303e+03
2.010000e-06	1.598881e-09	8.462918e-09	8.548659e+00	1.081796e+03
2.020000e-06	1.683405e-09	8.750686e-09	9.000576e+00	1.118571e+03
2.030000e-06	1.767805e-09	9.026034e-09	9.451836e+00	1.153852e+03
2.040000e-06	1.852085e-09	9.290743e-09	9.902454e+00	1.187823e+03
2.050000e-06	1.936235e-09	9.544501e-09	1.035237e+01	1.220624e+03
2.060000e-06	2.020234e-09	9.788425e-09	1.080149e+01	1.252353e+03
2.070000e-06	2.104063e-09	1.002409e-08	1.124969e+01	1.283075e+03
2.080000e-06	2.187704e-09	1.025044e-08	1.169689e+01	1.312820e+03
2.090000e-06	2.271165e-09	1.046711e-08	1.214313e+01	1.341603e+03
2.100000e-06	2.354450e-09	1.067710e-08	1.258842e+01	1.369424e+03
2.110000e-06	2.437549e-09	1.088150e-08	1.303272e+01	1.396283e+03
2.120000e-06	2.520470e-09	1.107884e-08	1.347607e+01	1.422184e+03
2.130000e-06	2.603217e-09	1.126847e-08	1.391849e+01	1.447144e+03
2.140000e-06	2.685774e-09	1.145120e-08	1.435989e+01	1.471192e+03
2.150000e-06	2.768131e-09	1.162880e-08	1.480023e+01	1.494374e+03
2.160000e-06	2.850282e-09	1.180237e-08	1.523946e+01	1.516749e+03
2.170000e-06	2.932210e-09	1.197155e-08	1.567750e+01	1.538386e+03
2.180000e-06	3.013898e-09	1.213544e-08	1.611426e+01	1.559363e+03
2.190000e-06	3.095337e-09	1.229419e-08	1.654968e+01	1.579754e+03
2.200000e-06	3.176518e-09	1.244851e-08	1.698373e+01	1.599631e+03
2.210000e-06	3.257431e-09	1.259875e-08	1.741634e+01	1.619055e+03
2.220000e-06	3.338069e-09	1.274543e-08	1.784748e+01	1.638076e+03
2.230000e-06	3.418433e-09	1.288897e-08	1.827716e+01	1.656727e+03
2.240000e-06	3.498523e-09	1.302953e-08	1.870538e+01	1.675025e+03
2.250000e-06	3.578341e-09	1.316784e-08	1.913213e+01	1.692976e+03
2.260000e-06	3.657894e-09	1.330441e-08	1.955748e+01	1.710570e+03
2.270000e-06	3.737195e-09	1.343725e-08	1.998147e+01	1.727793e+03
2.280000e-06	3.816253e-09	1.356489e-08	2.040416e+01	1.744626e+03
2.290000e-06	3.895050e-09	1.368906e-08	2.082547e+01	1.761048e+03
2.300000e-06	3.973564e-09	1.381078e-08	2.124525e+01	1.777047e+03
2.310000e-06	4.051781e-09	1.392931e-08	2.166345e+01	1.792615e+03
2.320000e-06	4.129697e-09	1.404431e-08	2.208004e+01	1.807756e+03
2.330000e-06	4.207317e-09	1.415643e-08	2.249505e+01	1.822483e+03
2.340000e-06	4.284626e-09	1.426614e-08	2.290839e+01	1.836818e+03
2.350000e-06	4.361606e-09	1.437427e-08	2.331998e+01	1.850792e+03
2.360000e-06	4.438248e-09	1.448165e-08	2.372976e+01	1.864440e+03
2.370000e-06	4.514555e-09	1.458765e-08	2.413774e+01	1.877800e+03
2.380000e-06	4.590544e-09	1.469169e-08	2.454403e+01	1.890908e+03
2.390000e-06	4.666217e-09	1.479373e-08	2.494863e+01	1.903796e+03
2.400000e-06	4.741559e-09	1.489365e-08	2.535145e+01	1.916489e+03
2.410000e-06	4.816568e-09	1.499111e-08	2.575250e+01	1.929002e+03
2.420000e-06	4.891253e-09	1.508574e-08	2.615181e+01	1.941343e+03
2.430000e-06	4.965613e-09	1.517801e-08	2.654939e+01	1.953510e+03
2.440000e-06	5.039630e-09	1.526859e-08	2.694514e+01	1.965496e+03
2.450000e-06	5.113278e-09	1.535769e-08	2.733890e+01	1.977286e+03
2.460000e-06	5.186524e-09	1.544563e-08	2.773052e+01	1.988866e+03
2.470000e-06	5.259348e-09	1.553165e-08	2.811989e+01	2.000220e+03
2.480000e-06	5.331736e-09	1.561466e-08	2.850692e+01	2.011337e+03
2.490000e-06	5.403681e-09	1.569563e-08	2.889158e+01	2.022210e+03
2.500000e-06	5.475191e-09	1.577599e-08	2.927393e+01	2.032840e+03
2.510000e-06	5.546276e-09	1.585571e-08	2.965399e+01	2.043233e+03
2.520000e-06	5.616929e-09	1.593419e-08	3.003175e+01	2.053403e+03
2.530000e-06	5.687163e-09	1.601169e-08	3.040726e+01	2.063368e+03
2.540000e-06	5.756996e-09	1.608821e-08	3.078064e+01	2.073151e+03
2.550000e-06	5.826447e-09	1.616335e-08	3.115197e+01	2.082773e+03
2.560000e-06	5.895506e-09	1.623745e-08	3.152120e+01	2.092254e+03
2.570000e-06	5.964155e-09	1.630996e-08	3.188825e+01	2.101612e+03
2.580000e-06	6.032379e-09	1.638086e-08	3.225302e+01	2.110857e+03
2.590000e-06	6.100162e-09	1.645153e-08	3.261543e+01	2.119992e+03
2.600000e-06	6.167479e-09	1.652195e-08	3.297535e+01	2.129013e+03
2.610000e-06	6.234315e-09	1.659083e-08	3.333270e+01	2.137910e+03
2.620000e-06	6.300682e-09	1.665754e-08	3.368754e+01	2.146667e+03
2.630000e-06	6.366578e-09	1.672255e-08	3.403986e+01	2.155263e+03
2.640000e-06	6.431987e-09	1.678617e-08	3.438958e+01	2.163679e+03
2.650000e-06	6.496926e-09	1.684796e-08	3.473678e+01	2.171895e+03
2.660000e-06	6.561412e-09	1.690807e-08	3.508157e+01	2.179897e+03
2.670000e-06	6.625435e-09	1.696707e-08	3.542388e+01	2.187677e+03
2.680000e-06	6.688991e-09	1.702488e-08	3.576369e+01	2.195231e+03
2.690000e-06	6.752096e-09	1.708193e-08	3.610109e+01	2.202569e+03
2.700000e-06	6.814739e-09	1.713827e-08	3.643602e+01	2.209704e+03
2.710000e-06	6.876880e-09	1.719292e-08	3.676827e+01	2.216656e+03
2.720000e-06	6.938502e-09	1.724630e-08	3.709774e+01	2.223453e+03
2.730000e-06	6.999581e-09	1.729927e-08	3.742431e+01	2.230121e+03
2.740000e-06	7.060103e-09	1.735143e-08	3.774790e+01	2.236690e+03
2.750000e-06	7.120096e-09	1.740238e-08	3.806866e+01	2.243185e+03
2.760000e-06	7.179577e-09	1.745226e-08	3.838668e+01	2.249626e+03
2.770000e-06	7.238543e-09	1.750125e-08	3.870195e+01	2.256027e+03
2.780000e-06	7.296994e-09	1.754948e-08	3.901447e+01	2.262396e+03
2.790000e-06	7.354915e-09	1.759702e-08	3.932415e+01	2.268731e+03
2.800000e-06	7.412297e-09	1.764407e-08	3.963095e+01	2.275024e+03
2.810000e-06	7.469141e-09	1.769075e-08	3.993488e+01	2.281263e+03
2.820000e-06	7.525426e-09	1.773669e-08	4.023582e+01	2.287429e+03
2.830000e-06	7.581128e-09	1.778208e-08	4.053363e+01	2.293504e+03
2.840000e-06	7.636249e-09	1.782724e-08	4.082835e+01	2.299469e+03
2.850000e-06	7.690790e-09	1.787153e-08	4.111996e+01	2.305310e+03
2.860000e-06	7.744752e-09	1.791470e-08	4.140847e+01	2.311014e+03
2.870000e-06	7.798156e-09	1.795727e-08	4.169401e+01	2.316577e+03
2.880000e-06	7.850982e-09	1.799931e-08	4.197645e+01	2.321999e+03
2.890000e-06	7.903210e-09	1.804067e-08	4.225569e+01	2.327286e+03
2.900000e-06	7.954843e-09	1.808136e-08	4.253176e+01	2.332447e+03
2.910000e-06	8.005880e-09	1.812183e-08	4.280463e+01	2.337497e+03
2.920000e-06	8.056359e-09	1.816209e-08	4.307453e+01	2.342450e+03
2.930000e-06	8.106308e-09	1.820126e-08	4.334159e+01	2.347320e+03
2.940000e-06	8.155696e-09	1.823901e-08	4.360565e+01	2.352118e+03
2.950000e-06	8.204498e-09	1.827587e-08	4.386657e+01	2.356853e+03
2.960000e-06	8.252703e-09	1.831206e-08	4.412431e+01	2.361527e+03
2.970000e-06	8.300315e-09	1.834759e-08	4.437888e+01	2.366138e+03
2.980000e-06	8.347330e-09	1.838245e-08	4.463025e+01	2.370678e+03
2.990000e-06	8.393697e-09	1.841632e-08	4.487816e+01	2.375137e+03
3.000000e-06	8.439382e-09	1.844970e-08	4.512242e+01	2.379499e+03
3.010000e-06	8.484385e-09	1.848276e-08	4.536303e+01	2.383752e+03
3.020000e-06	8.528744e-09	1.851459e-08	4.560020e+01	2.387881e+03
3.030000e-06	8.572507e-09	1.854479e-08	4.583419e+01	2.391874e+03
3.040000e-06	8.615672e-09	1.857406e-08	4.606498e+01	2.395726e+03
3.050000e-06	8.658207e-09	1.860299e-08	4.629240e+01	2.399435e+03
3.060000e-06	8.700084e-09	1.863107e-08	4.651630e+01	2.403004e+03
3.070000e-06	8.741322e-09	1.865821e-08	4.673678e+01	2.406443e+03
3.080000e-06	8.781965e-09	1.868475e-08	4.695409e+01	2.409766e+03
3.090000e-06	8.822002e-09	1.871029e-08	4.716815e+01	2.412990e+03
3.100000e-06	8.861378e-09	1.873494e-08	4.737868e+01	2.416134e+03
3.110000e-06	8.900068e-09	1.875893e-08	4.758554e+01	2.419216e+03
3.120000e-06	8.938098e-09	1.878178e-08	4.778888e+01	2.422253e+03
3.130000e-06	8.975513e-09	1.880401e-08	4.798892e+01	2.425259e+03
3.140000e-06	9.012321e-09	1.882633e-08	4.818572e+01	2.428241e+03
3.150000e-06	9.048469e-09	1.884876e-08	4.837899e+01	2.431204e+03
3.160000e-06	9.083904e-09	1.887098e-08	4.856845e+01	2.434144e+03
3.170000e-06	9.118649e-09	1.889237e-08	4.875422e+01	2.437056e+03
3.180000e-06	9.152769e-09	1.891248e-08	4.893665e+01	2.439930e+03
3.190000e-06	9.186302e-09	1.893124e-08	4.911594e+01	2.442753e+03
3.200000e-06	9.219217e-09	1.894910e-08	4.929192e+01	2.445514e+03
3.210000e-06	9.251456e-09	1.896722e-08	4.946429e+01	2.448200e+03
3.220000e-06	9.283011e-09	1.898561e-08	4.963300e+01	2.450804e+03
3.230000e-06	9.313896e-09	1.900368e-08	4.979814e+01	2.453321e+03
3.240000e-06	9.344080e-09	1.902188e-08	4.995952e+01	2.455751e+03
3.250000e-06	9.373522e-09	1.904066e-08	5.011694e+01	2.458098e+03
3.260000e-06	9.402238e-09	1.905897e-08	5.027047e+01	2.460370e+03
3.270000e-06	9.430270e-09	1.907519e-08	5.042035e+01	2.462578e+03
3.280000e-06	9.457643e-09	1.908999e-08	5.056670e+01	2.464737e+03
3.290000e-06	9.484320e-09	1.910474e-08	5.070933e+01	2.466860e+03
3.300000e-06	9.510250e-09	1.912006e-08	5.084797e+01	2.468959e+03
3.310000e-06	9.535483e-09	1.913610e-08	5.098289e+01	2.471042e+03
3.320000e-06	9.560089e-09	1.915226e-08	5.111445e+01	2.473117e+03
3.330000e-06	9.584081e-09	1.916820e-08	5.124272e+01	2.475183e+03
3.340000e-06	9.607392e-09	1.918378e-08	5.136736e+01	2.477238e+03
3.350000e-06	9.629970e-09	1.919822e-08	5.148808e+01	2.479273e+03
3.360000e-06	9.651858e-09	1.921139e-08	5.160510e+01	2.481277e+03
3.370000e-06	9.673050e-09	1.922421e-08	5.171841e+01	2.483237e+03
3.380000e-06	9.693448e-09	1.923722e-08	5.182747e+01	2.485139e+03
3.390000e-06	9.713009e-09	1.925043e-08	5.193206e+01	2.486969e+03
3.400000e-06	9.731828e-09	1.926347e-08	5.203268e+01	2.488718e+03
3.410000e-06	9.749989e-09	1.927603e-08	5.212977e+01	2.490378e+03
3.420000e-06	9.767487e-09	1.928795e-08	5.222333e+01	2.491947e+03
3.430000e-06	9.784233e-09	1.929911e-08	5.231287e+01	2.493426e+03
3.440000e-06	9.800216e-09	1.930962e-08	5.239832e+01	2.494821e+03
3.450000e-06	9.815524e-09	1.931960e-08	5.248017e+01	2.496141e+03
3.460000e-06	9.830195e-09	1.932926e-08	5.255861e+01	2.497399e+03
3.470000e-06	9.844185e-09	1.933913e-08	5.263340e+01	2.498607e+03
3.480000e-06	9.857418e-09	1.934890e-08	5.270416e+01	2.499776e+03
3.490000e-06	9.869941e-09	1.935774e-08	5.277112e+01	2.500917e+03
3.500000e-06	9.881822e-09	1.936617e-08	5.283464e+01	2.502036e+03
3.510000e-06	9.893070e-09	1.937519e-08	5.289478e+01	2.503136e+03
3.520000e-06	9.903582e-09	1.938420e-08	5.295098e+01	2.504214e+03
3.530000e-06	9.913277e-09	1.939266e-08	5.300282e+01	2.505264e+03
3.540000e-06	9.922240e-09	1.940066e-08	5.305074e+01	2.506276e+03
3.550000e-06	9.930547e-09	1.940783e-08	5.309516e+01	2.507237e+03
3.560000e-06	9.938205e-09	1.941379e-08	5.313610e+01	2.508134e+03
3.570000e-06	9.945136e-09	1.941891e-08	5.317316e+01	2.508951e+03
3.580000e-06	9.951288e-09	1.942399e-08	5.320605e+01	2.509678e+03
3.590000e-06	9.956685e-09	1.942893e-08	5.323491e+01	2.510305e+03
3.600000e-06	9.961307e-09	1.943348e-08	5.325962e+01	2.510826e+03
3.610000e-06	9.965102e-09	1.943776e-08	5.327991e+01	2.511241e+03
3.620000e-06	9.968148e-09	1.944187e-08	5.329620e+01	2.511551e+03
3.630000e-06	9.970533e-09	1.944572e-08	5.330894e+01	2.511764e+03
3.640000e-06	9.972275e-09	1.944827e-08	5.331826e+01	2.511889e+03
3.650000e-06	9.973310e-09	1.944867e-08	5.332380e+01	2.511937e+03
3.660000e-06	9.973571e-09	1.944803e-08	5.332519e+01	2.511921e+03
3.670000e-06	9.973121e-09	1.944845e-08	5.332278e+01	2.511850e+03
3.680000e-06	9.972023e-09	1.944927e-08	5.331691e+01	2.511734e+03
3.690000e-06	9.970284e-09	1.944915e-08	5.330762e+01	2.511577e+03
3.700000e-06	9.967815e-09	1.944870e-08	5.329442e+01	2.511384e+03
3.710000e-06	9.964615e-09	1.944716e-08	5.327731e+01	2.511151e+03
3.720000e-06	9.960785e-09	1.944476e-08	5.325683e+01	2.510877e+03
3.730000e-06	9.956320e-09	1.944123e-08	5.323295e+01	2.510556e+03
3.740000e-06	9.951125e-09	1.943060e-08	5.320518e+01	2.510180e+03
3.750000e-06	9.945094e-09	1.942537e-08	5.317293e+01	2.509745e+03
3.760000e-06	9.938015e-09	1.944959e-08	5.313508e+01	2.509245e+03
3.770000e-06	9.929503e-09	1.946417e-08	5.308957e+01	2.508681e+03
3.780000e-06	9.919668e-09	1.941451e-08	5.303699e+01	2.508054e+03
3.790000e-06	9.909524e-09	1.936087e-08	5.298275e+01	2.507372e+03
3.800000e-06	9.899669e-09	1.940612e-08	5.293006e+01	2.506644e+03
3.810000e-06	9.889354e-09	1.947854e-08	5.287491e+01	2.505884e+03
3.820000e-06	9.877702e-09	1.939713e-08	5.281261e+01	2.505108e+03
3.830000e-06	9.865229e-09	1.929801e-08	5.274593e+01	2.504335e+03
3.840000e-06	9.852652e-09	1.940675e-08	5.267868e+01	2.503579e+03
3.850000e-06	9.839363e-09	1.948821e-08	5.260763e+01	2.502855e+03
3.860000e-06	9.824843e-09	1.934968e-08	5.253000e+01	2.502175e+03
3.870000e-06	9.809811e-09	1.930352e-08	5.244962e+01	2.501544e+03
3.880000e-06	9.794530e-09	1.944919e-08	5.236792e+01	2.500963e+03
3.890000e-06	9.778318e-09	1.942821e-08	5.228124e+01	2.500428e+03
3.900000e-06	9.761215e-09	1.928595e-08	5.218980e+01	2.499927e+03
3.910000e-06	9.743746e-09	1.936595e-08	5.209640e+01	2.499447e+03
3.920000e-06	9.725548e-09	1.947278e-08	5.199910e+01	2.498967e+03
3.930000e-06	9.706169e-09	1.934261e-08	5.189549e+01	2.498468e+03
3.940000e-06	9.686054e-09	1.929720e-08	5.178794e+01	2.497927e+03
3.950000e-06	9.665466e-09	1.943002e-08	5.167786e+01	2.497324e+03
3.960000e-06	9.644020e-09	1.936686e-08	5.156320e+01	2.496640e+03
3.970000e-06	9.621698e-09	1.923991e-08	5.144385e+01	2.495859e+03
3.980000e-06	9.598748e-09	1.935305e-08	5.132114e+01	2.494968e+03
3.990000e-06	9.575131e-09	1.940133e-08	5.119487e+01	2.493959e+03
4.000000e-06	9.550882e-09	1.926311e-08	5.106522e+01	2.492826e+03
4.010000e-06	9.525943e-09	1.931047e-08	5.093188e+01	2.491566e+03
4.020000e-06	9.500176e-09	1.942005e-08	5.079411e+01	2.490179e+03
4.030000e-06	9.473724e-09	1.930294e-08	5.065268e+01	2.488667e+03
4.040000e-06	9.446716e-09	1.926947e-08	5.050828e+01	2.487029e+03
4.050000e-06	9.418936e-09	1.938037e-08	5.035975e+01	2.485267e+03
4.060000e-06	9.390369e-09	1.930371e-08	5.020701e+01	2.483381e+03
4.070000e-06	9.361081e-09	1.923302e-08	5.005042e+01	2.481367e+03
4.080000e-06	9.330909e-09	1.931822e-08	4.988910e+01	2.479226e+03
4.090000e-06	9.299922e-09	1.927278e-08	4.972343e+01	2.476952e+03
4.100000e-06	9.268361e-09	1.918778e-08	4.955468e+01	2.474544e+03
4.110000e-06	9.236142e-09	1.922707e-08	4.938242e+01	2.471999e+03
4.120000e-06	9.203250e-09	1.920615e-08	4.920655e+01	2.469319e+03
4.130000e-06	9.169801e-09	1.914896e-08	4.902772e+01	2.466506e+03
4.140000e-06	9.135699e-09	1.916085e-08	4.884539e+01	2.463565e+03
4.150000e-06	9.100882e-09	1.913259e-08	4.865923e+01	2.460505e+03
4.160000e-06	9.065413e-09	1.908981e-08	4.846959e+01	2.457338e+03
4.170000e-06	9.029272e-09	1.908948e-08	4.827636e+01	2.454079e+03
4.180000e-06	8.992475e-09	1.905680e-08	4.807961e+01	2.450740e+03
4.190000e-06	8.955058e-09	1.902156e-08	4.787956e+01	2.447339e+03
4.200000e-06	8.916930e-09	1.901049e-08	4.767570e+01	2.443887e+03
4.210000e-06	8.878090e-09	1.897186e-08	4.746804e+01	2.440395e+03
4.220000e-06	8.838614e-09	1.894663e-08	4.725697e+01	2.436871e+03
4.230000e-06	8.798460e-09	1.893946e-08	4.704228e+01	2.433315e+03
4.240000e-06	8.757653e-09	1.889748e-08	4.682410e+01	2.429726e+03
4.250000e-06	8.716269e-09	1.885933e-08	4.660284e+01	2.426095e+03
4.260000e-06	8.674266e-09	1.884160e-08	4.637826e+01	2.422411e+03
4.270000e-06	8.631659e-09	1.880731e-08	4.615046e+01	2.418659e+03
4.280000e-06	8.588496e-09	1.877452e-08	4.591968e+01	2.414821e+03
4.290000e-06	8.544760e-09	1.875039e-08	4.568584e+01	2.410883e+03
4.300000e-06	8.500396e-09	1.871365e-08	4.544864e+01	2.406829e+03
4.310000e-06	8.455351e-09	1.867912e-08	4.520780e+01	2.402648e+03
4.320000e-06	8.409564e-09	1.865261e-08	4.496299e+01	2.398332e+03
4.330000e-06	8.363061e-09	1.861753e-08	4.471436e+01	2.393880e+03
4.340000e-06	8.315888e-09	1.857823e-08	4.446214e+01	2.389295e+03
4.350000e-06	8.268027e-09	1.854141e-08	4.420625e+01	2.384584e+03
4.360000e-06	8.219502e-09	1.850438e-08	4.394680e+01	2.379758e+03
4.370000e-06	8.170405e-09	1.847265e-08	4.368430e+01	2.374831e+03
4.380000e-06	8.120754e-09	1.844132e-08	4.341883e+01	2.369816e+03
4.390000e-06	8.070553e-09	1.839955e-08	4.315042e+01	2.364728e+03
4.400000e-06	8.019812e-09	1.835685e-08	4.287913e+01	2.359574e+03
4.410000e-06	7.968475e-09	1.832041e-08	4.260464e+01	2.354362e+03
4.420000e-06	7.916552e-09	1.827938e-08	4.232703e+01	2.349092e+03
4.430000e-06	7.864102e-09	1.823590e-08	4.204660e+01	2.343760e+03
4.440000e-06	7.811095e-09	1.819609e-08	4.176319e+01	2.338356e+03
4.450000e-06	7.757486e-09	1.815351e-08	4.147656e+01	2.332866e+03
4.460000e-06	7.703260e-09	1.810852e-08	4.118664e+01	2.327276e+03
4.470000e-06	7.648419e-09	1.806730e-08	4.089342e+01	2.321568e+03
4.480000e-06	7.592983e-09	1.802338e-08	4.059702e+01	2.315727e+03
4.490000e-06	7.536954e-09	1.797154e-08	4.029745e+01	2.309741e+03
4.500000e-06	7.480337e-09	1.791950e-08	3.999475e+01	2.303599e+03
4.510000e-06	7.423137e-09	1.787260e-08	3.968892e+01	2.297300e+03
4.520000e-06	7.365384e-09	1.782573e-08	3.938013e+01	2.290845e+03
4.530000e-06	7.307154e-09	1.777657e-08	3.906880e+01	2.284241e+03
4.540000e-06	7.248492e-09	1.772727e-08	3.875515e+01	2.277500e+03
4.550000e-06	7.189336e-09	1.767738e-08	3.843886e+01	2.270635e+03
4.560000e-06	7.129621e-09	1.762498e-08	3.811959e+01	2.263663e+03
4.570000e-06	7.069344e-09	1.757083e-08	3.779731e+01	2.256596e+03
4.580000e-06	7.008530e-09	1.751642e-08	3.747216e+01	2.249445e+03
4.590000e-06	6.947192e-09	1.745997e-08	3.714421e+01	2.242215e+03
4.600000e-06	6.885344e-09	1.740176e-08	3.681352e+01	2.234906e+03
4.610000e-06	6.822965e-09	1.734559e-08	3.648001e+01	2.227509e+03
4.620000e-06	6.760043e-09	1.728996e-08	3.614359e+01	2.220012e+03
4.630000e-06	6.696608e-09	1.722956e-08	3.580442e+01	2.212396e+03
4.640000e-06	6.632676e-09	1.716586e-08	3.546260e+01	2.204638e+03
4.650000e-06	6.568255e-09	1.710246e-08	3.511816e+01	2.196714e+03
4.660000e-06	6.503368e-09	1.703970e-08	3.477123e+01	2.188600e+03
4.670000e-06	6.438030e-09	1.697649e-08	3.442189e+01	2.180278e+03
4.680000e-06	6.372257e-09	1.691152e-08	3.407023e+01	2.171732e+03
4.690000e-06	6.306059e-09	1.684362e-08	3.371629e+01	2.162956e+03
4.700000e-06	6.239411e-09	1.677370e-08	3.335995e+01	2.153948e+03
4.710000e-06	6.172274e-09	1.670336e-08	3.300099e+01	2.144717e+03
4.720000e-06	6.104639e-09	1.663207e-08	3.263937e+01	2.135278e+03
4.730000e-06	6.036556e-09	1.655863e-08	3.227535e+01	2.125649e+03
4.740000e-06	5.968073e-09	1.648366e-08	3.190920e+01	2.115853e+03
4.750000e-06	5.899171e-09	1.640721e-08	3.154080e+01	2.105913e+03
4.760000e-06	5.829834e-09	1.633002e-08	3.117008e+01	2.095847e+03
4.770000e-06	5.760072e-09	1.625235e-08	3.079709e+01	2.085669e+03
4.780000e-06	5.689909e-09	1.617303e-08	3.042195e+01	2.075386e+03
4.790000e-06	5.619355e-09	1.609126e-08	3.004472e+01	2.064996e+03
4.800000e-06	5.548378e-09	1.600773e-08	2.966524e+01	2.054487e+03
4.810000e-06	5.476971e-09	1.592278e-08	2.928345e+01	2.043840e+03
4.820000e-06	5.405146e-09	1.583624e-08	2.889943e+01	2.033027e+03
4.830000e-06	5.332908e-09	1.574960e-08	2.851319e+01	2.022019e+03
4.840000e-06	5.260251e-09	1.566288e-08	2.812473e+01	2.010782e+03
4.850000e-06	5.187161e-09	1.557367e-08	2.773394e+01	1.999284e+03
4.860000e-06	5.113627e-09	1.548167e-08	2.734077e+01	1.987500e+03
4.870000e-06	5.039658e-09	1.538791e-08	2.694529e+01	1.975409e+03
4.880000e-06	4.965296e-09	1.529200e-08	2.654770e+01	1.962999e+03
4.890000e-06	4.890577e-09	1.519330e-08	2.614820e+01	1.950268e+03
4.900000e-06	4.815517e-09	1.509268e-08	2.574689e+01	1.937223e+03
4.910000e-06	4.740119e-09	1.499105e-08	2.534376e+01	1.923877e+03
4.920000e-06	4.664386e-09	1.488723e-08	2.493884e+01	1.910250e+03
4.930000e-06	4.588344e-09	1.478120e-08	2.453227e+01	1.896362e+03
4.940000e-06	4.512010e-09	1.467298e-08	2.412414e+01	1.882233e+03
4.950000e-06	4.435384e-09	1.456153e-08	2.371445e+01	1.867877e+03
4.960000e-06	4.358444e-09	1.444719e-08	2.330308e+01	1.853302e+03
4.970000e-06	4.281182e-09	1.433154e-08	2.288998e+01	1.838504e+03
4.980000e-06	4.203606e-09	1.421490e-08	2.247521e+01	1.823470e+03
4.990000e-06	4.125708e-09	1.409607e-08	2.205872e+01	1.808175e+03
5.000000e-06	4.047480e-09	1.397396e-08	2.164046e+01	1.792584e+03
5.010000e-06	3.968927e-09	1.384901e-08	2.122047e+01	1.776657e+03
5.020000e-06	3.890074e-09	1.372110e-08	2.079887e+01	1.760348e+03
5.030000e-06	3.810954e-09	1.358939e-08	2.037584e+01	1.743613e+03
5.040000e-06	3.731589e-09	1.345408e-08	1.995150e+01	1.726412e+03
5.050000e-06	3.651985e-09	1.331542e-08	1.952589e+01	1.708710e+03
5.060000e-06	3.572133e-09	1.317380e-08	1.909895e+01	1.690485e+03
5.070000e-06	3.492026e-09	1.302950e-08	1.867065e+01	1.671725e+03
5.080000e-06	3.411673e-09	1.288215e-08	1.824103e+01	1.652431e+03
5.090000e-06	3.331078e-09	1.273138e-08	1.781011e+01	1.632612e+03
5.100000e-06	3.250223e-09	1.257668e-08	1.737781e+01	1.612286e+03
5.110000e-06	3.169098e-09	1.241796e-08	1.694406e+01	1.591474e+03
5.120000e-06	3.087716e-09	1.225472e-08	1.650894e+01	1.570196e+03
5.130000e-06	3.006082e-09	1.208663e-08	1.607247e+01	1.548467e+03
5.140000e-06	2.924208e-09	1.191432e-08	1.563472e+01	1.526290e+03
5.150000e-06	2.842091e-09	1.173785e-08	1.519567e+01	1.503654e+03
5.160000e-06	2.759729e-09	1.155753e-08	1.475531e+01	1.480533e+03
5.170000e-06	2.677162e-09	1.137339e-08	1.431385e+01	1.456883e+03
5.180000e-06	2.594428e-09	1.118343e-08	1.387150e+01	1.432643e+03
5.190000e-06	2.511540e-09	1.098666e-08	1.342833e+01	1.407743e+03
5.200000e-06	2.428494e-09	1.078413e-08	1.298431e+01	1.382099e+03
5.210000e-06	2.345284e-09	1.057707e-08	1.253942e+01	1.355628e+03
5.220000e-06	2.261913e-09	1.036497e-08	1.209366e+01	1.328247e+03
5.230000e-06	2.178386e-09	1.014535e-08	1.164707e+01	1.299885e+03
5.240000e-06	2.094701e-09	9.917364e-09	1.119964e+01	1.270479e+03
5.250000e-06	2.010847e-09	9.682237e-09	1.075130e+01	1.239987e+03
5.260000e-06	1.926818e-09	9.440761e-09	1.030203e+01	1.208380e+03
5.270000e-06	1.842624e-09	9.192147e-09	9.851871e+00	1.175648e+03
5.280000e-06	1.758279e-09	8.934364e-09	9.400906e+00	1.141789e+03
5.290000e-06	1.673789e-09	8.666589e-09	8.949169e+00	1.106810e+03
5.300000e-06	1.589173e-09	8.390198e-09	8.496758e+00	1.070712e+03
5.310000e-06	1.504458e-09	8.105458e-09	8.043816e+00	1.033486e+03
5.320000e-06	1.419654e-09	7.810607e-09	7.590397e+00	9.951040e+02
5.330000e-06	1.334776e-09	7.504119e-09	7.136587e+00	9.555063e+02
5.340000e-06	1.249844e-09	7.185013e-09	6.682484e+00	9.146003e+02
5.350000e-06	1.164844e-09	6.852952e-09	6.228019e+00	8.722552e+02
5.360000e-06	1.079762e-09	6.507997e-09	5.773114e+00	8.283029e+02
5.370000e-06	9.946024e-10	6.149351e-09	5.317796e+00	7.825425e+02
5.380000e-06	9.093698e-10	5.775623e-09	4.862087e+00	7.347499e+02
5.390000e-06	8.240585e-10	5.384759e-09	4.405957e+00	6.846897e+02
5.400000e-06	7.386604e-10	4.976348e-09	3.949364e+00	6.321323e+02
5.410000e-06	6.531836e-10	4.551136e-09	3.492349e+00	5.768715e+02
5.420000e-06	5.676539e-10	4.107630e-09	3.035052e+00	5.187443e+02
5.430000e-06	4.820793e-10	3.642870e-09	2.577514e+00	4.576497e+02
5.440000e-06	3.964674e-10	3.155755e-09	2.119777e+00	3.935655e+02
5.450000e-06	3.108428e-10	2.647026e-09	1.661973e+00	3.265615e+02
5.460000e-06	2.252244e-10	2.116663e-09	1.204201e+00	2.568084e+02
5.470000e-06	1.396204e-10	1.564889e-09	7.465064e-01	1.845806e+02
5.480000e-06	5.403891e-11	9.926758e-10	2.889323e-01	1.102528e+02
5.490000e-06	-3.152239e-11	4.024489e-10	-1.685341e-01	3.429053e+01
5.500000e-06	-1.170851e-10	-2.007144e-10	-6.260077e-01	-4.276525e+01
5.510000e-06	-2.026575e-10	-8.110615e-10	-1.083533e+00	-1.203187e+02
5.520000e-06	-2.882349e-10	-1.422925e-09	-1.541086e+00	-1.977433e+02
5.530000e-06	-3.738119e-10	-2.029437e-09	-1.998636e+00	-2.744082e+02
5.540000e-06	-4.593804e-10	-2.624009e-09	-2.456141e+00	-3.497053e+02
5.550000e-06	-5.449252e-10	-3.201158e-09	-2.913519e+00	-4.230745e+02
5.560000e-06	-6.304297e-10	-3.756172e-09	-3.370682e+00	-4.940262e+02
5.570000e-06	-7.158788e-10	-4.286113e-09	-3.827547e+00	-5.621599e+02
5.580000e-06	-8.012602e-10	-4.790104e-09	-4.284052e+00	-6.271760e+02
5.590000e-06	-8.865703e-10	-5.267687e-09	-4.740175e+00	-6.888826e+02
5.600000e-06	-9.717853e-10	-5.718719e-09	-5.195790e+00	-7.471953e+02
5.610000e-06	-1.056902e-09	-6.144565e-09	-5.650879e+00	-8.021307e+02
5.620000e-06	-1.141935e-09	-6.546710e-09	-6.105522e+00	-8.537953e+02
5.630000e-06	-1.226867e-09	-6.926899e-09	-6.559620e+00	-9.023691e+02
5.640000e-06	-1.311697e-09	-7.287689e-09	-7.013180e+00	-9.480873e+02
5.650000e-06	-1.396443e-09	-7.631074e-09	-7.466284e+00	-9.912196e+02
5.660000e-06	-1.481105e-09	-7.957142e-09	-7.918943e+00	-1.032051e+03
5.670000e-06	-1.565680e-09	-8.266565e-09	-8.371137e+00	-1.070861e+03
5.680000e-06	-1.650144e-09	-8.561925e-09	-8.822737e+00	-1.107912e+03
5.690000e-06	-1.734483e-09	-8.845047e-09	-9.273670e+00	-1.143434e+03
5.700000e-06	-1.818705e-09	-9.116229e-09	-9.723975e+00	-1.177616e+03
5.710000e-06	-1.902793e-09	-9.375157e-09	-1.017356e+01	-1.210608e+03
5.720000e-06	-1.986725e-09	-9.623469e-09	-1.062232e+01	-1.242514e+03
5.730000e-06	-2.070491e-09	-9.863565e-09	-1.107019e+01	-1.273404e+03
5.740000e-06	-2.154072e-09	-1.009540e-08	-1.151706e+01	-1.303314e+03
5.750000e-06	-2.237464e-09	-1.031839e-08	-1.196293e+01	-1.332261e+03
5.760000e-06	-2.320672e-09	-1.053354e-08	-1.240782e+01	-1.360245e+03
5.770000e-06	-2.403681e-09	-1.074207e-08	-1.285164e+01	-1.387267e+03
5.780000e-06	-2.486511e-09	-1.094416e-08	-1.329450e+01	-1.413331e+03
5.790000e-06	-2.569186e-09	-1.113946e-08	-1.373653e+01	-1.438449e+03
5.800000e-06	-2.651693e-09	-1.132810e-08	-1.417767e+01	-1.462649e+03
5.810000e-06	-2.734018e-09	-1.151058e-08	-1.461783e+01	-1.485974e+03
5.820000e-06	-2.816143e-09	-1.168788e-08	-1.505693e+01	-1.508482e+03
5.830000e-06	-2.898063e-09	-1.186137e-08	-1.549492e+01	-1.530240e+03
5.840000e-06	-2.979768e-09	-1.203082e-08	-1.593177e+01	-1.551323e+03
5.850000e-06	-3.061236e-09	-1.219471e-08	-1.636735e+01	-1.571809e+03
5.860000e-06	-3.142454e-09	-1.235326e-08	-1.680159e+01	-1.591769e+03
5.870000e-06	-3.223403e-09	-1.250807e-08	-1.723440e+01	-1.611266e+03
5.880000e-06	-3.304076e-09	-1.266005e-08	-1.766573e+01	-1.630353e+03
5.890000e-06	-3.384471e-09	-1.280898e-08	-1.809557e+01	-1.649065e+03
5.900000e-06	-3.464587e-09	-1.295398e-08	-1.852393e+01	-1.667423e+03
5.910000e-06	-3.544443e-09	-1.309474e-08	-1.895089e+01	-1.685433e+03
5.920000e-06	-3.624050e-09	-1.323175e-08	-1.937652e+01	-1.703089e+03
5.930000e-06	-3.703417e-09	-1.336553e-08	-1.980087e+01	-1.720376e+03
5.940000e-06	-3.782541e-09	-1.349586e-08	-2.022392e+01	-1.737276e+03
5.950000e-06	-3.861406e-09	-1.362196e-08	-2.064558e+01	-1.753770e+03
5.960000e-06	-3.939994e-09	-1.374428e-08	-2.106576e+01	-1.769841e+03
5.970000e-06	-4.018303e-09	-1.386371e-08	-2.148445e+01	-1.785483e+03
5.980000e-06	-4.096320e-09	-1.398140e-08	-2.190158e+01	-1.800696e+03
5.990000e-06	-4.174032e-09	-1.409781e-08	-2.231708e+01	-1.815492e+03
6.000000e-06	-4.251433e-09	-1.421171e-08	-2.273092e+01	-1.829891e+03
6.010000e-06	-4.328504e-09	-1.432359e-08	-2.314299e+01	-1.843924e+03
6.020000e-06	-4.405247e-09	-1.443444e-08	-2.355330e+01	-1.857625e+03
6.030000e-06	-4.481663e-09	-1.454381e-08	-2.396188e+01	-1.871032e+03
6.040000e-06	-4.557750e-09	-1.465068e-08	-2.436869e+01	-1.884181e+03
6.050000e-06	-4.633512e-09	-1.475433e-08	-2.477376e+01	-1.897105e+03
6.060000e-06	-4.708948e-09	-1.485515e-08	-2.517709e+01	-1.909829e+03
6.070000e-06	-4.784051e-09	-1.495348e-08	-2.557864e+01	-1.922372e+03
6.080000e-06	-4.858818e-09	-1.504907e-08	-2.597839e+01	-1.934742e+03
6.090000e-06	-4.933251e-09	-1.514224e-08	-2.637636e+01	-1.946940e+03
6.100000e-06	-5.007331e-09	-1.523415e-08	-2.677244e+01	-1.958957e+03
6.110000e-06	-5.081016e-09	-1.532503e-08	-2.716641e+01	-1.970781e+03
6.120000e-06	-5.154289e-09	-1.541456e-08	-2.755817e+01	-1.982398e+03
6.130000e-06	-5.227148e-09	-1.550319e-08	-2.794772e+01	-1.993791e+03
6.140000e-06	-5.299581e-09	-1.559082e-08	-2.833500e+01	-2.004949e+03
6.150000e-06	-5.371560e-09	-1.567617e-08	-2.871985e+01	-2.015864e+03
6.160000e-06	-5.443066e-09	-1.575918e-08	-2.910216e+01	-2.026535e+03
6.170000e-06	-5.514097e-09	-1.584141e-08	-2.948194e+01	-2.036968e+03
6.180000e-06	-5.584688e-09	-1.592327e-08	-2.985936e+01	-2.047175e+03
6.190000e-06	-5.654866e-09	-1.600367e-08	-3.023458e+01	-2.057173e+03
6.200000e-06	-5.724642e-09	-1.608265e-08	-3.060765e+01	-2.066985e+03
6.210000e-06	-5.794018e-09	-1.616086e-08	-3.097858e+01	-2.076633e+03
6.220000e-06	-5.863010e-09	-1.623823e-08	-3.134745e+01	-2.086137e+03
6.230000e-06	-5.931623e-09	-1.631395e-08	-3.171430e+01	-2.095515e+03
6.240000e-06	-5.999858e-09	-1.638736e-08	-3.207913e+01	-2.104779e+03
6.250000e-06	-6.067708e-09	-1.645875e-08	-3.244190e+01	-2.113933e+03
6.260000e-06	-6.135125e-09	-1.652839e-08	-3.280236e+01	-2.122974e+03
6.270000e-06	-6.202074e-09	-1.659655e-08	-3.316031e+01	-2.131894e+03
6.280000e-06	-6.268552e-09	-1.666392e-08	-3.351575e+01	-2.140675e+03
6.290000e-06	-6.334561e-09	-1.673029e-08	-3.386867e+01	-2.149300e+03
6.300000e-06	-6.400084e-09	-1.679482e-08	-3.421900e+01	-2.157748e+03
6.310000e-06	-6.465124e-09	-1.685710e-08	-3.456675e+01	-2.166000e+03
6.320000e-06	-6.529701e-09	-1.691820e-08	-3.491202e+01	-2.174039e+03
6.330000e-06	-6.593795e-09	-1.697841e-08	-3.525471e+01	-2.181856e+03
6.340000e-06	-6.657403e-09	-1.703682e-08	-3.559480e+01	-2.189449e+03
6.350000e-06	-6.720536e-09	-1.709387e-08	-3.593235e+01	-2.196823e+03
6.360000e-06	-6.783167e-09	-1.715015e-08	-3.626721e+01	-2.203991e+03
6.370000e-06	-6.845292e-09	-1.720549e-08	-3.659937e+01	-2.210973e+03
6.380000e-06	-6.906933e-09	-1.725989e-08	-3.692895e+01	-2.217794e+03
6.390000e-06	-6.968066e-09	-1.731365e-08	-3.725580e+01	-2.224482e+03
6.400000e-06	-7.028649e-09	-1.736638e-08	-3.757972e+01	-2.231066e+03
6.410000e-06	-7.088707e-09	-1.741782e-08	-3.790083e+01	-2.237572e+03
6.420000e-06	-7.148250e-09	-1.746903e-08	-3.821918e+01	-2.244021e+03
6.430000e-06	-7.207255e-09	-1.752037e-08	-3.853466e+01	-2.250429e+03
6.440000e-06	-7.265754e-09	-1.757078e-08	-3.884744e+01	-2.256803e+03
6.450000e-06	-7.323760e-09	-1.762000e-08	-3.915757e+01	-2.263144e+03
6.460000e-06	-7.381230e-09	-1.766869e-08	-3.946485e+01	-2.269445e+03
6.470000e-06	-7.438153e-09	-1.771707e-08	-3.976919e+01	-2.275694e+03
6.480000e-06	-7.494510e-09	-1.776516e-08	-4.007051e+01	-2.281874e+03
6.490000e-06	-7.550289e-09	-1.781236e-08	-4.036874e+01	-2.287966e+03
6.500000e-06	-7.605518e-09	-1.785822e-08	-4.066404e+01	-2.293951e+03
6.510000e-06	-7.660193e-09	-1.790342e-08	-4.095637e+01	-2.299814e+03
6.520000e-06	-7.714294e-09	-1.794857e-08	-4.124562e+01	-2.305542e+03
6.530000e-06	-7.767826e-09	-1.799330e-08	-4.153184e+01	-2.311130e+03
6.540000e-06	-7.820775e-09	-1.803714e-08	-4.181494e+01	-2.316575e+03
6.550000e-06	-7.873147e-09	-1.808022e-08	-4.209495e+01	-2.321884e+03
6.560000e-06	-7.924972e-09	-1.812225e-08	-4.237205e+01	-2.327066e+03
6.570000e-06	-7.976241e-09	-1.816286e-08	-4.264616e+01	-2.332134e+03
6.580000e-06	-8.026935e-09	-1.820242e-08	-4.291721e+01	-2.337102e+03
6.590000e-06	-8.077063e-09	-1.824104e-08	-4.318522e+01	-2.341986e+03
6.600000e-06	-8.126615e-09	-1.827837e-08	-4.345016e+01	-2.346796e+03
6.610000e-06	-8.175591e-09	-1.831528e-08	-4.371202e+01	-2.351541e+03
6.620000e-06	-8.223997e-09	-1.835275e-08	-4.397082e+01	-2.356225e+03
6.630000e-06	-8.271785e-09	-1.838958e-08	-4.422633e+01	-2.360847e+03
6.640000e-06	-8.318911e-09	-1.842438e-08	-4.447830e+01	-2.365400e+03
6.650000e-06	-8.365350e-09	-1.845771e-08	-4.472659e+01	-2.369874e+03
6.660000e-06	-8.411078e-09	-1.849034e-08	-4.497108e+01	-2.374254e+03
6.670000e-06	-8.456096e-09	-1.852244e-08	-4.521178e+01	-2.378526e+03
6.680000e-06	-8.500426e-09	-1.855418e-08	-4.544879e+01	-2.382677e+03
6.690000e-06	-8.544133e-09	-1.858465e-08	-4.568248e+01	-2.386694e+03
6.700000e-06	-8.587288e-09	-1.861359e-08	-4.591321e+01	-2.390571e+03
6.710000e-06	-8.629889e-09	-1.864256e-08	-4.614099e+01	-2.394303e+03
6.720000e-06	-8.671897e-09	-1.867178e-08	-4.636559e+01	-2.397896e+03
6.730000e-06	-8.713253e-09	-1.870026e-08	-4.658670e+01	-2.401356e+03
6.740000e-06	-8.753927e-09	-1.872750e-08	-4.680417e+01	-2.404698e+03
6.750000e-06	-8.793967e-09	-1.875372e-08	-4.701826e+01	-2.407937e+03
6.760000e-06	-8.833420e-09	-1.877970e-08	-4.722920e+01	-2.411094e+03
6.770000e-06	-8.872290e-09	-1.880561e-08	-4.743702e+01	-2.414185e+03
6.780000e-06	-8.910534e-09	-1.883072e-08	-4.764150e+01	-2.417229e+03
6.790000e-06	-8.948111e-09	-1.885512e-08	-4.784241e+01	-2.420240e+03
6.800000e-06	-8.985028e-09	-1.887953e-08	-4.803979e+01	-2.423226e+03
6.810000e-06	-9.021307e-09	-1.890386e-08	-4.823376e+01	-2.426192e+03
6.820000e-06	-9.056945e-09	-1.892788e-08	-4.842431e+01	-2.429136e+03
6.830000e-06	-9.091911e-09	-1.895156e-08	-4.861126e+01	-2.432054e+03
6.840000e-06	-9.126183e-09	-1.897427e-08	-4.879450e+01	-2.434935e+03
6.850000e-06	-9.159787e-09	-1.899628e-08	-4.897417e+01	-2.437768e+03
6.860000e-06	-9.192780e-09	-1.901829e-08	-4.915057e+01	-2.440540e+03
6.870000e-06	-9.225177e-09	-1.904039e-08	-4.932378e+01	-2.443240e+03
6.880000e-06	-9.256913e-09	-1.906242e-08	-4.949347e+01	-2.445858e+03
6.890000e-06	-9.287913e-09	-1.908374e-08	-4.965921e+01	-2.448390e+03
6.900000e-06	-9.318177e-09	-1.910408e-08	-4.982102e+01	-2.450835e+03
6.910000e-06	-9.347770e-09	-1.912376e-08	-4.997924e+01	-2.453195e+03
6.920000e-06	-9.376718e-09	-1.914284e-08	-5.013402e+01	-2.455479e+03
6.930000e-06	-9.404968e-09	-1.916131e-08	-5.028507e+01	-2.457698e+03
6.940000e-06	-9.432481e-09	-1.917946e-08	-5.043217e+01	-2.459865e+03
6.950000e-06	-9.459311e-09	-1.919794e-08	-5.057562e+01	-2.461993e+03
6.960000e-06	-9.485502e-09	-1.921653e-08	-5.071566e+01	-2.464095e+03
6.970000e-06	-9.511041e-09	-1.923450e-08	-5.085220e+01	-2.466180e+03
6.980000e-06	-9.535855e-09	-1.925182e-08	-5.098488e+01	-2.468256e+03
6.990000e-06	-9.559932e-09	-1.926835e-08	-5.111361e+01	-2.470324e+03
7.000000e-06	-9.583344e-09	-1.928399e-08	-5.123878e+01	-2.472381e+03
7.010000e-06	-9.606133e-09	-1.929902e-08	-5.136063e+01	-2.474420e+03
7.020000e-06	-9.628240e-09	-1.931397e-08	-5.147882e+01	-2.476431e+03
7.030000e-06	-9.649555e-09	-1.932888e-08	-5.159279e+01	-2.478399e+03
7.040000e-06	-9.670069e-09	-1.934366e-08	-5.170247e+01	-2.480312e+03
7.050000e-06	-9.689761e-09	-1.935809e-08	-5.180775e+01	-2.482156e+03
7.060000e-06	-9.708632e-09	-1.937209e-08	-5.190865e+01	-2.483919e+03
7.070000e-06	-9.726826e-09	-1.938566e-08	-5.200593e+01	-2.485595e+03
7.080000e-06	-9.744416e-09	-1.939829e-08	-5.209997e+01	-2.487179e+03
7.090000e-06	-9.761386e-09	-1.940982e-08	-5.219071e+01	-2.488673e+03
7.100000e-06	-9.777737e-09	-1.942073e-08	-5.227813e+01	-2.490081e+03
7.110000e-06	-9.793411e-09	-1.943196e-08	-5.236194e+01	-2.491414e+03
7.120000e-06	-9.808321e-09	-1.944325e-08	-5.244165e+01	-2.492682e+03
7.130000e-06	-9.822501e-09	-1.945405e-08	-5.251747e+01	-2.493897e+03
7.140000e-06	-9.836012e-09	-1.946465e-08	-5.258971e+01	-2.495072e+03
7.150000e-06	-9.848856e-09	-1.947469e-08	-5.265838e+01	-2.496218e+03
7.160000e-06	-9.860962e-09	-1.948399e-08	-5.272311e+01	-2.497341e+03
7.170000e-06	-9.872324e-09	-1.949291e-08	-5.278386e+01	-2.498444e+03
7.180000e-06	-9.883009e-09	-1.950116e-08	-5.284098e+01	-2.499526e+03
7.190000e-06	-9.893016e-09	-1.950858e-08	-5.289449e+01	-2.500581e+03
7.200000e-06	-9.902306e-09	-1.951587e-08	-5.294416e+01	-2.501601e+03
7.210000e-06	-9.910816e-09	-1.952290e-08	-5.298966e+01	-2.502571e+03
7.220000e-06	-9.918600e-09	-1.952953e-08	-5.303128e+01	-2.503480e+03
7.230000e-06	-9.925730e-09	-1.953515e-08	-5.306940e+01	-2.504312e+03
7.240000e-06	-9.932172e-09	-1.953886e-08	-5.310384e+01	-2.505055e+03
7.250000e-06	-9.937802e-09	-1.954195e-08	-5.313395e+01	-2.505699e+03
7.260000e-06	-9.942594e-09	-1.954614e-08	-5.315957e+01	-2.506239e+03
7.270000e-06	-9.946661e-09	-1.955069e-08	-5.318131e+01	-2.506671e+03
7.280000e-06	-9.950066e-09	-1.955366e-08	-5.319952e+01	-2.506999e+03
7.290000e-06	-9.952759e-09	-1.955502e-08	-5.321391e+01	-2.507228e+03
7.300000e-06	-9.954689e-09	-1.955619e-08	-5.322423e+01	-2.507367e+03
7.310000e-06	-9.955943e-09	-1.955752e-08	-5.323094e+01	-2.507428e+03
7.320000e-06	-9.956545e-09	-1.955866e-08	-5.323416e+01	-2.507422e+03
