# Concentracion g/m^3_=_53300.0
# C_Vs_to_Am_M_A/Vsm_=_128687336408.14134
# pendiente_HvsI_1/m_=_3716.3
# ordenada_HvsI_A/m_=_1297.0
# frecuencia_Hz_=_136412.53299382993
# Promedio de 27 ciclos

Tiempo_(s)	Campo_(V.s)	Magnetizacion_(V.s)	Campo_(kA/m)	Magnetizacion_(A/m)
0.000000e+00	-8.479565e-09	-1.887757e-08	-4.578222e+01	-2.418854e+03
1.000000e-08	-8.479285e-09	-1.887665e-08	-4.578070e+01	-2.418761e+03
2.000000e-08	-8.478337e-09	-1.887628e-08	-4.577558e+01	-2.418613e+03
3.000000e-08	-8.476771e-09	-1.887500e-08	-4.576713e+01	-2.418416e+03
4.000000e-08	-8.474675e-09	-1.887254e-08	-4.575581e+01	-2.418173e+03
5.000000e-08	-8.472045e-09	-1.887018e-08	-4.574161e+01	-2.417883e+03
6.000000e-08	-8.468878e-09	-1.886771e-08	-4.572451e+01	-2.417544e+03
7.000000e-08	-8.465098e-09	-1.886466e-08	-4.570411e+01	-2.417154e+03
8.000000e-08	-8.460619e-09	-1.886269e-08	-4.567992e+01	-2.416707e+03
9.000000e-08	-8.455343e-09	-1.885913e-08	-4.565143e+01	-2.416200e+03
1.000000e-07	-8.449013e-09	-1.884491e-08	-4.561726e+01	-2.415628e+03
1.100000e-07	-8.441568e-09	-1.883096e-08	-4.557706e+01	-2.414991e+03
1.200000e-07	-8.433430e-09	-1.884372e-08	-4.553312e+01	-2.414290e+03
1.300000e-07	-8.425176e-09	-1.886271e-08	-4.548856e+01	-2.413527e+03
1.400000e-07	-8.416819e-09	-1.883339e-08	-4.544344e+01	-2.412710e+03
1.500000e-07	-8.407762e-09	-1.878844e-08	-4.539454e+01	-2.411848e+03
1.600000e-07	-8.397768e-09	-1.881413e-08	-4.534058e+01	-2.410952e+03
1.700000e-07	-8.387336e-09	-1.885741e-08	-4.528426e+01	-2.410034e+03
1.800000e-07	-8.376636e-09	-1.879695e-08	-4.522648e+01	-2.409108e+03
1.900000e-07	-8.365152e-09	-1.873191e-08	-4.516448e+01	-2.408185e+03
2.000000e-07	-8.352933e-09	-1.879621e-08	-4.509851e+01	-2.407275e+03
2.100000e-07	-8.340424e-09	-1.883944e-08	-4.503097e+01	-2.406386e+03
2.200000e-07	-8.327449e-09	-1.875163e-08	-4.496091e+01	-2.405523e+03
2.300000e-07	-8.313600e-09	-1.871891e-08	-4.488614e+01	-2.404685e+03
2.400000e-07	-8.299108e-09	-1.878643e-08	-4.480790e+01	-2.403869e+03
2.500000e-07	-8.284170e-09	-1.875890e-08	-4.472725e+01	-2.403070e+03
2.600000e-07	-8.268445e-09	-1.867386e-08	-4.464234e+01	-2.402277e+03
2.700000e-07	-8.251887e-09	-1.870466e-08	-4.455295e+01	-2.401479e+03
2.800000e-07	-8.234872e-09	-1.873542e-08	-4.446108e+01	-2.400664e+03
2.900000e-07	-8.217288e-09	-1.865645e-08	-4.436614e+01	-2.399817e+03
3.000000e-07	-8.198927e-09	-1.864268e-08	-4.426701e+01	-2.398925e+03
3.100000e-07	-8.180082e-09	-1.869911e-08	-4.416526e+01	-2.397976e+03
3.200000e-07	-8.160766e-09	-1.864459e-08	-4.406097e+01	-2.396957e+03
3.300000e-07	-8.140609e-09	-1.857712e-08	-4.395214e+01	-2.395860e+03
3.400000e-07	-8.119673e-09	-1.863579e-08	-4.383910e+01	-2.394676e+03
3.500000e-07	-8.098255e-09	-1.864618e-08	-4.372346e+01	-2.393396e+03
3.600000e-07	-8.076271e-09	-1.855866e-08	-4.360477e+01	-2.392015e+03
3.700000e-07	-8.053656e-09	-1.856145e-08	-4.348267e+01	-2.390525e+03
3.800000e-07	-8.030468e-09	-1.860065e-08	-4.335747e+01	-2.388922e+03
3.900000e-07	-8.006627e-09	-1.853704e-08	-4.322875e+01	-2.387198e+03
4.000000e-07	-7.982088e-09	-1.849750e-08	-4.309626e+01	-2.385348e+03
4.100000e-07	-7.957017e-09	-1.852570e-08	-4.296090e+01	-2.383364e+03
4.200000e-07	-7.931399e-09	-1.848791e-08	-4.282258e+01	-2.381242e+03
4.300000e-07	-7.905103e-09	-1.843761e-08	-4.268061e+01	-2.378975e+03
4.400000e-07	-7.878200e-09	-1.845502e-08	-4.253536e+01	-2.376559e+03
4.500000e-07	-7.850792e-09	-1.843604e-08	-4.238738e+01	-2.373993e+03
4.600000e-07	-7.822837e-09	-1.837922e-08	-4.223645e+01	-2.371276e+03
4.700000e-07	-7.794386e-09	-1.837520e-08	-4.208284e+01	-2.368413e+03
4.800000e-07	-7.765413e-09	-1.836503e-08	-4.192640e+01	-2.365408e+03
4.900000e-07	-7.735780e-09	-1.831466e-08	-4.176641e+01	-2.362272e+03
5.000000e-07	-7.705483e-09	-1.829495e-08	-4.160284e+01	-2.359016e+03
5.100000e-07	-7.674579e-09	-1.828585e-08	-4.143598e+01	-2.355654e+03
5.200000e-07	-7.643003e-09	-1.824642e-08	-4.126550e+01	-2.352201e+03
5.300000e-07	-7.610751e-09	-1.822053e-08	-4.109137e+01	-2.348671e+03
5.400000e-07	-7.577911e-09	-1.820548e-08	-4.091406e+01	-2.345076e+03
5.500000e-07	-7.544532e-09	-1.816960e-08	-4.073384e+01	-2.341429e+03
5.600000e-07	-7.510670e-09	-1.813789e-08	-4.055101e+01	-2.337736e+03
5.700000e-07	-7.476337e-09	-1.811489e-08	-4.036564e+01	-2.334001e+03
5.800000e-07	-7.441522e-09	-1.808013e-08	-4.017767e+01	-2.330223e+03
5.900000e-07	-7.406257e-09	-1.805074e-08	-3.998727e+01	-2.326397e+03
6.000000e-07	-7.370488e-09	-1.802818e-08	-3.979415e+01	-2.322515e+03
6.100000e-07	-7.334128e-09	-1.799314e-08	-3.959784e+01	-2.318565e+03
6.200000e-07	-7.297220e-09	-1.795623e-08	-3.939857e+01	-2.314535e+03
6.300000e-07	-7.259813e-09	-1.792602e-08	-3.919660e+01	-2.310410e+03
6.400000e-07	-7.221880e-09	-1.789136e-08	-3.899180e+01	-2.306180e+03
6.500000e-07	-7.183400e-09	-1.785498e-08	-3.878404e+01	-2.301833e+03
6.600000e-07	-7.144386e-09	-1.782112e-08	-3.857340e+01	-2.297363e+03
6.700000e-07	-7.104783e-09	-1.778472e-08	-3.835958e+01	-2.292766e+03
6.800000e-07	-7.064590e-09	-1.774843e-08	-3.814257e+01	-2.288043e+03
6.900000e-07	-7.023874e-09	-1.771404e-08	-3.792274e+01	-2.283199e+03
7.000000e-07	-6.982663e-09	-1.767552e-08	-3.770023e+01	-2.278241e+03
7.100000e-07	-6.940959e-09	-1.763347e-08	-3.747507e+01	-2.273179e+03
7.200000e-07	-6.898785e-09	-1.759235e-08	-3.724737e+01	-2.268023e+03
7.300000e-07	-6.856111e-09	-1.755276e-08	-3.701696e+01	-2.262785e+03
7.400000e-07	-6.812928e-09	-1.751358e-08	-3.678382e+01	-2.257472e+03
7.500000e-07	-6.769295e-09	-1.747172e-08	-3.654823e+01	-2.252091e+03
7.600000e-07	-6.725223e-09	-1.742788e-08	-3.631028e+01	-2.246644e+03
7.700000e-07	-6.680675e-09	-1.738537e-08	-3.606976e+01	-2.241129e+03
7.800000e-07	-6.635584e-09	-1.734193e-08	-3.582631e+01	-2.235540e+03
7.900000e-07	-6.589907e-09	-1.729513e-08	-3.557969e+01	-2.229869e+03
8.000000e-07	-6.543661e-09	-1.724834e-08	-3.533001e+01	-2.224104e+03
8.100000e-07	-6.496885e-09	-1.720176e-08	-3.507746e+01	-2.218233e+03
8.200000e-07	-6.449616e-09	-1.715386e-08	-3.482225e+01	-2.212243e+03
8.300000e-07	-6.401875e-09	-1.710628e-08	-3.456448e+01	-2.206123e+03
8.400000e-07	-6.353657e-09	-1.705848e-08	-3.430415e+01	-2.199864e+03
8.500000e-07	-6.304979e-09	-1.700680e-08	-3.404133e+01	-2.193461e+03
8.600000e-07	-6.255860e-09	-1.695370e-08	-3.377613e+01	-2.186911e+03
8.700000e-07	-6.206297e-09	-1.690210e-08	-3.350854e+01	-2.180217e+03
8.800000e-07	-6.156317e-09	-1.684992e-08	-3.323869e+01	-2.173385e+03
8.900000e-07	-6.105943e-09	-1.679609e-08	-3.296671e+01	-2.166421e+03
9.000000e-07	-6.055166e-09	-1.674157e-08	-3.269256e+01	-2.159335e+03
9.100000e-07	-6.003940e-09	-1.668609e-08	-3.241599e+01	-2.152136e+03
9.200000e-07	-5.952229e-09	-1.662981e-08	-3.213679e+01	-2.144830e+03
9.300000e-07	-5.900035e-09	-1.657292e-08	-3.185499e+01	-2.137421e+03
9.400000e-07	-5.847362e-09	-1.651448e-08	-3.157060e+01	-2.129911e+03
9.500000e-07	-5.794242e-09	-1.645339e-08	-3.128380e+01	-2.122296e+03
9.600000e-07	-5.740729e-09	-1.639077e-08	-3.099487e+01	-2.114567e+03
9.700000e-07	-5.686833e-09	-1.632836e-08	-3.070388e+01	-2.106713e+03
9.800000e-07	-5.632505e-09	-1.626533e-08	-3.041056e+01	-2.098719e+03
9.900000e-07	-5.577727e-09	-1.620053e-08	-3.011480e+01	-2.090568e+03
1.000000e-06	-5.522549e-09	-1.613486e-08	-2.981689e+01	-2.082246e+03
1.010000e-06	-5.466977e-09	-1.606831e-08	-2.951685e+01	-2.073736e+03
1.020000e-06	-5.410967e-09	-1.599943e-08	-2.921445e+01	-2.065029e+03
1.030000e-06	-5.354501e-09	-1.592857e-08	-2.890958e+01	-2.056116e+03
1.040000e-06	-5.297578e-09	-1.585706e-08	-2.860224e+01	-2.046997e+03
1.050000e-06	-5.240210e-09	-1.578533e-08	-2.829251e+01	-2.037674e+03
1.060000e-06	-5.182395e-09	-1.571208e-08	-2.798036e+01	-2.028155e+03
1.070000e-06	-5.124148e-09	-1.563639e-08	-2.766588e+01	-2.018451e+03
1.080000e-06	-5.065536e-09	-1.555892e-08	-2.734942e+01	-2.008576e+03
1.090000e-06	-5.006611e-09	-1.548128e-08	-2.703128e+01	-1.998545e+03
1.100000e-06	-4.947367e-09	-1.540392e-08	-2.671141e+01	-1.988369e+03
1.110000e-06	-4.887803e-09	-1.532551e-08	-2.638982e+01	-1.978060e+03
1.120000e-06	-4.827928e-09	-1.524461e-08	-2.606654e+01	-1.967620e+03
1.130000e-06	-4.767736e-09	-1.516182e-08	-2.574156e+01	-1.957049e+03
1.140000e-06	-4.707218e-09	-1.507908e-08	-2.541482e+01	-1.946341e+03
1.150000e-06	-4.646361e-09	-1.499601e-08	-2.508624e+01	-1.935482e+03
1.160000e-06	-4.585153e-09	-1.491061e-08	-2.475578e+01	-1.924454e+03
1.170000e-06	-4.523594e-09	-1.482248e-08	-2.442341e+01	-1.913235e+03
1.180000e-06	-4.461683e-09	-1.473206e-08	-2.408914e+01	-1.901802e+03
1.190000e-06	-4.399402e-09	-1.464041e-08	-2.375288e+01	-1.890133e+03
1.200000e-06	-4.336753e-09	-1.454713e-08	-2.341463e+01	-1.878206e+03
1.210000e-06	-4.273766e-09	-1.445132e-08	-2.307456e+01	-1.866006e+03
1.220000e-06	-4.210479e-09	-1.435317e-08	-2.273286e+01	-1.853522e+03
1.230000e-06	-4.146911e-09	-1.425340e-08	-2.238965e+01	-1.840749e+03
1.240000e-06	-4.083055e-09	-1.415290e-08	-2.204488e+01	-1.827689e+03
1.250000e-06	-4.018905e-09	-1.405179e-08	-2.169853e+01	-1.814349e+03
1.260000e-06	-3.954473e-09	-1.394851e-08	-2.135065e+01	-1.800739e+03
1.270000e-06	-3.889774e-09	-1.384135e-08	-2.100133e+01	-1.786873e+03
1.280000e-06	-3.824812e-09	-1.373142e-08	-2.065059e+01	-1.772762e+03
1.290000e-06	-3.759578e-09	-1.362104e-08	-2.029839e+01	-1.758416e+03
1.300000e-06	-3.694066e-09	-1.351008e-08	-1.994468e+01	-1.743839e+03
1.310000e-06	-3.628276e-09	-1.339627e-08	-1.958947e+01	-1.729029e+03
1.320000e-06	-3.562215e-09	-1.327904e-08	-1.923280e+01	-1.713975e+03
1.330000e-06	-3.495894e-09	-1.315974e-08	-1.887473e+01	-1.698660e+03
1.340000e-06	-3.429313e-09	-1.303857e-08	-1.851525e+01	-1.683058e+03
1.350000e-06	-3.362473e-09	-1.291359e-08	-1.815437e+01	-1.667140e+03
1.360000e-06	-3.295369e-09	-1.278398e-08	-1.779207e+01	-1.650871e+03
1.370000e-06	-3.228014e-09	-1.265105e-08	-1.742841e+01	-1.634216e+03
1.380000e-06	-3.160424e-09	-1.251599e-08	-1.706348e+01	-1.617141e+03
1.390000e-06	-3.092605e-09	-1.237888e-08	-1.669732e+01	-1.599620e+03
1.400000e-06	-3.024585e-09	-1.223917e-08	-1.633007e+01	-1.581628e+03
1.410000e-06	-2.956380e-09	-1.209648e-08	-1.596182e+01	-1.563153e+03
1.420000e-06	-2.887978e-09	-1.195061e-08	-1.559251e+01	-1.544188e+03
1.430000e-06	-2.819352e-09	-1.180134e-08	-1.522199e+01	-1.524736e+03
1.440000e-06	-2.750500e-09	-1.164902e-08	-1.485025e+01	-1.504805e+03
1.450000e-06	-2.681449e-09	-1.149300e-08	-1.447744e+01	-1.484407e+03
1.460000e-06	-2.612210e-09	-1.133165e-08	-1.410360e+01	-1.463554e+03
1.470000e-06	-2.542781e-09	-1.116495e-08	-1.372875e+01	-1.442257e+03
1.480000e-06	-2.473160e-09	-1.099497e-08	-1.335285e+01	-1.420520e+03
1.490000e-06	-2.403342e-09	-1.082301e-08	-1.297590e+01	-1.398338e+03
1.500000e-06	-2.333338e-09	-1.064770e-08	-1.259794e+01	-1.375695e+03
1.510000e-06	-2.263169e-09	-1.046745e-08	-1.221909e+01	-1.352561e+03
1.520000e-06	-2.192845e-09	-1.028160e-08	-1.183940e+01	-1.328898e+03
1.530000e-06	-2.122375e-09	-1.008969e-08	-1.145893e+01	-1.304653e+03
1.540000e-06	-2.051765e-09	-9.892467e-09	-1.107769e+01	-1.279767e+03
1.550000e-06	-1.981021e-09	-9.690483e-09	-1.069574e+01	-1.254176e+03
1.560000e-06	-1.910150e-09	-9.482693e-09	-1.031310e+01	-1.227814e+03
1.570000e-06	-1.839123e-09	-9.268523e-09	-9.929612e+00	-1.200618e+03
1.580000e-06	-1.767924e-09	-9.048027e-09	-9.545201e+00	-1.172533e+03
1.590000e-06	-1.696574e-09	-8.821563e-09	-9.159973e+00	-1.143511e+03
1.600000e-06	-1.625084e-09	-8.588766e-09	-8.773993e+00	-1.113516e+03
1.610000e-06	-1.553457e-09	-8.348513e-09	-8.387271e+00	-1.082522e+03
1.620000e-06	-1.481693e-09	-8.100412e-09	-7.999804e+00	-1.050512e+03
1.630000e-06	-1.409781e-09	-7.844328e-09	-7.611547e+00	-1.017475e+03
1.640000e-06	-1.337749e-09	-7.580015e-09	-7.222633e+00	-9.834009e+02
1.650000e-06	-1.265642e-09	-7.306958e-09	-6.833323e+00	-9.482743e+02
1.660000e-06	-1.193467e-09	-7.023937e-09	-6.443641e+00	-9.120709e+02
1.670000e-06	-1.121193e-09	-6.730788e-09	-6.053424e+00	-8.747503e+02
1.680000e-06	-1.048838e-09	-6.428260e-09	-5.662769e+00	-8.362520e+02
1.690000e-06	-9.764370e-10	-6.115446e-09	-5.271867e+00	-7.964929e+02
1.700000e-06	-9.039803e-10	-5.790544e-09	-4.880664e+00	-7.553667e+02
1.710000e-06	-8.314540e-10	-5.453519e-09	-4.489086e+00	-7.127456e+02
1.720000e-06	-7.588550e-10	-5.104294e-09	-4.097115e+00	-6.684861e+02
1.730000e-06	-6.861769e-10	-4.741897e-09	-3.704716e+00	-6.224356e+02
1.740000e-06	-6.134196e-10	-4.364686e-09	-3.311891e+00	-5.744431e+02
1.750000e-06	-5.406049e-10	-3.971501e-09	-2.918755e+00	-5.243707e+02
1.760000e-06	-4.677488e-10	-3.562488e-09	-2.525396e+00	-4.721065e+02
1.770000e-06	-3.948541e-10	-3.137525e-09	-2.131828e+00	-4.175775e+02
1.780000e-06	-3.219200e-10	-2.696258e-09	-1.738048e+00	-3.607614e+02
1.790000e-06	-2.489623e-10	-2.238435e-09	-1.344140e+00	-3.016970e+02
1.800000e-06	-1.760173e-10	-1.764080e-09	-9.503008e-01	-2.404910e+02
1.810000e-06	-1.030905e-10	-1.273482e-09	-5.565602e-01	-1.773221e+02
1.820000e-06	-3.017942e-11	-7.680338e-10	-1.629044e-01	-1.124405e+02
1.830000e-06	4.271935e-11	-2.507742e-10	2.306851e-01	-4.616325e+01
1.840000e-06	1.156076e-10	2.747948e-10	6.242176e-01	2.113449e+01
1.850000e-06	1.884837e-10	8.060445e-10	1.017685e+00	8.903160e+01
1.860000e-06	2.613713e-10	1.339319e-09	1.411214e+00	1.570766e+02
1.870000e-06	3.342948e-10	1.869655e-09	1.804937e+00	2.248049e+02
1.880000e-06	4.072275e-10	2.392125e-09	2.198710e+00	2.917572e+02
1.890000e-06	4.801226e-10	2.902256e-09	2.592280e+00	3.574976e+02
1.900000e-06	5.529723e-10	3.397234e-09	2.985605e+00	4.216301e+02
1.910000e-06	6.257704e-10	3.874932e-09	3.378650e+00	4.838129e+02
1.920000e-06	6.984944e-10	4.333047e-09	3.771296e+00	5.437694e+02
1.930000e-06	7.711463e-10	4.770696e-09	4.163553e+00	6.012949e+02
1.940000e-06	8.437266e-10	5.188525e-09	4.555423e+00	6.562598e+02
1.950000e-06	9.162133e-10	5.587077e-09	4.946788e+00	7.086077e+02
1.960000e-06	9.885954e-10	5.966268e-09	5.337588e+00	7.583507e+02
1.970000e-06	1.060888e-09	6.326770e-09	5.727903e+00	8.055602e+02
1.980000e-06	1.133097e-09	6.670272e-09	6.117769e+00	8.503561e+02
1.990000e-06	1.205226e-09	6.998330e-09	6.507200e+00	8.928939e+02
2.000000e-06	1.277292e-09	7.311290e-09	6.896296e+00	9.333519e+02
2.010000e-06	1.349289e-09	7.609795e-09	7.285016e+00	9.719178e+02
2.020000e-06	1.421188e-09	7.895045e-09	7.673209e+00	1.008777e+03
2.030000e-06	1.492969e-09	8.168732e-09	8.060761e+00	1.044105e+03
2.040000e-06	1.564623e-09	8.432446e-09	8.447631e+00	1.078055e+03
2.050000e-06	1.636149e-09	8.685973e-09	8.833806e+00	1.110760e+03
2.060000e-06	1.707547e-09	8.929498e-09	9.219294e+00	1.142327e+03
2.070000e-06	1.778797e-09	9.164358e-09	9.603982e+00	1.172838e+03
2.080000e-06	1.849871e-09	9.390994e-09	9.987715e+00	1.202353e+03
2.090000e-06	1.920777e-09	9.609060e-09	1.037054e+01	1.230914e+03
2.100000e-06	1.991519e-09	9.819577e-09	1.075249e+01	1.258553e+03
2.110000e-06	2.062091e-09	1.002401e-08	1.113352e+01	1.285292e+03
2.120000e-06	2.132508e-09	1.022216e-08	1.151371e+01	1.311153e+03
2.130000e-06	2.202779e-09	1.041350e-08	1.189311e+01	1.336158e+03
2.140000e-06	2.272898e-09	1.059837e-08	1.227169e+01	1.360336e+03
2.150000e-06	2.342865e-09	1.077759e-08	1.264945e+01	1.383722e+03
2.160000e-06	2.412672e-09	1.095193e-08	1.302635e+01	1.406359e+03
2.170000e-06	2.482315e-09	1.112206e-08	1.340236e+01	1.428294e+03
2.180000e-06	2.551796e-09	1.128819e-08	1.377749e+01	1.449580e+03
2.190000e-06	2.621112e-09	1.144941e-08	1.415174e+01	1.470272e+03
2.200000e-06	2.690246e-09	1.160549e-08	1.452500e+01	1.490420e+03
2.210000e-06	2.759169e-09	1.175749e-08	1.489713e+01	1.510074e+03
2.220000e-06	2.827866e-09	1.190605e-08	1.526803e+01	1.529275e+03
2.230000e-06	2.896333e-09	1.205147e-08	1.563769e+01	1.548056e+03
2.240000e-06	2.964582e-09	1.219386e-08	1.600618e+01	1.566442e+03
2.250000e-06	3.032627e-09	1.233261e-08	1.637356e+01	1.584446e+03
2.260000e-06	3.100462e-09	1.246738e-08	1.673981e+01	1.602078e+03
2.270000e-06	3.168073e-09	1.259906e-08	1.710485e+01	1.619338e+03
2.280000e-06	3.235450e-09	1.272879e-08	1.746863e+01	1.636224e+03
2.290000e-06	3.302595e-09	1.285587e-08	1.783115e+01	1.652732e+03
2.300000e-06	3.369498e-09	1.297920e-08	1.819237e+01	1.668859e+03
2.310000e-06	3.436151e-09	1.309909e-08	1.855223e+01	1.684605e+03
2.320000e-06	3.502553e-09	1.321598e-08	1.891075e+01	1.699973e+03
2.330000e-06	3.568710e-09	1.332990e-08	1.926794e+01	1.714974e+03
2.340000e-06	3.634618e-09	1.344068e-08	1.962378e+01	1.729621e+03
2.350000e-06	3.700254e-09	1.354873e-08	1.997816e+01	1.743932e+03
2.360000e-06	3.765599e-09	1.365571e-08	2.033097e+01	1.757930e+03
2.370000e-06	3.830653e-09	1.376267e-08	2.068220e+01	1.771636e+03
2.380000e-06	3.895424e-09	1.386884e-08	2.103191e+01	1.785074e+03
2.390000e-06	3.959914e-09	1.397282e-08	2.138009e+01	1.798264e+03
2.400000e-06	4.024120e-09	1.407404e-08	2.172675e+01	1.811223e+03
2.410000e-06	4.088048e-09	1.417242e-08	2.207190e+01	1.823964e+03
2.420000e-06	4.151692e-09	1.426838e-08	2.241553e+01	1.836495e+03
2.430000e-06	4.215054e-09	1.436259e-08	2.275763e+01	1.848818e+03
2.440000e-06	4.278141e-09	1.445492e-08	2.309824e+01	1.860933e+03
2.450000e-06	4.340944e-09	1.454535e-08	2.343733e+01	1.872837e+03
2.460000e-06	4.403429e-09	1.463391e-08	2.377469e+01	1.884525e+03
2.470000e-06	4.465565e-09	1.472075e-08	2.411017e+01	1.895992e+03
2.480000e-06	4.527338e-09	1.480583e-08	2.444369e+01	1.907235e+03
2.490000e-06	4.588737e-09	1.488867e-08	2.477519e+01	1.918256e+03
2.500000e-06	4.649752e-09	1.496925e-08	2.510461e+01	1.929057e+03
2.510000e-06	4.710389e-09	1.504820e-08	2.543200e+01	1.939648e+03
2.520000e-06	4.770667e-09	1.512703e-08	2.575745e+01	1.950038e+03
2.530000e-06	4.830607e-09	1.520620e-08	2.608107e+01	1.960244e+03
2.540000e-06	4.890231e-09	1.528410e-08	2.640299e+01	1.970280e+03
2.550000e-06	4.949542e-09	1.536012e-08	2.672321e+01	1.980162e+03
2.560000e-06	5.008533e-09	1.543516e-08	2.704172e+01	1.989904e+03
2.570000e-06	5.067200e-09	1.550992e-08	2.735847e+01	1.999518e+03
2.580000e-06	5.125517e-09	1.558382e-08	2.767333e+01	2.009010e+03
2.590000e-06	5.183444e-09	1.565579e-08	2.798608e+01	2.018381e+03
2.600000e-06	5.240963e-09	1.572611e-08	2.829664e+01	2.027629e+03
2.610000e-06	5.298061e-09	1.579600e-08	2.860491e+01	2.036745e+03
2.620000e-06	5.354735e-09	1.586570e-08	2.891090e+01	2.045716e+03
2.630000e-06	5.410999e-09	1.593417e-08	2.921468e+01	2.054528e+03
2.640000e-06	5.466824e-09	1.600058e-08	2.951608e+01	2.063165e+03
2.650000e-06	5.522205e-09	1.606446e-08	2.981509e+01	2.071613e+03
2.660000e-06	5.577156e-09	1.612638e-08	3.011178e+01	2.079860e+03
2.670000e-06	5.631678e-09	1.618733e-08	3.040615e+01	2.087899e+03
2.680000e-06	5.685779e-09	1.624748e-08	3.069825e+01	2.095726e+03
2.690000e-06	5.739491e-09	1.630647e-08	3.098825e+01	2.103346e+03
2.700000e-06	5.792829e-09	1.636429e-08	3.127622e+01	2.110768e+03
2.710000e-06	5.845777e-09	1.642118e-08	3.156210e+01	2.118007e+03
2.720000e-06	5.898295e-09	1.647732e-08	3.184565e+01	2.125080e+03
2.730000e-06	5.950358e-09	1.653244e-08	3.212674e+01	2.132010e+03
2.740000e-06	6.001956e-09	1.658572e-08	3.240532e+01	2.138817e+03
2.750000e-06	6.053082e-09	1.663727e-08	3.268136e+01	2.145523e+03
2.760000e-06	6.103763e-09	1.668852e-08	3.295499e+01	2.152146e+03
2.770000e-06	6.154033e-09	1.674006e-08	3.322641e+01	2.158699e+03
2.780000e-06	6.203906e-09	1.679132e-08	3.349568e+01	2.165192e+03
2.790000e-06	6.253353e-09	1.684170e-08	3.376265e+01	2.171629e+03
2.800000e-06	6.302344e-09	1.689060e-08	3.402715e+01	2.178009e+03
2.810000e-06	6.350863e-09	1.693807e-08	3.428912e+01	2.184326e+03
2.820000e-06	6.398905e-09	1.698499e-08	3.454850e+01	2.190571e+03
2.830000e-06	6.446489e-09	1.703180e-08	3.480541e+01	2.196733e+03
2.840000e-06	6.493632e-09	1.707782e-08	3.505994e+01	2.202802e+03
2.850000e-06	6.540304e-09	1.712275e-08	3.531193e+01	2.208768e+03
2.860000e-06	6.586451e-09	1.716752e-08	3.556108e+01	2.214622e+03
2.870000e-06	6.632034e-09	1.721223e-08	3.580719e+01	2.220360e+03
2.880000e-06	6.677057e-09	1.725582e-08	3.605028e+01	2.225980e+03
2.890000e-06	6.721557e-09	1.729831e-08	3.629054e+01	2.231485e+03
2.900000e-06	6.765590e-09	1.734012e-08	3.652828e+01	2.236880e+03
2.910000e-06	6.809186e-09	1.738123e-08	3.676366e+01	2.242172e+03
2.920000e-06	6.852332e-09	1.742153e-08	3.699660e+01	2.247370e+03
2.930000e-06	6.894986e-09	1.746159e-08	3.722690e+01	2.252483e+03
2.940000e-06	6.937110e-09	1.750173e-08	3.745433e+01	2.257516e+03
2.950000e-06	6.978706e-09	1.754095e-08	3.767891e+01	2.262474e+03
2.960000e-06	7.019805e-09	1.757858e-08	3.790081e+01	2.267358e+03
2.970000e-06	7.060423e-09	1.761513e-08	3.812011e+01	2.272167e+03
2.980000e-06	7.100554e-09	1.765114e-08	3.833679e+01	2.276895e+03
2.990000e-06	7.140162e-09	1.768627e-08	3.855063e+01	2.281533e+03
3.000000e-06	7.179196e-09	1.772008e-08	3.876138e+01	2.286072e+03
3.010000e-06	7.217639e-09	1.775323e-08	3.896894e+01	2.290501e+03
3.020000e-06	7.255538e-09	1.778630e-08	3.917356e+01	2.294809e+03
3.030000e-06	7.292951e-09	1.781926e-08	3.937556e+01	2.298989e+03
3.040000e-06	7.329893e-09	1.785115e-08	3.957502e+01	2.303036e+03
3.050000e-06	7.366331e-09	1.788101e-08	3.977175e+01	2.306947e+03
3.060000e-06	7.402200e-09	1.790944e-08	3.996541e+01	2.310727e+03
3.070000e-06	7.437491e-09	1.793772e-08	4.015595e+01	2.314381e+03
3.080000e-06	7.472257e-09	1.796621e-08	4.034365e+01	2.317922e+03
3.090000e-06	7.506538e-09	1.799368e-08	4.052874e+01	2.321361e+03
3.100000e-06	7.540353e-09	1.801920e-08	4.071131e+01	2.324714e+03
3.110000e-06	7.573692e-09	1.804394e-08	4.089131e+01	2.327997e+03
3.120000e-06	7.606502e-09	1.806893e-08	4.106846e+01	2.331224e+03
3.130000e-06	7.638730e-09	1.809325e-08	4.124246e+01	2.334408e+03
3.140000e-06	7.670361e-09	1.811624e-08	4.141324e+01	2.337557e+03
3.150000e-06	7.701413e-09	1.813833e-08	4.158089e+01	2.340676e+03
3.160000e-06	7.731893e-09	1.816001e-08	4.174546e+01	2.343766e+03
3.170000e-06	7.761751e-09	1.818159e-08	4.190666e+01	2.346824e+03
3.180000e-06	7.790954e-09	1.820315e-08	4.206434e+01	2.349845e+03
3.190000e-06	7.819563e-09	1.822436e-08	4.221880e+01	2.352818e+03
3.200000e-06	7.847625e-09	1.824472e-08	4.237031e+01	2.355736e+03
3.210000e-06	7.875157e-09	1.826441e-08	4.251895e+01	2.358588e+03
3.220000e-06	7.902173e-09	1.828400e-08	4.266482e+01	2.361366e+03
3.230000e-06	7.928606e-09	1.830356e-08	4.280754e+01	2.364064e+03
3.240000e-06	7.954416e-09	1.832203e-08	4.294688e+01	2.366679e+03
3.250000e-06	7.979660e-09	1.833921e-08	4.308318e+01	2.369210e+03
3.260000e-06	8.004374e-09	1.835653e-08	4.321662e+01	2.371663e+03
3.270000e-06	8.028580e-09	1.837504e-08	4.334730e+01	2.374042e+03
3.280000e-06	8.052245e-09	1.839436e-08	4.347507e+01	2.376357e+03
3.290000e-06	8.075265e-09	1.841257e-08	4.359936e+01	2.378616e+03
3.300000e-06	8.097636e-09	1.842853e-08	4.372014e+01	2.380829e+03
3.310000e-06	8.119426e-09	1.844373e-08	4.383779e+01	2.383003e+03
3.320000e-06	8.140624e-09	1.845976e-08	4.395224e+01	2.385146e+03
3.330000e-06	8.161168e-09	1.847570e-08	4.406316e+01	2.387259e+03
3.340000e-06	8.181010e-09	1.849029e-08	4.417029e+01	2.389345e+03
3.350000e-06	8.200198e-09	1.850409e-08	4.427389e+01	2.391398e+03
3.360000e-06	8.218821e-09	1.851845e-08	4.437443e+01	2.393414e+03
3.370000e-06	8.236909e-09	1.853341e-08	4.447209e+01	2.395386e+03
3.380000e-06	8.254458e-09	1.854798e-08	4.456684e+01	2.397304e+03
3.390000e-06	8.271390e-09	1.856164e-08	4.465826e+01	2.399160e+03
3.400000e-06	8.287657e-09	1.857483e-08	4.474609e+01	2.400947e+03
3.410000e-06	8.303331e-09	1.858822e-08	4.483071e+01	2.402657e+03
3.420000e-06	8.318440e-09	1.860147e-08	4.491229e+01	2.404288e+03
3.430000e-06	8.332996e-09	1.861322e-08	4.499088e+01	2.405839e+03
3.440000e-06	8.346958e-09	1.862325e-08	4.506626e+01	2.407314e+03
3.450000e-06	8.360247e-09	1.863318e-08	4.513801e+01	2.408716e+03
3.460000e-06	8.372920e-09	1.864395e-08	4.520643e+01	2.410054e+03
3.470000e-06	8.385042e-09	1.865505e-08	4.527188e+01	2.411335e+03
3.480000e-06	8.396620e-09	1.866572e-08	4.533439e+01	2.412567e+03
3.490000e-06	8.407651e-09	1.867554e-08	4.539395e+01	2.413757e+03
3.500000e-06	8.418023e-09	1.868438e-08	4.544995e+01	2.414912e+03
3.510000e-06	8.427712e-09	1.869283e-08	4.550226e+01	2.416033e+03
3.520000e-06	8.436801e-09	1.870138e-08	4.555133e+01	2.417120e+03
3.530000e-06	8.445321e-09	1.870936e-08	4.559733e+01	2.418170e+03
3.540000e-06	8.453314e-09	1.871664e-08	4.564049e+01	2.419176e+03
3.550000e-06	8.460749e-09	1.872413e-08	4.568063e+01	2.420130e+03
3.560000e-06	8.467548e-09	1.873182e-08	4.571734e+01	2.421021e+03
3.570000e-06	8.473683e-09	1.873869e-08	4.575046e+01	2.421839e+03
3.580000e-06	8.479159e-09	1.874453e-08	4.578002e+01	2.422575e+03
3.590000e-06	8.483988e-09	1.874949e-08	4.580610e+01	2.423220e+03
3.600000e-06	8.488112e-09	1.875364e-08	4.582836e+01	2.423768e+03
3.610000e-06	8.491541e-09	1.875752e-08	4.584687e+01	2.424216e+03
3.620000e-06	8.494378e-09	1.876095e-08	4.586219e+01	2.424564e+03
3.630000e-06	8.496649e-09	1.876273e-08	4.587445e+01	2.424816e+03
3.640000e-06	8.498373e-09	1.876357e-08	4.588376e+01	2.424977e+03
3.650000e-06	8.499510e-09	1.876452e-08	4.588990e+01	2.425056e+03
3.660000e-06	8.499966e-09	1.876519e-08	4.589236e+01	2.425060e+03
3.670000e-06	8.499791e-09	1.876541e-08	4.589142e+01	2.424998e+03
3.680000e-06	8.499048e-09	1.876476e-08	4.588740e+01	2.424879e+03
3.690000e-06	8.497759e-09	1.876340e-08	4.588045e+01	2.424708e+03
3.700000e-06	8.495937e-09	1.876215e-08	4.587061e+01	2.424489e+03
3.710000e-06	8.493470e-09	1.876036e-08	4.585729e+01	2.424223e+03
3.720000e-06	8.490372e-09	1.875708e-08	4.584056e+01	2.423911e+03
3.730000e-06	8.486758e-09	1.875269e-08	4.582105e+01	2.423548e+03
3.740000e-06	8.482621e-09	1.874551e-08	4.579871e+01	2.423132e+03
3.750000e-06	8.477854e-09	1.874131e-08	4.577298e+01	2.422658e+03
3.760000e-06	8.472127e-09	1.875407e-08	4.574205e+01	2.422121e+03
3.770000e-06	8.465111e-09	1.876075e-08	4.570417e+01	2.421519e+03
3.780000e-06	8.457054e-09	1.872026e-08	4.566067e+01	2.420851e+03
3.790000e-06	8.448796e-09	1.868833e-08	4.561608e+01	2.420121e+03
3.800000e-06	8.440735e-09	1.872739e-08	4.557256e+01	2.419332e+03
3.810000e-06	8.432223e-09	1.875784e-08	4.552660e+01	2.418492e+03
3.820000e-06	8.422553e-09	1.869424e-08	4.547439e+01	2.417613e+03
3.830000e-06	8.412170e-09	1.864126e-08	4.541833e+01	2.416705e+03
3.840000e-06	8.401717e-09	1.871238e-08	4.536190e+01	2.415782e+03
3.850000e-06	8.390714e-09	1.875411e-08	4.530249e+01	2.414855e+03
3.860000e-06	8.378575e-09	1.865305e-08	4.523695e+01	2.413937e+03
3.870000e-06	8.365809e-09	1.860215e-08	4.516802e+01	2.413036e+03
3.880000e-06	8.352879e-09	1.869072e-08	4.509821e+01	2.412159e+03
3.890000e-06	8.339342e-09	1.870722e-08	4.502513e+01	2.411307e+03
3.900000e-06	8.324975e-09	1.861632e-08	4.494756e+01	2.410480e+03
3.910000e-06	8.310212e-09	1.863545e-08	4.486785e+01	2.409673e+03
3.920000e-06	8.294963e-09	1.871923e-08	4.478552e+01	2.408878e+03
3.930000e-06	8.278710e-09	1.866293e-08	4.469777e+01	2.408084e+03
3.940000e-06	8.261688e-09	1.859531e-08	4.460586e+01	2.407279e+03
3.950000e-06	8.244379e-09	1.867859e-08	4.451241e+01	2.406450e+03
3.960000e-06	8.226568e-09	1.871310e-08	4.441624e+01	2.405584e+03
3.970000e-06	8.208013e-09	1.862617e-08	4.431606e+01	2.404666e+03
3.980000e-06	8.188937e-09	1.864299e-08	4.421307e+01	2.403686e+03
3.990000e-06	8.169361e-09	1.871218e-08	4.410738e+01	2.402632e+03
4.000000e-06	8.149088e-09	1.863373e-08	4.399792e+01	2.401495e+03
4.010000e-06	8.128133e-09	1.856830e-08	4.388478e+01	2.400266e+03
4.020000e-06	8.106524e-09	1.864477e-08	4.376811e+01	2.398940e+03
4.030000e-06	8.084207e-09	1.864633e-08	4.364762e+01	2.397509e+03
4.040000e-06	8.061324e-09	1.856422e-08	4.352407e+01	2.395967e+03
4.050000e-06	8.037914e-09	1.860906e-08	4.339767e+01	2.394308e+03
4.060000e-06	8.013875e-09	1.865504e-08	4.326788e+01	2.392525e+03
4.070000e-06	7.989126e-09	1.857553e-08	4.313426e+01	2.390614e+03
4.080000e-06	7.963696e-09	1.856691e-08	4.299696e+01	2.388566e+03
4.090000e-06	7.937656e-09	1.861145e-08	4.285637e+01	2.386376e+03
4.100000e-06	7.911162e-09	1.854286e-08	4.271332e+01	2.384040e+03
4.110000e-06	7.884216e-09	1.849511e-08	4.256784e+01	2.381554e+03
4.120000e-06	7.856620e-09	1.852875e-08	4.241884e+01	2.378918e+03
4.130000e-06	7.828350e-09	1.849213e-08	4.226621e+01	2.376132e+03
4.140000e-06	7.799569e-09	1.843957e-08	4.211081e+01	2.373202e+03
4.150000e-06	7.770258e-09	1.845077e-08	4.195256e+01	2.370135e+03
4.160000e-06	7.740358e-09	1.842376e-08	4.179113e+01	2.366941e+03
4.170000e-06	7.709844e-09	1.837388e-08	4.162638e+01	2.363634e+03
4.180000e-06	7.678623e-09	1.837009e-08	4.145781e+01	2.360228e+03
4.190000e-06	7.646760e-09	1.834397e-08	4.128578e+01	2.356737e+03
4.200000e-06	7.614375e-09	1.829744e-08	4.111093e+01	2.353175e+03
4.210000e-06	7.581437e-09	1.828620e-08	4.093309e+01	2.349555e+03
4.220000e-06	7.547926e-09	1.826513e-08	4.075216e+01	2.345885e+03
4.230000e-06	7.513878e-09	1.822607e-08	4.056833e+01	2.342172e+03
4.240000e-06	7.479255e-09	1.820414e-08	4.038140e+01	2.338417e+03
4.250000e-06	7.444094e-09	1.816983e-08	4.019156e+01	2.334617e+03
4.260000e-06	7.408462e-09	1.812691e-08	3.999918e+01	2.330766e+03
4.270000e-06	7.372326e-09	1.810614e-08	3.980407e+01	2.326854e+03
4.280000e-06	7.335686e-09	1.807902e-08	3.960625e+01	2.322868e+03
4.290000e-06	7.298575e-09	1.803936e-08	3.940588e+01	2.318795e+03
4.300000e-06	7.260901e-09	1.801182e-08	3.920247e+01	2.314623e+03
4.310000e-06	7.222616e-09	1.798180e-08	3.899577e+01	2.310339e+03
4.320000e-06	7.183786e-09	1.794280e-08	3.878612e+01	2.305935e+03
4.330000e-06	7.144452e-09	1.790944e-08	3.857375e+01	2.301406e+03
4.340000e-06	7.104628e-09	1.787307e-08	3.835874e+01	2.296750e+03
4.350000e-06	7.064285e-09	1.783048e-08	3.814092e+01	2.291969e+03
4.360000e-06	7.023332e-09	1.779464e-08	3.791981e+01	2.287071e+03
4.370000e-06	6.981794e-09	1.776284e-08	3.769554e+01	2.282063e+03
4.380000e-06	6.939786e-09	1.772594e-08	3.746873e+01	2.276956e+03
4.390000e-06	6.897366e-09	1.768399e-08	3.723970e+01	2.271761e+03
4.400000e-06	6.854525e-09	1.764063e-08	3.700840e+01	2.266487e+03
4.410000e-06	6.811247e-09	1.759996e-08	3.677474e+01	2.261141e+03
4.420000e-06	6.767487e-09	1.755974e-08	3.653847e+01	2.255729e+03
4.430000e-06	6.723216e-09	1.751627e-08	3.629945e+01	2.250250e+03
4.440000e-06	6.678430e-09	1.747329e-08	3.605764e+01	2.244702e+03
4.450000e-06	6.633115e-09	1.743183e-08	3.581298e+01	2.239075e+03
4.460000e-06	6.587235e-09	1.738713e-08	3.556527e+01	2.233362e+03
4.470000e-06	6.540779e-09	1.734163e-08	3.531444e+01	2.227549e+03
4.480000e-06	6.493774e-09	1.729676e-08	3.506066e+01	2.221624e+03
4.490000e-06	6.446231e-09	1.724716e-08	3.480397e+01	2.215574e+03
4.500000e-06	6.398173e-09	1.719500e-08	3.454450e+01	2.209390e+03
4.510000e-06	6.349649e-09	1.714751e-08	3.428251e+01	2.203064e+03
4.520000e-06	6.300708e-09	1.710123e-08	3.401827e+01	2.196593e+03
4.530000e-06	6.251376e-09	1.705015e-08	3.375192e+01	2.189975e+03
4.540000e-06	6.201647e-09	1.699664e-08	3.348342e+01	2.183216e+03
4.550000e-06	6.151469e-09	1.694375e-08	3.321251e+01	2.176321e+03
4.560000e-06	6.100810e-09	1.689031e-08	3.293899e+01	2.169299e+03
4.570000e-06	6.049656e-09	1.683587e-08	3.266281e+01	2.162159e+03
4.580000e-06	5.998050e-09	1.678115e-08	3.238418e+01	2.154909e+03
4.590000e-06	5.946034e-09	1.672555e-08	3.210334e+01	2.147555e+03
4.600000e-06	5.893607e-09	1.666819e-08	3.182028e+01	2.140100e+03
4.610000e-06	5.840735e-09	1.661030e-08	3.153481e+01	2.132541e+03
4.620000e-06	5.787404e-09	1.655209e-08	3.124688e+01	2.124874e+03
4.630000e-06	5.733642e-09	1.649064e-08	3.095661e+01	2.117088e+03
4.640000e-06	5.679458e-09	1.642641e-08	3.066406e+01	2.109170e+03
4.650000e-06	5.624853e-09	1.636311e-08	3.036924e+01	2.101105e+03
4.660000e-06	5.569873e-09	1.630130e-08	3.007240e+01	2.092876e+03
4.670000e-06	5.514532e-09	1.623757e-08	2.977361e+01	2.084467e+03
4.680000e-06	5.458814e-09	1.617037e-08	2.947278e+01	2.075866e+03
4.690000e-06	5.402692e-09	1.610090e-08	2.916976e+01	2.067064e+03
4.700000e-06	5.346118e-09	1.603011e-08	2.886431e+01	2.058055e+03
4.710000e-06	5.289082e-09	1.595869e-08	2.855637e+01	2.048840e+03
4.720000e-06	5.231594e-09	1.588724e-08	2.824598e+01	2.039424e+03
4.730000e-06	5.173697e-09	1.581498e-08	2.793339e+01	2.029817e+03
4.740000e-06	5.115442e-09	1.574115e-08	2.761887e+01	2.020032e+03
4.750000e-06	5.056839e-09	1.566524e-08	2.730246e+01	2.010082e+03
4.760000e-06	4.997889e-09	1.558718e-08	2.698418e+01	1.999982e+03
4.770000e-06	4.938581e-09	1.550716e-08	2.666397e+01	1.989743e+03
4.780000e-06	4.878912e-09	1.542615e-08	2.634181e+01	1.979372e+03
4.790000e-06	4.818904e-09	1.534491e-08	2.601782e+01	1.968872e+03
4.800000e-06	4.758552e-09	1.526242e-08	2.569197e+01	1.958238e+03
4.810000e-06	4.697840e-09	1.517785e-08	2.536418e+01	1.947462e+03
4.820000e-06	4.636788e-09	1.509178e-08	2.503455e+01	1.936526e+03
4.830000e-06	4.575442e-09	1.500492e-08	2.470334e+01	1.925411e+03
4.840000e-06	4.513802e-09	1.491662e-08	2.437054e+01	1.914095e+03
4.850000e-06	4.451836e-09	1.482580e-08	2.403597e+01	1.902555e+03
4.860000e-06	4.389500e-09	1.473268e-08	2.369941e+01	1.890767e+03
4.870000e-06	4.326787e-09	1.463805e-08	2.336082e+01	1.878715e+03
4.880000e-06	4.263729e-09	1.454178e-08	2.302036e+01	1.866383e+03
4.890000e-06	4.200352e-09	1.444349e-08	2.267818e+01	1.853764e+03
4.900000e-06	4.136647e-09	1.434411e-08	2.233423e+01	1.840857e+03
4.910000e-06	4.072616e-09	1.424373e-08	2.198851e+01	1.827665e+03
4.920000e-06	4.008275e-09	1.414044e-08	2.164113e+01	1.814198e+03
4.930000e-06	3.943661e-09	1.403423e-08	2.129227e+01	1.800467e+03
4.940000e-06	3.878802e-09	1.392620e-08	2.094209e+01	1.786485e+03
4.950000e-06	3.813696e-09	1.381542e-08	2.059057e+01	1.772264e+03
4.960000e-06	3.748328e-09	1.370195e-08	2.023764e+01	1.757810e+03
4.970000e-06	3.682684e-09	1.358766e-08	1.988322e+01	1.743124e+03
4.980000e-06	3.616762e-09	1.347302e-08	1.952730e+01	1.728202e+03
4.990000e-06	3.550558e-09	1.335628e-08	1.916986e+01	1.713029e+03
5.000000e-06	3.484072e-09	1.323608e-08	1.881089e+01	1.697583e+03
5.010000e-06	3.417305e-09	1.311315e-08	1.845041e+01	1.681838e+03
5.020000e-06	3.350252e-09	1.298770e-08	1.808838e+01	1.665760e+03
5.030000e-06	3.282940e-09	1.285885e-08	1.772496e+01	1.649315e+03
5.040000e-06	3.215414e-09	1.272600e-08	1.736037e+01	1.632468e+03
5.050000e-06	3.147690e-09	1.258986e-08	1.699473e+01	1.615188e+03
5.060000e-06	3.079779e-09	1.245125e-08	1.662807e+01	1.597449e+03
5.070000e-06	3.011682e-09	1.231007e-08	1.626040e+01	1.579233e+03
5.080000e-06	2.943415e-09	1.216594e-08	1.589182e+01	1.560530e+03
5.090000e-06	2.874980e-09	1.201831e-08	1.552233e+01	1.541337e+03
5.100000e-06	2.806360e-09	1.186714e-08	1.515184e+01	1.521660e+03
5.110000e-06	2.737538e-09	1.171319e-08	1.478026e+01	1.501510e+03
5.120000e-06	2.668517e-09	1.155570e-08	1.440761e+01	1.480898e+03
5.130000e-06	2.599296e-09	1.139307e-08	1.403387e+01	1.459838e+03
5.140000e-06	2.529880e-09	1.122522e-08	1.365909e+01	1.438336e+03
5.150000e-06	2.460276e-09	1.105353e-08	1.328329e+01	1.416392e+03
5.160000e-06	2.390481e-09	1.087913e-08	1.290646e+01	1.393997e+03
5.170000e-06	2.320513e-09	1.070201e-08	1.252869e+01	1.371129e+03
5.180000e-06	2.250390e-09	1.052093e-08	1.215009e+01	1.347754e+03
5.190000e-06	2.180121e-09	1.033520e-08	1.177070e+01	1.323826e+03
5.200000e-06	2.109702e-09	1.014498e-08	1.139050e+01	1.299290e+03
5.210000e-06	2.039135e-09	9.949139e-09	1.100950e+01	1.274083e+03
5.220000e-06	1.968428e-09	9.746883e-09	1.062774e+01	1.248140e+03
5.230000e-06	1.897580e-09	9.537999e-09	1.024523e+01	1.221396e+03
5.240000e-06	1.826586e-09	9.322460e-09	9.861922e+00	1.193791e+03
5.250000e-06	1.755443e-09	9.101565e-09	9.477811e+00	1.165274e+03
5.260000e-06	1.684139e-09	8.875545e-09	9.092831e+00	1.135802e+03
5.270000e-06	1.612668e-09	8.643017e-09	8.706953e+00	1.105344e+03
5.280000e-06	1.541047e-09	8.403162e-09	8.320260e+00	1.073878e+03
5.290000e-06	1.469291e-09	8.154736e-09	7.932844e+00	1.041390e+03
5.300000e-06	1.397403e-09	7.897143e-09	7.544707e+00	1.007871e+03
5.310000e-06	1.325393e-09	7.630889e-09	7.155917e+00	9.733083e+02
5.320000e-06	1.253290e-09	7.356290e-09	6.766626e+00	9.376834e+02
5.330000e-06	1.181117e-09	7.073105e-09	6.376954e+00	9.009649e+02
5.340000e-06	1.108882e-09	6.779905e-09	5.986952e+00	8.631036e+02
5.350000e-06	1.036565e-09	6.476853e-09	5.596504e+00	8.240285e+02
5.360000e-06	9.641580e-10	6.164453e-09	5.205567e+00	7.836458e+02
5.370000e-06	8.916697e-10	5.840306e-09	4.814195e+00	7.418386e+02
5.380000e-06	8.191004e-10	5.502016e-09	4.422385e+00	6.984712e+02
5.390000e-06	7.464566e-10	5.149189e-09	4.030171e+00	6.533947e+02
5.400000e-06	6.737416e-10	4.783246e-09	3.637574e+00	6.064560e+02
5.410000e-06	6.009620e-10	4.404471e-09	3.244628e+00	5.575088e+02
5.420000e-06	5.281261e-10	4.011171e-09	2.851379e+00	5.064257e+02
5.430000e-06	4.552383e-10	3.602570e-09	2.457849e+00	4.531116e+02
5.440000e-06	3.823141e-10	3.177965e-09	2.064122e+00	3.975156e+02
5.450000e-06	3.093715e-10	2.736805e-09	1.670296e+00	3.396430e+02
5.460000e-06	2.364273e-10	2.278640e-09	1.276462e+00	2.795635e+02
5.470000e-06	1.634924e-10	1.802696e-09	8.826775e-01	2.174173e+02
5.480000e-06	9.057658e-11	1.309451e-09	4.889964e-01	1.534166e+02
5.490000e-06	1.768175e-11	8.018280e-10	9.542846e-02	8.784346e+01
5.500000e-06	-5.521292e-11	2.827508e-10	-2.981386e-01	2.104342e+01
5.510000e-06	-1.281230e-10	-2.450277e-10	-6.917891e-01	-4.658534e+01
5.520000e-06	-2.010384e-10	-7.772046e-10	-1.085468e+00	-1.146056e+02
5.530000e-06	-2.739390e-10	-1.309999e-09	-1.479067e+00	-1.825577e+02
5.540000e-06	-3.468237e-10	-1.840585e-09	-1.872580e+00	-2.499774e+02
5.550000e-06	-4.196992e-10	-2.364058e-09	-2.266044e+00	-3.164141e+02
5.560000e-06	-4.925567e-10	-2.875010e-09	-2.659410e+00	-3.814488e+02
5.570000e-06	-5.653740e-10	-3.370869e-09	-3.052559e+00	-4.447091e+02
5.580000e-06	-6.381240e-10	-3.849704e-09	-3.445345e+00	-5.058827e+02
5.590000e-06	-7.108158e-10	-4.308641e-09	-3.837817e+00	-5.647259e+02
5.600000e-06	-7.834483e-10	-4.746048e-09	-4.229968e+00	-6.210689e+02
5.610000e-06	-8.559832e-10	-5.162783e-09	-4.621593e+00	-6.748167e+02
5.620000e-06	-9.284071e-10	-5.560681e-09	-5.012618e+00	-7.259455e+02
5.630000e-06	-1.000740e-09	-5.940541e-09	-5.403154e+00	-7.744963e+02
5.640000e-06	-1.072991e-09	-6.302200e-09	-5.793245e+00	-8.205645e+02
5.650000e-06	-1.145142e-09	-6.646115e-09	-6.182795e+00	-8.642881e+02
5.660000e-06	-1.217189e-09	-6.973369e-09	-6.571785e+00	-9.058350e+02
5.670000e-06	-1.289142e-09	-7.286222e-09	-6.960266e+00	-9.453891e+02
5.680000e-06	-1.360998e-09	-7.586199e-09	-7.348225e+00	-9.831385e+02
5.690000e-06	-1.432743e-09	-7.873181e-09	-7.735585e+00	-1.019265e+03
5.700000e-06	-1.504372e-09	-8.147615e-09	-8.122319e+00	-1.053933e+03
5.710000e-06	-1.575871e-09	-8.410491e-09	-8.508351e+00	-1.087290e+03
5.720000e-06	-1.647213e-09	-8.662804e-09	-8.893535e+00	-1.119453e+03
5.730000e-06	-1.718376e-09	-8.906114e-09	-9.277755e+00	-1.150520e+03
5.740000e-06	-1.789364e-09	-9.140932e-09	-9.661026e+00	-1.180560e+03
5.750000e-06	-1.860204e-09	-9.366669e-09	-1.004350e+01	-1.209627e+03
5.760000e-06	-1.930907e-09	-9.584767e-09	-1.042523e+01	-1.237756e+03
5.770000e-06	-2.001434e-09	-9.797265e-09	-1.080602e+01	-1.264973e+03
5.780000e-06	-2.071785e-09	-1.000356e-08	-1.118585e+01	-1.291300e+03
5.790000e-06	-2.141997e-09	-1.020145e-08	-1.156493e+01	-1.316759e+03
5.800000e-06	-2.212061e-09	-1.039130e-08	-1.194322e+01	-1.341375e+03
5.810000e-06	-2.281965e-09	-1.057563e-08	-1.232064e+01	-1.365179e+03
5.820000e-06	-2.351717e-09	-1.075579e-08	-1.269724e+01	-1.388211e+03
5.830000e-06	-2.421309e-09	-1.093227e-08	-1.307297e+01	-1.410515e+03
5.840000e-06	-2.490726e-09	-1.110460e-08	-1.344777e+01	-1.432142e+03
5.850000e-06	-2.559970e-09	-1.127158e-08	-1.382162e+01	-1.453144e+03
5.860000e-06	-2.629032e-09	-1.143320e-08	-1.419450e+01	-1.473577e+03
5.870000e-06	-2.697901e-09	-1.159068e-08	-1.456633e+01	-1.493490e+03
5.880000e-06	-2.766574e-09	-1.174458e-08	-1.493710e+01	-1.512929e+03
5.890000e-06	-2.835063e-09	-1.189468e-08	-1.530688e+01	-1.531931e+03
5.900000e-06	-2.903374e-09	-1.204087e-08	-1.567570e+01	-1.550525e+03
5.910000e-06	-2.971493e-09	-1.218392e-08	-1.604349e+01	-1.568732e+03
5.920000e-06	-3.039425e-09	-1.232471e-08	-1.641026e+01	-1.586563e+03
5.930000e-06	-3.107180e-09	-1.246258e-08	-1.677608e+01	-1.604021e+03
5.940000e-06	-3.174745e-09	-1.259624e-08	-1.714087e+01	-1.621108e+03
5.950000e-06	-3.242097e-09	-1.272546e-08	-1.750451e+01	-1.637818e+03
5.960000e-06	-3.309202e-09	-1.285111e-08	-1.786682e+01	-1.654149e+03
5.970000e-06	-3.376053e-09	-1.297376e-08	-1.822775e+01	-1.670098e+03
5.980000e-06	-3.442656e-09	-1.309363e-08	-1.858735e+01	-1.685668e+03
5.990000e-06	-3.508999e-09	-1.321111e-08	-1.894555e+01	-1.700863e+03
6.000000e-06	-3.575068e-09	-1.332703e-08	-1.930226e+01	-1.715698e+03
6.010000e-06	-3.640849e-09	-1.344193e-08	-1.965742e+01	-1.730186e+03
6.020000e-06	-3.706343e-09	-1.355519e-08	-2.001103e+01	-1.744348e+03
6.030000e-06	-3.771552e-09	-1.366608e-08	-2.036310e+01	-1.758208e+03
6.040000e-06	-3.836483e-09	-1.377456e-08	-2.071367e+01	-1.771786e+03
6.050000e-06	-3.901148e-09	-1.388091e-08	-2.106281e+01	-1.785107e+03
6.060000e-06	-3.965546e-09	-1.398553e-08	-2.141050e+01	-1.798187e+03
6.070000e-06	-4.029657e-09	-1.408800e-08	-2.175664e+01	-1.811044e+03
6.080000e-06	-4.093462e-09	-1.418729e-08	-2.210114e+01	-1.823686e+03
6.090000e-06	-4.156958e-09	-1.428381e-08	-2.244395e+01	-1.836120e+03
6.100000e-06	-4.220140e-09	-1.437785e-08	-2.278508e+01	-1.848347e+03
6.110000e-06	-4.283003e-09	-1.446987e-08	-2.312449e+01	-1.860364e+03
6.120000e-06	-4.345521e-09	-1.456095e-08	-2.346203e+01	-1.872168e+03
6.130000e-06	-4.407677e-09	-1.465052e-08	-2.379762e+01	-1.883754e+03
6.140000e-06	-4.469485e-09	-1.473820e-08	-2.413132e+01	-1.895117e+03
6.150000e-06	-4.530970e-09	-1.482505e-08	-2.446329e+01	-1.906256e+03
6.160000e-06	-4.592145e-09	-1.491157e-08	-2.479358e+01	-1.917174e+03
6.170000e-06	-4.652984e-09	-1.499689e-08	-2.512206e+01	-1.927876e+03
6.180000e-06	-4.713469e-09	-1.508080e-08	-2.544863e+01	-1.938372e+03
6.190000e-06	-4.773614e-09	-1.516315e-08	-2.577336e+01	-1.948675e+03
6.200000e-06	-4.833417e-09	-1.524344e-08	-2.609624e+01	-1.958800e+03
6.210000e-06	-4.892873e-09	-1.532283e-08	-2.641725e+01	-1.968762e+03
6.220000e-06	-4.951986e-09	-1.540163e-08	-2.673641e+01	-1.978578e+03
6.230000e-06	-5.010753e-09	-1.547879e-08	-2.705370e+01	-1.988260e+03
6.240000e-06	-5.069183e-09	-1.555442e-08	-2.736917e+01	-1.997816e+03
6.250000e-06	-5.127284e-09	-1.562939e-08	-2.768287e+01	-2.007252e+03
6.260000e-06	-5.185016e-09	-1.570378e-08	-2.799456e+01	-2.016567e+03
6.270000e-06	-5.242333e-09	-1.577693e-08	-2.830403e+01	-2.025754e+03
6.280000e-06	-5.299219e-09	-1.584796e-08	-2.861116e+01	-2.034804e+03
6.290000e-06	-5.355665e-09	-1.591558e-08	-2.891592e+01	-2.043703e+03
6.300000e-06	-5.411665e-09	-1.598065e-08	-2.921827e+01	-2.052436e+03
6.310000e-06	-5.467226e-09	-1.604563e-08	-2.951825e+01	-2.060987e+03
6.320000e-06	-5.522387e-09	-1.611045e-08	-2.981607e+01	-2.069343e+03
6.330000e-06	-5.577181e-09	-1.617387e-08	-3.011191e+01	-2.077493e+03
6.340000e-06	-5.631592e-09	-1.623577e-08	-3.040568e+01	-2.085433e+03
6.350000e-06	-5.685587e-09	-1.629650e-08	-3.069721e+01	-2.093164e+03
6.360000e-06	-5.739163e-09	-1.635581e-08	-3.098647e+01	-2.100690e+03
6.370000e-06	-5.792311e-09	-1.641337e-08	-3.127342e+01	-2.108025e+03
6.380000e-06	-5.845033e-09	-1.646912e-08	-3.155808e+01	-2.115184e+03
6.390000e-06	-5.897345e-09	-1.652303e-08	-3.184052e+01	-2.122188e+03
6.400000e-06	-5.949259e-09	-1.657615e-08	-3.212080e+01	-2.129058e+03
6.410000e-06	-6.000770e-09	-1.663006e-08	-3.239892e+01	-2.135816e+03
6.420000e-06	-6.051845e-09	-1.668499e-08	-3.267468e+01	-2.142482e+03
6.430000e-06	-6.102462e-09	-1.673928e-08	-3.294796e+01	-2.149071e+03
6.440000e-06	-6.152623e-09	-1.679153e-08	-3.321879e+01	-2.155596e+03
6.450000e-06	-6.202327e-09	-1.684188e-08	-3.348715e+01	-2.162063e+03
6.460000e-06	-6.251571e-09	-1.689083e-08	-3.375302e+01	-2.168473e+03
6.470000e-06	-6.300377e-09	-1.693905e-08	-3.401653e+01	-2.174825e+03
6.480000e-06	-6.348753e-09	-1.698720e-08	-3.427772e+01	-2.181109e+03
6.490000e-06	-6.396667e-09	-1.703552e-08	-3.453641e+01	-2.187317e+03
6.500000e-06	-6.444091e-09	-1.708408e-08	-3.479246e+01	-2.193438e+03
6.510000e-06	-6.490998e-09	-1.713262e-08	-3.504572e+01	-2.199460e+03
6.520000e-06	-6.537367e-09	-1.718021e-08	-3.529607e+01	-2.205374e+03
6.530000e-06	-6.583178e-09	-1.722585e-08	-3.554341e+01	-2.211175e+03
6.540000e-06	-6.628400e-09	-1.726950e-08	-3.578757e+01	-2.216858e+03
6.550000e-06	-6.673045e-09	-1.731240e-08	-3.602861e+01	-2.222424e+03
6.560000e-06	-6.717165e-09	-1.735550e-08	-3.626682e+01	-2.227877e+03
6.570000e-06	-6.760832e-09	-1.739863e-08	-3.650258e+01	-2.233224e+03
6.580000e-06	-6.804085e-09	-1.744153e-08	-3.673611e+01	-2.238471e+03
6.590000e-06	-6.846916e-09	-1.748403e-08	-3.696736e+01	-2.243629e+03
6.600000e-06	-6.889299e-09	-1.752574e-08	-3.719619e+01	-2.248703e+03
6.610000e-06	-6.931205e-09	-1.756580e-08	-3.742245e+01	-2.253701e+03
6.620000e-06	-6.972588e-09	-1.760391e-08	-3.764588e+01	-2.258626e+03
6.630000e-06	-7.013419e-09	-1.764063e-08	-3.786633e+01	-2.263475e+03
6.640000e-06	-7.053710e-09	-1.767641e-08	-3.808386e+01	-2.268247e+03
6.650000e-06	-7.093496e-09	-1.771178e-08	-3.829867e+01	-2.272935e+03
6.660000e-06	-7.132807e-09	-1.774704e-08	-3.851092e+01	-2.277528e+03
6.670000e-06	-7.171644e-09	-1.778198e-08	-3.872061e+01	-2.282017e+03
6.680000e-06	-7.209980e-09	-1.781573e-08	-3.892759e+01	-2.286391e+03
6.690000e-06	-7.247772e-09	-1.784804e-08	-3.913163e+01	-2.290640e+03
6.700000e-06	-7.285013e-09	-1.787935e-08	-3.933270e+01	-2.294759e+03
6.710000e-06	-7.321724e-09	-1.791012e-08	-3.953090e+01	-2.298742e+03
6.720000e-06	-7.357914e-09	-1.794050e-08	-3.972630e+01	-2.302592e+03
6.730000e-06	-7.393596e-09	-1.796974e-08	-3.991895e+01	-2.306312e+03
6.740000e-06	-7.428773e-09	-1.799785e-08	-4.010887e+01	-2.309912e+03
6.750000e-06	-7.463413e-09	-1.802601e-08	-4.029590e+01	-2.313404e+03
6.760000e-06	-7.497485e-09	-1.805389e-08	-4.047986e+01	-2.316801e+03
6.770000e-06	-7.531010e-09	-1.808031e-08	-4.066087e+01	-2.320120e+03
6.780000e-06	-7.564032e-09	-1.810548e-08	-4.083916e+01	-2.323376e+03
6.790000e-06	-7.596554e-09	-1.813069e-08	-4.101475e+01	-2.326582e+03
6.800000e-06	-7.628543e-09	-1.815697e-08	-4.118745e+01	-2.329748e+03
6.810000e-06	-7.659922e-09	-1.818353e-08	-4.135687e+01	-2.332883e+03
6.820000e-06	-7.690648e-09	-1.820877e-08	-4.152277e+01	-2.335989e+03
6.830000e-06	-7.720759e-09	-1.823273e-08	-4.168534e+01	-2.339065e+03
6.840000e-06	-7.750311e-09	-1.825664e-08	-4.184490e+01	-2.342107e+03
6.850000e-06	-7.779347e-09	-1.828116e-08	-4.200166e+01	-2.345107e+03
6.860000e-06	-7.807846e-09	-1.830574e-08	-4.215554e+01	-2.348056e+03
6.870000e-06	-7.835752e-09	-1.832947e-08	-4.230620e+01	-2.350944e+03
6.880000e-06	-7.863071e-09	-1.835226e-08	-4.245370e+01	-2.353763e+03
6.890000e-06	-7.889855e-09	-1.837459e-08	-4.259831e+01	-2.356504e+03
6.900000e-06	-7.916121e-09	-1.839656e-08	-4.274012e+01	-2.359163e+03
6.910000e-06	-7.941864e-09	-1.841775e-08	-4.287911e+01	-2.361740e+03
6.920000e-06	-7.967032e-09	-1.843788e-08	-4.301500e+01	-2.364234e+03
6.930000e-06	-7.991554e-09	-1.845745e-08	-4.314739e+01	-2.366652e+03
6.940000e-06	-8.015470e-09	-1.847723e-08	-4.327652e+01	-2.369000e+03
6.950000e-06	-8.038839e-09	-1.849746e-08	-4.340269e+01	-2.371287e+03
6.960000e-06	-8.061660e-09	-1.851750e-08	-4.352591e+01	-2.373524e+03
6.970000e-06	-8.083896e-09	-1.853645e-08	-4.364596e+01	-2.375718e+03
6.980000e-06	-8.105455e-09	-1.855425e-08	-4.376236e+01	-2.377878e+03
6.990000e-06	-8.126315e-09	-1.857115e-08	-4.387498e+01	-2.380007e+03
7.000000e-06	-8.146520e-09	-1.858754e-08	-4.398407e+01	-2.382107e+03
7.010000e-06	-8.166034e-09	-1.860376e-08	-4.408943e+01	-2.384178e+03
7.020000e-06	-8.184860e-09	-1.861963e-08	-4.419108e+01	-2.386216e+03
7.030000e-06	-8.203138e-09	-1.863531e-08	-4.428976e+01	-2.388212e+03
7.040000e-06	-8.220939e-09	-1.865117e-08	-4.438587e+01	-2.390160e+03
7.050000e-06	-8.238248e-09	-1.866711e-08	-4.447932e+01	-2.392051e+03
7.060000e-06	-8.255030e-09	-1.868240e-08	-4.456993e+01	-2.393875e+03
7.070000e-06	-8.271270e-09	-1.869605e-08	-4.465761e+01	-2.395627e+03
7.080000e-06	-8.286930e-09	-1.870850e-08	-4.474216e+01	-2.397300e+03
7.090000e-06	-8.301921e-09	-1.872133e-08	-4.482310e+01	-2.398894e+03
7.100000e-06	-8.316269e-09	-1.873439e-08	-4.490057e+01	-2.400410e+03
7.110000e-06	-8.330048e-09	-1.874662e-08	-4.497496e+01	-2.401850e+03
7.120000e-06	-8.343268e-09	-1.875776e-08	-4.504634e+01	-2.403221e+03
7.130000e-06	-8.355897e-09	-1.876832e-08	-4.511452e+01	-2.404532e+03
7.140000e-06	-8.367855e-09	-1.877877e-08	-4.517908e+01	-2.405789e+03
7.150000e-06	-8.379184e-09	-1.878896e-08	-4.524025e+01	-2.407001e+03
7.160000e-06	-8.389957e-09	-1.879849e-08	-4.529842e+01	-2.408174e+03
7.170000e-06	-8.400154e-09	-1.880723e-08	-4.535347e+01	-2.409313e+03
7.180000e-06	-8.409789e-09	-1.881558e-08	-4.540549e+01	-2.410419e+03
7.190000e-06	-8.418800e-09	-1.882357e-08	-4.545414e+01	-2.411490e+03
7.200000e-06	-8.427138e-09	-1.883149e-08	-4.549916e+01	-2.412520e+03
7.210000e-06	-8.434876e-09	-1.883884e-08	-4.554094e+01	-2.413503e+03
7.220000e-06	-8.442048e-09	-1.884477e-08	-4.557966e+01	-2.414429e+03
7.230000e-06	-8.448649e-09	-1.885000e-08	-4.561530e+01	-2.415288e+03
7.240000e-06	-8.454593e-09	-1.885546e-08	-4.564739e+01	-2.416069e+03
7.250000e-06	-8.459804e-09	-1.886125e-08	-4.567553e+01	-2.416763e+03
7.260000e-06	-8.464339e-09	-1.886648e-08	-4.570001e+01	-2.417364e+03
7.270000e-06	-8.468277e-09	-1.887037e-08	-4.572127e+01	-2.417865e+03
7.280000e-06	-8.471671e-09	-1.887319e-08	-4.573960e+01	-2.418267e+03
7.290000e-06	-8.474472e-09	-1.887580e-08	-4.575472e+01	-2.418570e+03
7.300000e-06	-8.476599e-09	-1.887826e-08	-4.576620e+01	-2.418779e+03
7.310000e-06	-8.478117e-09	-1.887963e-08	-4.577440e+01	-2.418901e+03
7.320000e-06	-8.479094e-09	-1.887973e-08	-4.577967e+01	-2.418944e+03
7.330000e-06	-8.479497e-09	-1.887893e-08	-4.578185e+01	-2.418916e+03
