# Concentracion g/m^3_=_53300.0
# C_Vs_to_Am_M_A/Vsm_=_128687336408.14134
# pendiente_HvsI_1/m_=_3716.3
# ordenada_HvsI_A/m_=_1297.0
# frecuencia_Hz_=_136327.1385172014
# Promedio de 28 ciclos

Tiempo_(s)	Campo_(V.s)	Magnetizacion_(V.s)	Campo_(kA/m)	Magnetizacion_(A/m)
0.000000e+00	-7.834025e-09	-1.818522e-08	-4.213221e+01	-2.331892e+03
1.000000e-08	-7.833991e-09	-1.818468e-08	-4.213203e+01	-2.331843e+03
2.000000e-08	-7.833394e-09	-1.818344e-08	-4.212881e+01	-2.331730e+03
3.000000e-08	-7.832155e-09	-1.818112e-08	-4.212215e+01	-2.331557e+03
4.000000e-08	-7.830374e-09	-1.817813e-08	-4.211257e+01	-2.331329e+03
5.000000e-08	-7.828122e-09	-1.817570e-08	-4.210046e+01	-2.331047e+03
6.000000e-08	-7.825365e-09	-1.817343e-08	-4.208563e+01	-2.330712e+03
7.000000e-08	-7.822126e-09	-1.817053e-08	-4.206821e+01	-2.330324e+03
8.000000e-08	-7.818342e-09	-1.816921e-08	-4.204786e+01	-2.329882e+03
9.000000e-08	-7.813808e-09	-1.816850e-08	-4.202348e+01	-2.329385e+03
1.000000e-07	-7.808285e-09	-1.815539e-08	-4.199377e+01	-2.328831e+03
1.100000e-07	-7.801587e-09	-1.813501e-08	-4.195775e+01	-2.328219e+03
1.200000e-07	-7.794062e-09	-1.814149e-08	-4.191728e+01	-2.327550e+03
1.300000e-07	-7.786441e-09	-1.816687e-08	-4.187629e+01	-2.326825e+03
1.400000e-07	-7.778836e-09	-1.814192e-08	-4.183540e+01	-2.326046e+03
1.500000e-07	-7.770651e-09	-1.809144e-08	-4.179138e+01	-2.325218e+03
1.600000e-07	-7.761630e-09	-1.810962e-08	-4.174286e+01	-2.324345e+03
1.700000e-07	-7.752244e-09	-1.816155e-08	-4.169238e+01	-2.323433e+03
1.800000e-07	-7.742661e-09	-1.811449e-08	-4.164084e+01	-2.322488e+03
1.900000e-07	-7.732282e-09	-1.803185e-08	-4.158502e+01	-2.321514e+03
2.000000e-07	-7.721081e-09	-1.807786e-08	-4.152478e+01	-2.320516e+03
2.100000e-07	-7.709572e-09	-1.813931e-08	-4.146289e+01	-2.319497e+03
2.200000e-07	-7.697733e-09	-1.806092e-08	-4.139922e+01	-2.318457e+03
2.300000e-07	-7.685130e-09	-1.799552e-08	-4.133144e+01	-2.317398e+03
2.400000e-07	-7.671918e-09	-1.806518e-08	-4.126038e+01	-2.316314e+03
2.500000e-07	-7.658312e-09	-1.807989e-08	-4.118721e+01	-2.315203e+03
2.600000e-07	-7.644025e-09	-1.798409e-08	-4.111037e+01	-2.314059e+03
2.700000e-07	-7.628949e-09	-1.797941e-08	-4.102929e+01	-2.312875e+03
2.800000e-07	-7.613432e-09	-1.804089e-08	-4.094584e+01	-2.311643e+03
2.900000e-07	-7.597504e-09	-1.798612e-08	-4.086017e+01	-2.310358e+03
3.000000e-07	-7.580827e-09	-1.792633e-08	-4.077049e+01	-2.309012e+03
3.100000e-07	-7.563545e-09	-1.798200e-08	-4.067754e+01	-2.307599e+03
3.200000e-07	-7.545878e-09	-1.797529e-08	-4.058252e+01	-2.306115e+03
3.300000e-07	-7.527626e-09	-1.787656e-08	-4.048436e+01	-2.304555e+03
3.400000e-07	-7.508740e-09	-1.789352e-08	-4.038279e+01	-2.302917e+03
3.500000e-07	-7.489457e-09	-1.794866e-08	-4.027909e+01	-2.301199e+03
3.600000e-07	-7.469603e-09	-1.786861e-08	-4.017231e+01	-2.299398e+03
3.700000e-07	-7.448956e-09	-1.781347e-08	-4.006127e+01	-2.297513e+03
3.800000e-07	-7.427683e-09	-1.787301e-08	-3.994686e+01	-2.295541e+03
3.900000e-07	-7.405917e-09	-1.785118e-08	-3.982980e+01	-2.293481e+03
4.000000e-07	-7.383549e-09	-1.776454e-08	-3.970950e+01	-2.291328e+03
4.100000e-07	-7.360598e-09	-1.778064e-08	-3.958607e+01	-2.289081e+03
4.200000e-07	-7.337058e-09	-1.779411e-08	-3.945947e+01	-2.286734e+03
4.300000e-07	-7.312904e-09	-1.772261e-08	-3.932957e+01	-2.284283e+03
4.400000e-07	-7.288239e-09	-1.770641e-08	-3.919692e+01	-2.281725e+03
4.500000e-07	-7.263188e-09	-1.772889e-08	-3.906219e+01	-2.279058e+03
4.600000e-07	-7.237684e-09	-1.767435e-08	-3.892502e+01	-2.276279e+03
4.700000e-07	-7.211621e-09	-1.763046e-08	-3.878486e+01	-2.273388e+03
4.800000e-07	-7.184973e-09	-1.764308e-08	-3.864154e+01	-2.270388e+03
4.900000e-07	-7.157750e-09	-1.761256e-08	-3.849513e+01	-2.267281e+03
5.000000e-07	-7.130014e-09	-1.756221e-08	-3.834597e+01	-2.264073e+03
5.100000e-07	-7.101863e-09	-1.755951e-08	-3.819457e+01	-2.260771e+03
5.200000e-07	-7.073257e-09	-1.754178e-08	-3.804072e+01	-2.257383e+03
5.300000e-07	-7.044068e-09	-1.749535e-08	-3.788374e+01	-2.253915e+03
5.400000e-07	-7.014215e-09	-1.747428e-08	-3.772319e+01	-2.250377e+03
5.500000e-07	-6.983708e-09	-1.745569e-08	-3.755912e+01	-2.246773e+03
5.600000e-07	-6.952604e-09	-1.741553e-08	-3.739184e+01	-2.243109e+03
5.700000e-07	-6.920932e-09	-1.738510e-08	-3.722150e+01	-2.239387e+03
5.800000e-07	-6.888711e-09	-1.736160e-08	-3.704822e+01	-2.235607e+03
5.900000e-07	-6.855979e-09	-1.733104e-08	-3.687218e+01	-2.231767e+03
6.000000e-07	-6.822835e-09	-1.730224e-08	-3.669393e+01	-2.227861e+03
6.100000e-07	-6.789295e-09	-1.727087e-08	-3.651354e+01	-2.223883e+03
6.200000e-07	-6.755334e-09	-1.723384e-08	-3.633090e+01	-2.219826e+03
6.300000e-07	-6.720936e-09	-1.720058e-08	-3.614590e+01	-2.215683e+03
6.400000e-07	-6.686087e-09	-1.716753e-08	-3.595848e+01	-2.211445e+03
6.500000e-07	-6.650771e-09	-1.713296e-08	-3.576855e+01	-2.207107e+03
6.600000e-07	-6.614968e-09	-1.710061e-08	-3.557600e+01	-2.202664e+03
6.700000e-07	-6.578610e-09	-1.706448e-08	-3.538046e+01	-2.198114e+03
6.800000e-07	-6.541709e-09	-1.702751e-08	-3.518200e+01	-2.193459e+03
6.900000e-07	-6.504336e-09	-1.699402e-08	-3.498101e+01	-2.188700e+03
7.000000e-07	-6.466517e-09	-1.695530e-08	-3.477761e+01	-2.183842e+03
7.100000e-07	-6.428238e-09	-1.691133e-08	-3.457174e+01	-2.178891e+03
7.200000e-07	-6.389514e-09	-1.687178e-08	-3.436348e+01	-2.173852e+03
7.300000e-07	-6.350333e-09	-1.683378e-08	-3.415276e+01	-2.168731e+03
7.400000e-07	-6.310664e-09	-1.679455e-08	-3.393942e+01	-2.163534e+03
7.500000e-07	-6.270537e-09	-1.675486e-08	-3.372361e+01	-2.158261e+03
7.600000e-07	-6.229991e-09	-1.671211e-08	-3.350555e+01	-2.152914e+03
7.700000e-07	-6.189009e-09	-1.666798e-08	-3.328515e+01	-2.147490e+03
7.800000e-07	-6.147587e-09	-1.662602e-08	-3.306237e+01	-2.141984e+03
7.900000e-07	-6.105701e-09	-1.658183e-08	-3.283711e+01	-2.136389e+03
8.000000e-07	-6.063319e-09	-1.653619e-08	-3.260917e+01	-2.130697e+03
8.100000e-07	-6.020440e-09	-1.649156e-08	-3.237856e+01	-2.124897e+03
8.200000e-07	-5.977089e-09	-1.644505e-08	-3.214542e+01	-2.118982e+03
8.300000e-07	-5.933311e-09	-1.639763e-08	-3.190998e+01	-2.112942e+03
8.400000e-07	-5.889128e-09	-1.635171e-08	-3.167235e+01	-2.106773e+03
8.500000e-07	-5.844558e-09	-1.630162e-08	-3.143265e+01	-2.100469e+03
8.600000e-07	-5.799603e-09	-1.624705e-08	-3.119088e+01	-2.094031e+03
8.700000e-07	-5.754219e-09	-1.619496e-08	-3.094680e+01	-2.087459e+03
8.800000e-07	-5.708359e-09	-1.614500e-08	-3.070016e+01	-2.080758e+03
8.900000e-07	-5.662025e-09	-1.609271e-08	-3.045097e+01	-2.073933e+03
9.000000e-07	-5.615234e-09	-1.603902e-08	-3.019933e+01	-2.066989e+03
9.100000e-07	-5.568016e-09	-1.598522e-08	-2.994538e+01	-2.059934e+03
9.200000e-07	-5.520397e-09	-1.592999e-08	-2.968928e+01	-2.052770e+03
9.300000e-07	-5.472386e-09	-1.587367e-08	-2.943108e+01	-2.045501e+03
9.400000e-07	-5.423952e-09	-1.581677e-08	-2.917059e+01	-2.038125e+03
9.500000e-07	-5.375076e-09	-1.575763e-08	-2.890773e+01	-2.030639e+03
9.600000e-07	-5.325772e-09	-1.569604e-08	-2.864257e+01	-2.023036e+03
9.700000e-07	-5.276067e-09	-1.563495e-08	-2.837525e+01	-2.015305e+03
9.800000e-07	-5.225993e-09	-1.557433e-08	-2.810595e+01	-2.007435e+03
9.900000e-07	-5.175580e-09	-1.551157e-08	-2.783482e+01	-1.999412e+03
1.000000e-06	-5.124840e-09	-1.544603e-08	-2.756194e+01	-1.991223e+03
1.010000e-06	-5.073784e-09	-1.537969e-08	-2.728735e+01	-1.982857e+03
1.020000e-06	-5.022391e-09	-1.531251e-08	-2.701096e+01	-1.974303e+03
1.030000e-06	-4.970617e-09	-1.524415e-08	-2.673251e+01	-1.965558e+03
1.040000e-06	-4.918446e-09	-1.517488e-08	-2.645193e+01	-1.956618e+03
1.050000e-06	-4.865886e-09	-1.510473e-08	-2.616926e+01	-1.947485e+03
1.060000e-06	-4.812944e-09	-1.503300e-08	-2.588453e+01	-1.938167e+03
1.070000e-06	-4.759637e-09	-1.495923e-08	-2.559783e+01	-1.928672e+03
1.080000e-06	-4.705998e-09	-1.488330e-08	-2.530936e+01	-1.919011e+03
1.090000e-06	-4.652035e-09	-1.480659e-08	-2.501914e+01	-1.909196e+03
1.100000e-06	-4.597732e-09	-1.473042e-08	-2.472710e+01	-1.899238e+03
1.110000e-06	-4.543087e-09	-1.465359e-08	-2.443321e+01	-1.889145e+03
1.120000e-06	-4.488088e-09	-1.457447e-08	-2.413742e+01	-1.878922e+03
1.130000e-06	-4.432730e-09	-1.449377e-08	-2.383970e+01	-1.868568e+03
1.140000e-06	-4.377019e-09	-1.441239e-08	-2.354008e+01	-1.858080e+03
1.150000e-06	-4.320966e-09	-1.432977e-08	-2.323862e+01	-1.847446e+03
1.160000e-06	-4.264586e-09	-1.424509e-08	-2.293540e+01	-1.836653e+03
1.170000e-06	-4.207866e-09	-1.415870e-08	-2.263036e+01	-1.825684e+03
1.180000e-06	-4.150786e-09	-1.407090e-08	-2.232337e+01	-1.814519e+03
1.190000e-06	-4.093329e-09	-1.398205e-08	-2.201436e+01	-1.803137e+03
1.200000e-06	-4.035501e-09	-1.389190e-08	-2.170336e+01	-1.791521e+03
1.210000e-06	-3.977333e-09	-1.379956e-08	-2.139053e+01	-1.779654e+03
1.220000e-06	-3.918875e-09	-1.370504e-08	-2.107613e+01	-1.767524e+03
1.230000e-06	-3.860173e-09	-1.360877e-08	-2.076043e+01	-1.755126e+03
1.240000e-06	-3.801236e-09	-1.351065e-08	-2.044346e+01	-1.742456e+03
1.250000e-06	-3.742076e-09	-1.341034e-08	-2.012529e+01	-1.729518e+03
1.260000e-06	-3.682693e-09	-1.330836e-08	-1.980592e+01	-1.716317e+03
1.270000e-06	-3.623088e-09	-1.320431e-08	-1.948536e+01	-1.702863e+03
1.280000e-06	-3.563265e-09	-1.309789e-08	-1.916362e+01	-1.689164e+03
1.290000e-06	-3.503223e-09	-1.298985e-08	-1.884071e+01	-1.675228e+03
1.300000e-06	-3.442953e-09	-1.288010e-08	-1.851657e+01	-1.661060e+03
1.310000e-06	-3.382432e-09	-1.276790e-08	-1.819108e+01	-1.646659e+03
1.320000e-06	-3.321638e-09	-1.265385e-08	-1.786413e+01	-1.632022e+03
1.330000e-06	-3.260560e-09	-1.253863e-08	-1.753564e+01	-1.617135e+03
1.340000e-06	-3.199190e-09	-1.242180e-08	-1.720559e+01	-1.601983e+03
1.350000e-06	-3.137532e-09	-1.230166e-08	-1.687399e+01	-1.586542e+03
1.360000e-06	-3.075607e-09	-1.217773e-08	-1.654095e+01	-1.570788e+03
1.370000e-06	-3.013438e-09	-1.205056e-08	-1.620660e+01	-1.554691e+03
1.380000e-06	-2.951044e-09	-1.192036e-08	-1.587104e+01	-1.538226e+03
1.390000e-06	-2.888437e-09	-1.178683e-08	-1.553433e+01	-1.521367e+03
1.400000e-06	-2.825642e-09	-1.165062e-08	-1.519661e+01	-1.504092e+03
1.410000e-06	-2.762689e-09	-1.151241e-08	-1.485804e+01	-1.486386e+03
1.420000e-06	-2.699582e-09	-1.137196e-08	-1.451865e+01	-1.468240e+03
1.430000e-06	-2.636297e-09	-1.122924e-08	-1.417829e+01	-1.449648e+03
1.440000e-06	-2.572836e-09	-1.108384e-08	-1.383700e+01	-1.430613e+03
1.450000e-06	-2.509205e-09	-1.093432e-08	-1.349478e+01	-1.411137e+03
1.460000e-06	-2.445387e-09	-1.077981e-08	-1.315156e+01	-1.391228e+03
1.470000e-06	-2.381375e-09	-1.062106e-08	-1.280730e+01	-1.370890e+03
1.480000e-06	-2.317171e-09	-1.045925e-08	-1.246200e+01	-1.350124e+03
1.490000e-06	-2.252776e-09	-1.029479e-08	-1.211568e+01	-1.328924e+03
1.500000e-06	-2.188199e-09	-1.012662e-08	-1.176838e+01	-1.307278e+03
1.510000e-06	-2.123456e-09	-9.954232e-09	-1.142018e+01	-1.285164e+03
1.520000e-06	-2.058569e-09	-9.777956e-09	-1.107122e+01	-1.262551e+03
1.530000e-06	-1.993551e-09	-9.597191e-09	-1.072154e+01	-1.239399e+03
1.540000e-06	-1.928407e-09	-9.410972e-09	-1.037119e+01	-1.215661e+03
1.550000e-06	-1.863134e-09	-9.218508e-09	-1.002015e+01	-1.191285e+03
1.560000e-06	-1.797727e-09	-9.019798e-09	-9.668380e+00	-1.166216e+03
1.570000e-06	-1.732191e-09	-8.816459e-09	-9.315919e+00	-1.140403e+03
1.580000e-06	-1.666522e-09	-8.609489e-09	-8.962743e+00	-1.113795e+03
1.590000e-06	-1.600715e-09	-8.396996e-09	-8.608826e+00	-1.086349e+03
1.600000e-06	-1.534770e-09	-8.176289e-09	-8.254167e+00	-1.058030e+03
1.610000e-06	-1.468702e-09	-7.947667e-09	-7.898850e+00	-1.028811e+03
1.620000e-06	-1.402534e-09	-7.713159e-09	-7.542989e+00	-9.986719e+02
1.630000e-06	-1.336268e-09	-7.473408e-09	-7.186602e+00	-9.675985e+02
1.640000e-06	-1.269907e-09	-7.226433e-09	-6.829706e+00	-9.355792e+02
1.650000e-06	-1.203468e-09	-6.969914e-09	-6.472393e+00	-9.026009e+02
1.660000e-06	-1.136978e-09	-6.704684e-09	-6.114800e+00	-8.686450e+02
1.670000e-06	-1.070448e-09	-6.432463e-09	-5.756997e+00	-8.336824e+02
1.680000e-06	-1.003857e-09	-6.152405e-09	-5.398863e+00	-7.976704e+02
1.690000e-06	-9.371823e-10	-5.861949e-09	-5.040279e+00	-7.605497e+02
1.700000e-06	-8.704354e-10	-5.560265e-09	-4.681307e+00	-7.222430e+02
1.710000e-06	-8.036414e-10	-5.248146e-09	-4.322082e+00	-6.826557e+02
1.720000e-06	-7.367966e-10	-4.925567e-09	-3.962584e+00	-6.416791e+02
1.730000e-06	-6.698721e-10	-4.592281e-09	-3.602656e+00	-5.991947e+02
1.740000e-06	-6.028840e-10	-4.246770e-09	-3.242387e+00	-5.550815e+02
1.750000e-06	-5.358506e-10	-3.887534e-09	-2.881875e+00	-5.092246e+02
1.760000e-06	-4.687599e-10	-3.514479e-09	-2.521054e+00	-4.615249e+02
1.770000e-06	-4.016274e-10	-3.127546e-09	-2.160009e+00	-4.119090e+02
1.780000e-06	-3.344663e-10	-2.727045e-09	-1.798809e+00	-3.603396e+02
1.790000e-06	-2.672995e-10	-2.312477e-09	-1.437579e+00	-3.068244e+02
1.800000e-06	-2.001432e-10	-1.883358e-09	-1.076406e+00	-2.514228e+02
1.810000e-06	-1.329764e-10	-1.439982e-09	-7.151758e-01	-1.942509e+02
1.820000e-06	-6.580851e-11	-9.839433e-10	-3.539397e-01	-1.354830e+02
1.830000e-06	1.339446e-12	-5.170136e-10	7.189006e-03	-7.535034e+01
1.840000e-06	6.847206e-11	-4.003213e-11	3.682352e-01	-1.413600e+01
1.850000e-06	1.356096e-10	4.449405e-10	7.293079e-01	4.783289e+01
1.860000e-06	2.027629e-10	9.339670e-10	1.090465e+00	1.101959e+02
1.870000e-06	2.699171e-10	1.422785e-09	1.451628e+00	1.725721e+02
1.880000e-06	3.370643e-10	1.907412e-09	1.812752e+00	2.345740e+02
1.890000e-06	4.041964e-10	2.384762e-09	2.173796e+00	2.958225e+02
1.900000e-06	4.713047e-10	2.852597e-09	2.534711e+00	3.559606e+02
1.910000e-06	5.383804e-10	3.307234e-09	2.895451e+00	4.146662e+02
1.920000e-06	6.054080e-10	3.745497e-09	3.255932e+00	4.716630e+02
1.930000e-06	6.723748e-10	4.166921e-09	3.616087e+00	5.267285e+02
1.940000e-06	7.392662e-10	4.572116e-09	3.975836e+00	5.796986e+02
1.950000e-06	8.060770e-10	4.961019e-09	4.335151e+00	6.304692e+02
1.960000e-06	8.728124e-10	5.332920e-09	4.694062e+00	6.789950e+02
1.970000e-06	9.394717e-10	5.687090e-09	5.052562e+00	7.252844e+02
1.980000e-06	1.006055e-09	6.024868e-09	5.410654e+00	7.693927e+02
1.990000e-06	1.072575e-09	6.348783e-09	5.768407e+00	8.114135e+02
2.000000e-06	1.139045e-09	6.659324e-09	6.125886e+00	8.514682e+02
2.010000e-06	1.205453e-09	6.956482e-09	6.483039e+00	8.896965e+02
2.020000e-06	1.271790e-09	7.240378e-09	6.839803e+00	9.262459e+02
2.030000e-06	1.338050e-09	7.512325e-09	7.196156e+00	9.612633e+02
2.040000e-06	1.404228e-09	7.773987e-09	7.552073e+00	9.948873e+02
2.050000e-06	1.470314e-09	8.025264e-09	7.907491e+00	1.027243e+03
2.060000e-06	1.536300e-09	8.266542e-09	8.262370e+00	1.058438e+03
2.070000e-06	1.602169e-09	8.499398e-09	8.616620e+00	1.088564e+03
2.080000e-06	1.667893e-09	8.724183e-09	8.970089e+00	1.117690e+03
2.090000e-06	1.733477e-09	8.940397e-09	9.322808e+00	1.145873e+03
2.100000e-06	1.798926e-09	9.149931e-09	9.674799e+00	1.173155e+03
2.110000e-06	1.864226e-09	9.354202e-09	1.002599e+01	1.199569e+03
2.120000e-06	1.929378e-09	9.551628e-09	1.037638e+01	1.225144e+03
2.130000e-06	1.994396e-09	9.741084e-09	1.072606e+01	1.249903e+03
2.140000e-06	2.059276e-09	9.923532e-09	1.107499e+01	1.273874e+03
2.150000e-06	2.124004e-09	1.010049e-08	1.142310e+01	1.297087e+03
2.160000e-06	2.188573e-09	1.027328e-08	1.177036e+01	1.319574e+03
2.170000e-06	2.252985e-09	1.044239e-08	1.211677e+01	1.341373e+03
2.180000e-06	2.317232e-09	1.060736e-08	1.246230e+01	1.362528e+03
2.190000e-06	2.381301e-09	1.076736e-08	1.280687e+01	1.383081e+03
2.200000e-06	2.445195e-09	1.092212e-08	1.315050e+01	1.403078e+03
2.210000e-06	2.508903e-09	1.107233e-08	1.349313e+01	1.422562e+03
2.220000e-06	2.572407e-09	1.121866e-08	1.383466e+01	1.441571e+03
2.230000e-06	2.635714e-09	1.136138e-08	1.417513e+01	1.460141e+03
2.240000e-06	2.698847e-09	1.150120e-08	1.451467e+01	1.478301e+03
2.250000e-06	2.761812e-09	1.163921e-08	1.485330e+01	1.496071e+03
2.260000e-06	2.824610e-09	1.177516e-08	1.519104e+01	1.513466e+03
2.270000e-06	2.887233e-09	1.190767e-08	1.552783e+01	1.530497e+03
2.280000e-06	2.949652e-09	1.203625e-08	1.586352e+01	1.547168e+03
2.290000e-06	3.011853e-09	1.216111e-08	1.619805e+01	1.563481e+03
2.300000e-06	3.073824e-09	1.228217e-08	1.653134e+01	1.579436e+03
2.310000e-06	3.135547e-09	1.240015e-08	1.686329e+01	1.595035e+03
2.320000e-06	3.197001e-09	1.251596e-08	1.719379e+01	1.610280e+03
2.330000e-06	3.258180e-09	1.262893e-08	1.752282e+01	1.625177e+03
2.340000e-06	3.319085e-09	1.273938e-08	1.785038e+01	1.639735e+03
2.350000e-06	3.379715e-09	1.284887e-08	1.817645e+01	1.653965e+03
2.360000e-06	3.440069e-09	1.295687e-08	1.850104e+01	1.667883e+03
2.370000e-06	3.500153e-09	1.306248e-08	1.882418e+01	1.681506e+03
2.380000e-06	3.559999e-09	1.316631e-08	1.914604e+01	1.694852e+03
2.390000e-06	3.619624e-09	1.326842e-08	1.946670e+01	1.707938e+03
2.400000e-06	3.679023e-09	1.336868e-08	1.978616e+01	1.720783e+03
2.410000e-06	3.738194e-09	1.346753e-08	2.010439e+01	1.733399e+03
2.420000e-06	3.797132e-09	1.356461e-08	2.042136e+01	1.745799e+03
2.430000e-06	3.855825e-09	1.365949e-08	2.073702e+01	1.757992e+03
2.440000e-06	3.914255e-09	1.375205e-08	2.105126e+01	1.769983e+03
2.450000e-06	3.972394e-09	1.384230e-08	2.136394e+01	1.781776e+03
2.460000e-06	4.030224e-09	1.393055e-08	2.167495e+01	1.793371e+03
2.470000e-06	4.087729e-09	1.401682e-08	2.198422e+01	1.804769e+03
2.480000e-06	4.144897e-09	1.410124e-08	2.229168e+01	1.815968e+03
2.490000e-06	4.201730e-09	1.418468e-08	2.259733e+01	1.826971e+03
2.500000e-06	4.258243e-09	1.426736e-08	2.290127e+01	1.837778e+03
2.510000e-06	4.314432e-09	1.434890e-08	2.320346e+01	1.848395e+03
2.520000e-06	4.370274e-09	1.442936e-08	2.350378e+01	1.858825e+03
2.530000e-06	4.425747e-09	1.450843e-08	2.380212e+01	1.869077e+03
2.540000e-06	4.480854e-09	1.458547e-08	2.409849e+01	1.879159e+03
2.550000e-06	4.535611e-09	1.466085e-08	2.439298e+01	1.889079e+03
2.560000e-06	4.590034e-09	1.473570e-08	2.468567e+01	1.898846e+03
2.570000e-06	4.644136e-09	1.481024e-08	2.497664e+01	1.908465e+03
2.580000e-06	4.697909e-09	1.488414e-08	2.526583e+01	1.917942e+03
2.590000e-06	4.751356e-09	1.495730e-08	2.555328e+01	1.927278e+03
2.600000e-06	4.804482e-09	1.502927e-08	2.583899e+01	1.936471e+03
2.610000e-06	4.857266e-09	1.509940e-08	2.612287e+01	1.945518e+03
2.620000e-06	4.909670e-09	1.516768e-08	2.640471e+01	1.954410e+03
2.630000e-06	4.961673e-09	1.523472e-08	2.668439e+01	1.963141e+03
2.640000e-06	5.013275e-09	1.530030e-08	2.696191e+01	1.971699e+03
2.650000e-06	5.064500e-09	1.536430e-08	2.723740e+01	1.980077e+03
2.660000e-06	5.115383e-09	1.542739e-08	2.751105e+01	1.988267e+03
2.670000e-06	5.165930e-09	1.548935e-08	2.778290e+01	1.996264e+03
2.680000e-06	5.216148e-09	1.554980e-08	2.805298e+01	2.004067e+03
2.690000e-06	5.266053e-09	1.560867e-08	2.832137e+01	2.011678e+03
2.700000e-06	5.315620e-09	1.566596e-08	2.858795e+01	2.019103e+03
2.710000e-06	5.364789e-09	1.572222e-08	2.885239e+01	2.026354e+03
2.720000e-06	5.413530e-09	1.577814e-08	2.911452e+01	2.033442e+03
2.730000e-06	5.461835e-09	1.583300e-08	2.937431e+01	2.040385e+03
2.740000e-06	5.509723e-09	1.588594e-08	2.963186e+01	2.047198e+03
2.750000e-06	5.557212e-09	1.593793e-08	2.988726e+01	2.053898e+03
2.760000e-06	5.604307e-09	1.598986e-08	3.014054e+01	2.060501e+03
2.770000e-06	5.650980e-09	1.604087e-08	3.039155e+01	2.067019e+03
2.780000e-06	5.697178e-09	1.609036e-08	3.064001e+01	2.073462e+03
2.790000e-06	5.742876e-09	1.613904e-08	3.088577e+01	2.079836e+03
2.800000e-06	5.788094e-09	1.618738e-08	3.112896e+01	2.086144e+03
2.810000e-06	5.832886e-09	1.623524e-08	3.136986e+01	2.092385e+03
2.820000e-06	5.877290e-09	1.628259e-08	3.160867e+01	2.098556e+03
2.830000e-06	5.921314e-09	1.632926e-08	3.184544e+01	2.104650e+03
2.840000e-06	5.964967e-09	1.637514e-08	3.208020e+01	2.110662e+03
2.850000e-06	6.008248e-09	1.642022e-08	3.231298e+01	2.116584e+03
2.860000e-06	6.051097e-09	1.646411e-08	3.254342e+01	2.122411e+03
2.870000e-06	6.093441e-09	1.650690e-08	3.277115e+01	2.128138e+03
2.880000e-06	6.135279e-09	1.654942e-08	3.299616e+01	2.133763e+03
2.890000e-06	6.176645e-09	1.659192e-08	3.321863e+01	2.139286e+03
2.900000e-06	6.217566e-09	1.663370e-08	3.343871e+01	2.144709e+03
2.910000e-06	6.258058e-09	1.667486e-08	3.365648e+01	2.150035e+03
2.920000e-06	6.298126e-09	1.671596e-08	3.387197e+01	2.155269e+03
2.930000e-06	6.337725e-09	1.675672e-08	3.408494e+01	2.160416e+03
2.940000e-06	6.376799e-09	1.679671e-08	3.429508e+01	2.165480e+03
2.950000e-06	6.415369e-09	1.683556e-08	3.450252e+01	2.170463e+03
2.960000e-06	6.453484e-09	1.687306e-08	3.470750e+01	2.175366e+03
2.970000e-06	6.491162e-09	1.690978e-08	3.491014e+01	2.180189e+03
2.980000e-06	6.528419e-09	1.694660e-08	3.511051e+01	2.184927e+03
2.990000e-06	6.565266e-09	1.698295e-08	3.530868e+01	2.189574e+03
3.000000e-06	6.601640e-09	1.701783e-08	3.550430e+01	2.194125e+03
3.010000e-06	6.637462e-09	1.705137e-08	3.569696e+01	2.198572e+03
3.020000e-06	6.672753e-09	1.708403e-08	3.588676e+01	2.202906e+03
3.030000e-06	6.707567e-09	1.711629e-08	3.607399e+01	2.207123e+03
3.040000e-06	6.741922e-09	1.714835e-08	3.625875e+01	2.211216e+03
3.050000e-06	6.775840e-09	1.717961e-08	3.644117e+01	2.215185e+03
3.060000e-06	6.809350e-09	1.720951e-08	3.662139e+01	2.219030e+03
3.070000e-06	6.842415e-09	1.723833e-08	3.679922e+01	2.222755e+03
3.080000e-06	6.874980e-09	1.726635e-08	3.697436e+01	2.226367e+03
3.090000e-06	6.907035e-09	1.729373e-08	3.714675e+01	2.229877e+03
3.100000e-06	6.938571e-09	1.732068e-08	3.731636e+01	2.233294e+03
3.110000e-06	6.969607e-09	1.734679e-08	3.748327e+01	2.236630e+03
3.120000e-06	7.000151e-09	1.737205e-08	3.764754e+01	2.239898e+03
3.130000e-06	7.030136e-09	1.739711e-08	3.780880e+01	2.243106e+03
3.140000e-06	7.059501e-09	1.742158e-08	3.796673e+01	2.246264e+03
3.150000e-06	7.088299e-09	1.744471e-08	3.812161e+01	2.249378e+03
3.160000e-06	7.116581e-09	1.746699e-08	3.827371e+01	2.252450e+03
3.170000e-06	7.144357e-09	1.748880e-08	3.842309e+01	2.255480e+03
3.180000e-06	7.171666e-09	1.751013e-08	3.856996e+01	2.258465e+03
3.190000e-06	7.198465e-09	1.753134e-08	3.871409e+01	2.261401e+03
3.200000e-06	7.224672e-09	1.755259e-08	3.885504e+01	2.264283e+03
3.210000e-06	7.250334e-09	1.757353e-08	3.899305e+01	2.267102e+03
3.220000e-06	7.275522e-09	1.759389e-08	3.912851e+01	2.269854e+03
3.230000e-06	7.300244e-09	1.761341e-08	3.926147e+01	2.272534e+03
3.240000e-06	7.324515e-09	1.763177e-08	3.939200e+01	2.275138e+03
3.250000e-06	7.348326e-09	1.764966e-08	3.952006e+01	2.277667e+03
3.260000e-06	7.371548e-09	1.766778e-08	3.964495e+01	2.280123e+03
3.270000e-06	7.394146e-09	1.768582e-08	3.976648e+01	2.282509e+03
3.280000e-06	7.416208e-09	1.770345e-08	3.988514e+01	2.284832e+03
3.290000e-06	7.437753e-09	1.772062e-08	4.000101e+01	2.287098e+03
3.300000e-06	7.458738e-09	1.773724e-08	4.011387e+01	2.289315e+03
3.310000e-06	7.479064e-09	1.775364e-08	4.022318e+01	2.291490e+03
3.320000e-06	7.498712e-09	1.776965e-08	4.032885e+01	2.293630e+03
3.330000e-06	7.517800e-09	1.778497e-08	4.043151e+01	2.295737e+03
3.340000e-06	7.536387e-09	1.780034e-08	4.053147e+01	2.297813e+03
3.350000e-06	7.554476e-09	1.781578e-08	4.062876e+01	2.299858e+03
3.360000e-06	7.572100e-09	1.783065e-08	4.072354e+01	2.301868e+03
3.370000e-06	7.589177e-09	1.784499e-08	4.081538e+01	2.303838e+03
3.380000e-06	7.605627e-09	1.785905e-08	4.090385e+01	2.305761e+03
3.390000e-06	7.621528e-09	1.787289e-08	4.098937e+01	2.307629e+03
3.400000e-06	7.636916e-09	1.788618e-08	4.107213e+01	2.309436e+03
3.410000e-06	7.651781e-09	1.789871e-08	4.115208e+01	2.311174e+03
3.420000e-06	7.666144e-09	1.791071e-08	4.122932e+01	2.312839e+03
3.430000e-06	7.679912e-09	1.792234e-08	4.130337e+01	2.314427e+03
3.440000e-06	7.693049e-09	1.793380e-08	4.137402e+01	2.315937e+03
3.450000e-06	7.705653e-09	1.794521e-08	4.144180e+01	2.317373e+03
3.460000e-06	7.717743e-09	1.795671e-08	4.150682e+01	2.318736e+03
3.470000e-06	7.729327e-09	1.796786e-08	4.156913e+01	2.320032e+03
3.480000e-06	7.740419e-09	1.797791e-08	4.162878e+01	2.321268e+03
3.490000e-06	7.750895e-09	1.798751e-08	4.168512e+01	2.322449e+03
3.500000e-06	7.760723e-09	1.799659e-08	4.173798e+01	2.323582e+03
3.510000e-06	7.770005e-09	1.800454e-08	4.178790e+01	2.324670e+03
3.520000e-06	7.778762e-09	1.801196e-08	4.183499e+01	2.325717e+03
3.530000e-06	7.787019e-09	1.801946e-08	4.187940e+01	2.326723e+03
3.540000e-06	7.794796e-09	1.802690e-08	4.192122e+01	2.327686e+03
3.550000e-06	7.802015e-09	1.803398e-08	4.196005e+01	2.328602e+03
3.560000e-06	7.808635e-09	1.804068e-08	4.199565e+01	2.329466e+03
3.570000e-06	7.814651e-09	1.804662e-08	4.202801e+01	2.330272e+03
3.580000e-06	7.820061e-09	1.805174e-08	4.205711e+01	2.331011e+03
3.590000e-06	7.824885e-09	1.805652e-08	4.208305e+01	2.331677e+03
3.600000e-06	7.829042e-09	1.806074e-08	4.210541e+01	2.332264e+03
3.610000e-06	7.832532e-09	1.806428e-08	4.212418e+01	2.332768e+03
3.620000e-06	7.835483e-09	1.806761e-08	4.214005e+01	2.333184e+03
3.630000e-06	7.837911e-09	1.807103e-08	4.215311e+01	2.333514e+03
3.640000e-06	7.839830e-09	1.807464e-08	4.216343e+01	2.333757e+03
3.650000e-06	7.841251e-09	1.807718e-08	4.217107e+01	2.333917e+03
3.660000e-06	7.842050e-09	1.807751e-08	4.217537e+01	2.333999e+03
3.670000e-06	7.842224e-09	1.807687e-08	4.217630e+01	2.334007e+03
3.680000e-06	7.841869e-09	1.807633e-08	4.217439e+01	2.333946e+03
3.690000e-06	7.840992e-09	1.807559e-08	4.216967e+01	2.333823e+03
3.700000e-06	7.839628e-09	1.807498e-08	4.216234e+01	2.333641e+03
3.710000e-06	7.837760e-09	1.807435e-08	4.215230e+01	2.333403e+03
3.720000e-06	7.835263e-09	1.807256e-08	4.213886e+01	2.333112e+03
3.730000e-06	7.832183e-09	1.806970e-08	4.212230e+01	2.332769e+03
3.740000e-06	7.828646e-09	1.806493e-08	4.210327e+01	2.332372e+03
3.750000e-06	7.824632e-09	1.805689e-08	4.208169e+01	2.331921e+03
3.760000e-06	7.819914e-09	1.806027e-08	4.205632e+01	2.331415e+03
3.770000e-06	7.814039e-09	1.807598e-08	4.202472e+01	2.330851e+03
3.780000e-06	7.806956e-09	1.805599e-08	4.198663e+01	2.330230e+03
3.790000e-06	7.799431e-09	1.800888e-08	4.194616e+01	2.329551e+03
3.800000e-06	7.792133e-09	1.802748e-08	4.190691e+01	2.328817e+03
3.810000e-06	7.784715e-09	1.807456e-08	4.186701e+01	2.328030e+03
3.820000e-06	7.776302e-09	1.804281e-08	4.182177e+01	2.327194e+03
3.830000e-06	7.766918e-09	1.796831e-08	4.177130e+01	2.326314e+03
3.840000e-06	7.757335e-09	1.799337e-08	4.171976e+01	2.325396e+03
3.850000e-06	7.747563e-09	1.807222e-08	4.166721e+01	2.324445e+03
3.860000e-06	7.736849e-09	1.802225e-08	4.160958e+01	2.323467e+03
3.870000e-06	7.725355e-09	1.793216e-08	4.154777e+01	2.322465e+03
3.880000e-06	7.713800e-09	1.798492e-08	4.148563e+01	2.321443e+03
3.890000e-06	7.701893e-09	1.805604e-08	4.142159e+01	2.320400e+03
3.900000e-06	7.688994e-09	1.797134e-08	4.135222e+01	2.319337e+03
3.910000e-06	7.675440e-09	1.790894e-08	4.127932e+01	2.318249e+03
3.920000e-06	7.661695e-09	1.800004e-08	4.120540e+01	2.317133e+03
3.930000e-06	7.647280e-09	1.802464e-08	4.112788e+01	2.315983e+03
3.940000e-06	7.631895e-09	1.790960e-08	4.104513e+01	2.314791e+03
3.950000e-06	7.616033e-09	1.790302e-08	4.095982e+01	2.313551e+03
3.960000e-06	7.599904e-09	1.799204e-08	4.087308e+01	2.312256e+03
3.970000e-06	7.583086e-09	1.793437e-08	4.078263e+01	2.310899e+03
3.980000e-06	7.565661e-09	1.785215e-08	4.068892e+01	2.309475e+03
3.990000e-06	7.547969e-09	1.793248e-08	4.059377e+01	2.307978e+03
4.000000e-06	7.529807e-09	1.796348e-08	4.049609e+01	2.306406e+03
4.010000e-06	7.510920e-09	1.785004e-08	4.039452e+01	2.304755e+03
4.020000e-06	7.491503e-09	1.784765e-08	4.029009e+01	2.303023e+03
4.030000e-06	7.471564e-09	1.793156e-08	4.018286e+01	2.301208e+03
4.040000e-06	7.450981e-09	1.786321e-08	4.007216e+01	2.299308e+03
4.050000e-06	7.429786e-09	1.778972e-08	3.995817e+01	2.297322e+03
4.060000e-06	7.407963e-09	1.787127e-08	3.984080e+01	2.295247e+03
4.070000e-06	7.385458e-09	1.787251e-08	3.971977e+01	2.293079e+03
4.080000e-06	7.362352e-09	1.776324e-08	3.959550e+01	2.290815e+03
4.090000e-06	7.338755e-09	1.778389e-08	3.946860e+01	2.288451e+03
4.100000e-06	7.314704e-09	1.782352e-08	3.933925e+01	2.285982e+03
4.110000e-06	7.290155e-09	1.772941e-08	3.920722e+01	2.283407e+03
4.120000e-06	7.265010e-09	1.769901e-08	3.907199e+01	2.280721e+03
4.130000e-06	7.239263e-09	1.774675e-08	3.893352e+01	2.277923e+03
4.140000e-06	7.213049e-09	1.769391e-08	3.879254e+01	2.275014e+03
4.150000e-06	7.186443e-09	1.763495e-08	3.864945e+01	2.271995e+03
4.160000e-06	7.159301e-09	1.765661e-08	3.850348e+01	2.268871e+03
4.170000e-06	7.131523e-09	1.763070e-08	3.835408e+01	2.265647e+03
4.180000e-06	7.103149e-09	1.757351e-08	3.820149e+01	2.262330e+03
4.190000e-06	7.074248e-09	1.756921e-08	3.804605e+01	2.258928e+03
4.200000e-06	7.044859e-09	1.755017e-08	3.788800e+01	2.255448e+03
4.210000e-06	7.014979e-09	1.750406e-08	3.772730e+01	2.251899e+03
4.220000e-06	6.984437e-09	1.748610e-08	3.756304e+01	2.248285e+03
4.230000e-06	6.953218e-09	1.746639e-08	3.739514e+01	2.244611e+03
4.240000e-06	6.921479e-09	1.742974e-08	3.722444e+01	2.240880e+03
4.250000e-06	6.889295e-09	1.739962e-08	3.705135e+01	2.237090e+03
4.260000e-06	6.856667e-09	1.736605e-08	3.687588e+01	2.233239e+03
4.270000e-06	6.823616e-09	1.733730e-08	3.669813e+01	2.229321e+03
4.280000e-06	6.790105e-09	1.731494e-08	3.651790e+01	2.225331e+03
4.290000e-06	6.756100e-09	1.727638e-08	3.633502e+01	2.221260e+03
4.300000e-06	6.721574e-09	1.724107e-08	3.614934e+01	2.217101e+03
4.310000e-06	6.686489e-09	1.721752e-08	3.596064e+01	2.212847e+03
4.320000e-06	6.650879e-09	1.717711e-08	3.576913e+01	2.208492e+03
4.330000e-06	6.614837e-09	1.713789e-08	3.557529e+01	2.204031e+03
4.340000e-06	6.578365e-09	1.711188e-08	3.537914e+01	2.199464e+03
4.350000e-06	6.541430e-09	1.707139e-08	3.518050e+01	2.194791e+03
4.360000e-06	6.503982e-09	1.702900e-08	3.497910e+01	2.190015e+03
4.370000e-06	6.465973e-09	1.700248e-08	3.477469e+01	2.185141e+03
4.380000e-06	6.427481e-09	1.696686e-08	3.456767e+01	2.180175e+03
4.390000e-06	6.388603e-09	1.692116e-08	3.435858e+01	2.175122e+03
4.400000e-06	6.349340e-09	1.688190e-08	3.414742e+01	2.169989e+03
4.410000e-06	6.309672e-09	1.684283e-08	3.393408e+01	2.164778e+03
4.420000e-06	6.269574e-09	1.680185e-08	3.371843e+01	2.159494e+03
4.430000e-06	6.228984e-09	1.676280e-08	3.350014e+01	2.154134e+03
4.440000e-06	6.187882e-09	1.672059e-08	3.327909e+01	2.148697e+03
4.450000e-06	6.146291e-09	1.667717e-08	3.305540e+01	2.143176e+03
4.460000e-06	6.104228e-09	1.663412e-08	3.282919e+01	2.137566e+03
4.470000e-06	6.061712e-09	1.658799e-08	3.260053e+01	2.131856e+03
4.480000e-06	6.018803e-09	1.654257e-08	3.236976e+01	2.126038e+03
4.490000e-06	5.975515e-09	1.649692e-08	3.213696e+01	2.120102e+03
4.500000e-06	5.931807e-09	1.644697e-08	3.190189e+01	2.114041e+03
4.510000e-06	5.887640e-09	1.639881e-08	3.166435e+01	2.107850e+03
4.520000e-06	5.843014e-09	1.635462e-08	3.142435e+01	2.101524e+03
4.530000e-06	5.797954e-09	1.630566e-08	3.118201e+01	2.095063e+03
4.540000e-06	5.752495e-09	1.625082e-08	3.093753e+01	2.088470e+03
4.550000e-06	5.706621e-09	1.619699e-08	3.069081e+01	2.081747e+03
4.560000e-06	5.660275e-09	1.614538e-08	3.044156e+01	2.074902e+03
4.570000e-06	5.613419e-09	1.609254e-08	3.018957e+01	2.067939e+03
4.580000e-06	5.566070e-09	1.603944e-08	2.993492e+01	2.060866e+03
4.590000e-06	5.518272e-09	1.598657e-08	2.967786e+01	2.053684e+03
4.600000e-06	5.470057e-09	1.593112e-08	2.941855e+01	2.046397e+03
4.610000e-06	5.421442e-09	1.587372e-08	2.915709e+01	2.039004e+03
4.620000e-06	5.372453e-09	1.581696e-08	2.889362e+01	2.031499e+03
4.630000e-06	5.323100e-09	1.575777e-08	2.862820e+01	2.023875e+03
4.640000e-06	5.273374e-09	1.569431e-08	2.836077e+01	2.016122e+03
4.650000e-06	5.223269e-09	1.563066e-08	2.809130e+01	2.008227e+03
4.660000e-06	5.172762e-09	1.556973e-08	2.781966e+01	2.000177e+03
4.670000e-06	5.121849e-09	1.550859e-08	2.754585e+01	1.991960e+03
4.680000e-06	5.070576e-09	1.544421e-08	2.727010e+01	1.983563e+03
4.690000e-06	5.018986e-09	1.537700e-08	2.699264e+01	1.974978e+03
4.700000e-06	4.967070e-09	1.530765e-08	2.671343e+01	1.966200e+03
4.710000e-06	4.914803e-09	1.523670e-08	2.643234e+01	1.957227e+03
4.720000e-06	4.862170e-09	1.516635e-08	2.614927e+01	1.948063e+03
4.730000e-06	4.809168e-09	1.509581e-08	2.586422e+01	1.938715e+03
4.740000e-06	4.755800e-09	1.502316e-08	2.557720e+01	1.929192e+03
4.750000e-06	4.702059e-09	1.494925e-08	2.528817e+01	1.919504e+03
4.760000e-06	4.647933e-09	1.487476e-08	2.499708e+01	1.909665e+03
4.770000e-06	4.593460e-09	1.479820e-08	2.470412e+01	1.899684e+03
4.780000e-06	4.538687e-09	1.471877e-08	2.440955e+01	1.889569e+03
4.790000e-06	4.483635e-09	1.463845e-08	2.411347e+01	1.879324e+03
4.800000e-06	4.428278e-09	1.455773e-08	2.381575e+01	1.868948e+03
4.810000e-06	4.372586e-09	1.447582e-08	2.351624e+01	1.858436e+03
4.820000e-06	4.316563e-09	1.439244e-08	2.321494e+01	1.847777e+03
4.830000e-06	4.260205e-09	1.430776e-08	2.291184e+01	1.836957e+03
4.840000e-06	4.203504e-09	1.422190e-08	2.260689e+01	1.825956e+03
4.850000e-06	4.146450e-09	1.413420e-08	2.230005e+01	1.814756e+03
4.860000e-06	4.089034e-09	1.404393e-08	2.199126e+01	1.803336e+03
4.870000e-06	4.031271e-09	1.395254e-08	2.168061e+01	1.791679e+03
4.880000e-06	3.973222e-09	1.386058e-08	2.136842e+01	1.779769e+03
4.890000e-06	3.914936e-09	1.376664e-08	2.105495e+01	1.767595e+03
4.900000e-06	3.856398e-09	1.367074e-08	2.074013e+01	1.755152e+03
4.910000e-06	3.797595e-09	1.357391e-08	2.042387e+01	1.742437e+03
4.920000e-06	3.738536e-09	1.347440e-08	2.010625e+01	1.729454e+03
4.930000e-06	3.679222e-09	1.337105e-08	1.978725e+01	1.716211e+03
4.940000e-06	3.619652e-09	1.326566e-08	1.946688e+01	1.702715e+03
4.950000e-06	3.559826e-09	1.315858e-08	1.914513e+01	1.688976e+03
4.960000e-06	3.499736e-09	1.304955e-08	1.882196e+01	1.675001e+03
4.970000e-06	3.439374e-09	1.293931e-08	1.849733e+01	1.660794e+03
4.980000e-06	3.378751e-09	1.282821e-08	1.817129e+01	1.646355e+03
4.990000e-06	3.317875e-09	1.271546e-08	1.784389e+01	1.631677e+03
5.000000e-06	3.256743e-09	1.259961e-08	1.751512e+01	1.616748e+03
5.010000e-06	3.195368e-09	1.248030e-08	1.718504e+01	1.601549e+03
5.020000e-06	3.133761e-09	1.235858e-08	1.685371e+01	1.586058e+03
5.030000e-06	3.071937e-09	1.223492e-08	1.652121e+01	1.570248e+03
5.040000e-06	3.009914e-09	1.210881e-08	1.618765e+01	1.554092e+03
5.050000e-06	2.947691e-09	1.198084e-08	1.585300e+01	1.537563e+03
5.060000e-06	2.885265e-09	1.185089e-08	1.551727e+01	1.520635e+03
5.070000e-06	2.822632e-09	1.171666e-08	1.518043e+01	1.503290e+03
5.080000e-06	2.759793e-09	1.157785e-08	1.484247e+01	1.485511e+03
5.090000e-06	2.696742e-09	1.143575e-08	1.450337e+01	1.467291e+03
5.100000e-06	2.633479e-09	1.129025e-08	1.416314e+01	1.448625e+03
5.110000e-06	2.570010e-09	1.114152e-08	1.382179e+01	1.429516e+03
5.120000e-06	2.506327e-09	1.099084e-08	1.347930e+01	1.409968e+03
5.130000e-06	2.442430e-09	1.083845e-08	1.313566e+01	1.389987e+03
5.140000e-06	2.378313e-09	1.068259e-08	1.279083e+01	1.369578e+03
5.150000e-06	2.313987e-09	1.052186e-08	1.244488e+01	1.348739e+03
5.160000e-06	2.249483e-09	1.035602e-08	1.209797e+01	1.327467e+03
5.170000e-06	2.184828e-09	1.018535e-08	1.175025e+01	1.305744e+03
5.180000e-06	2.120042e-09	1.001160e-08	1.140182e+01	1.283550e+03
5.190000e-06	2.055136e-09	9.835186e-09	1.105275e+01	1.260850e+03
5.200000e-06	1.990100e-09	9.654641e-09	1.070298e+01	1.237604e+03
5.210000e-06	1.924929e-09	9.469621e-09	1.035248e+01	1.213763e+03
5.220000e-06	1.859634e-09	9.280248e-09	1.000132e+01	1.189275e+03
5.230000e-06	1.794212e-09	9.085365e-09	9.649473e+00	1.164086e+03
5.240000e-06	1.728670e-09	8.883733e-09	9.296980e+00	1.138143e+03
5.250000e-06	1.663009e-09	8.675434e-09	8.943849e+00	1.111399e+03
5.260000e-06	1.597220e-09	8.461862e-09	8.590028e+00	1.083810e+03
5.270000e-06	1.531295e-09	8.243216e-09	8.235477e+00	1.055342e+03
5.280000e-06	1.465235e-09	8.017737e-09	7.880199e+00	1.025971e+03
5.290000e-06	1.399051e-09	7.784856e-09	7.524254e+00	9.956770e+02
5.300000e-06	1.332756e-09	7.545159e-09	7.167713e+00	9.644467e+02
5.310000e-06	1.266360e-09	7.298269e-09	6.810632e+00	9.322686e+02
5.320000e-06	1.199875e-09	7.043158e-09	6.453066e+00	8.991290e+02
5.330000e-06	1.133330e-09	6.779777e-09	6.095184e+00	8.650076e+02
5.340000e-06	1.066735e-09	6.508457e-09	5.737027e+00	8.298735e+02
5.350000e-06	1.000077e-09	6.228626e-09	5.378534e+00	7.936813e+02
5.360000e-06	9.333541e-10	5.939413e-09	5.019692e+00	7.563688e+02
5.370000e-06	8.665544e-10	5.640821e-09	4.660436e+00	7.178557e+02
5.380000e-06	7.996809e-10	5.331897e-09	4.300783e+00	6.780448e+02
5.390000e-06	7.327422e-10	5.010110e-09	3.940780e+00	6.368252e+02
5.400000e-06	6.657393e-10	4.674952e-09	3.580431e+00	5.940777e+02
5.410000e-06	5.986659e-10	4.328208e-09	3.219704e+00	5.496816e+02
5.420000e-06	5.315210e-10	3.970572e-09	2.858591e+00	5.035239e+02
5.430000e-06	4.643268e-10	3.601229e-09	2.497214e+00	4.555090e+02
5.440000e-06	3.970975e-10	3.217802e-09	2.135647e+00	4.055690e+02
5.450000e-06	3.298383e-10	2.818953e-09	1.773920e+00	3.536735e+02
5.460000e-06	2.625631e-10	2.405736e-09	1.412107e+00	2.998383e+02
5.470000e-06	1.952955e-10	1.978836e-09	1.050334e+00	2.441321e+02
5.480000e-06	1.280363e-10	1.538408e-09	6.886070e-01	1.866805e+02
5.490000e-06	6.077937e-11	1.084418e-09	3.268922e-01	1.276676e+02
5.500000e-06	-6.476353e-12	6.179106e-10	-3.481637e-02	6.733366e+01
5.510000e-06	-7.373737e-11	1.415278e-10	-3.965534e-01	5.969812e+00
5.520000e-06	-1.409935e-10	-3.418479e-10	-7.582640e-01	-5.609051e+01
5.530000e-06	-2.082457e-10	-8.297748e-10	-1.119954e+00	-1.184825e+02
5.540000e-06	-2.755019e-10	-1.319296e-09	-1.481665e+00	-1.808232e+02
5.550000e-06	-3.427476e-10	-1.806101e-09	-1.843319e+00	-2.427255e+02
5.560000e-06	-4.099714e-10	-2.285505e-09	-2.204856e+00	-3.038129e+02
5.570000e-06	-4.771674e-10	-2.754334e-09	-2.566243e+00	-3.637334e+02
5.580000e-06	-5.443175e-10	-3.209958e-09	-2.927384e+00	-4.221720e+02
5.590000e-06	-6.114182e-10	-3.650908e-09	-3.288258e+00	-4.788609e+02
5.600000e-06	-6.784606e-10	-4.077072e-09	-3.648819e+00	-5.335869e+02
5.610000e-06	-7.454133e-10	-4.487046e-09	-4.008898e+00	-5.861960e+02
5.620000e-06	-8.122860e-10	-4.878946e-09	-4.368547e+00	-6.365941e+02
5.630000e-06	-8.790864e-10	-5.253112e-09	-4.727806e+00	-6.847452e+02
5.640000e-06	-9.458009e-10	-5.611489e-09	-5.086603e+00	-7.306661e+02
5.650000e-06	-1.012438e-09	-5.954609e-09	-5.444982e+00	-7.744191e+02
5.660000e-06	-1.079010e-09	-6.281979e-09	-5.803015e+00	-8.161031e+02
5.670000e-06	-1.145519e-09	-6.594015e-09	-6.160709e+00	-8.558434e+02
5.680000e-06	-1.211947e-09	-6.891957e-09	-6.517964e+00	-8.937816e+02
5.690000e-06	-1.278279e-09	-7.177893e-09	-6.874705e+00	-9.300656e+02
5.700000e-06	-1.344528e-09	-7.453960e-09	-7.230998e+00	-9.648414e+02
5.710000e-06	-1.410687e-09	-7.718766e-09	-7.586810e+00	-9.982457e+02
5.720000e-06	-1.476725e-09	-7.971199e-09	-7.941969e+00	-1.030401e+03
5.730000e-06	-1.542636e-09	-8.214026e-09	-8.296442e+00	-1.061412e+03
5.740000e-06	-1.608406e-09	-8.448853e-09	-8.650162e+00	-1.091366e+03
5.750000e-06	-1.674036e-09	-8.675100e-09	-9.003125e+00	-1.120332e+03
5.760000e-06	-1.739543e-09	-8.892819e-09	-9.355429e+00	-1.148362e+03
5.770000e-06	-1.804916e-09	-9.103291e-09	-9.707012e+00	-1.175498e+03
5.780000e-06	-1.870150e-09	-9.308036e-09	-1.005785e+01	-1.201770e+03
5.790000e-06	-1.935260e-09	-9.506735e-09	-1.040802e+01	-1.227207e+03
5.800000e-06	-2.000248e-09	-9.697998e-09	-1.075753e+01	-1.251833e+03
5.810000e-06	-2.065107e-09	-9.882404e-09	-1.110635e+01	-1.275676e+03
5.820000e-06	-2.129827e-09	-1.006158e-08	-1.145442e+01	-1.298765e+03
5.830000e-06	-2.194402e-09	-1.023660e-08	-1.180171e+01	-1.321134e+03
5.840000e-06	-2.258833e-09	-1.040792e-08	-1.214823e+01	-1.342824e+03
5.850000e-06	-2.323104e-09	-1.057488e-08	-1.249388e+01	-1.363875e+03
5.860000e-06	-2.387180e-09	-1.073641e-08	-1.283849e+01	-1.384332e+03
5.870000e-06	-2.451044e-09	-1.089261e-08	-1.318196e+01	-1.404241e+03
5.880000e-06	-2.514690e-09	-1.104522e-08	-1.352425e+01	-1.423643e+03
5.890000e-06	-2.578118e-09	-1.119537e-08	-1.386538e+01	-1.442577e+03
5.900000e-06	-2.641328e-09	-1.134210e-08	-1.420532e+01	-1.461077e+03
5.910000e-06	-2.704316e-09	-1.148455e-08	-1.454408e+01	-1.479170e+03
5.920000e-06	-2.767092e-09	-1.162341e-08	-1.488169e+01	-1.496876e+03
5.930000e-06	-2.829655e-09	-1.175948e-08	-1.521816e+01	-1.514211e+03
5.940000e-06	-2.892015e-09	-1.189246e-08	-1.555354e+01	-1.531181e+03
5.950000e-06	-2.954179e-09	-1.202180e-08	-1.588787e+01	-1.547792e+03
5.960000e-06	-3.016135e-09	-1.214713e-08	-1.622107e+01	-1.564045e+03
5.970000e-06	-3.077874e-09	-1.226862e-08	-1.655312e+01	-1.579941e+03
5.980000e-06	-3.139388e-09	-1.238776e-08	-1.688395e+01	-1.595481e+03
5.990000e-06	-3.200686e-09	-1.250535e-08	-1.721361e+01	-1.610668e+03
6.000000e-06	-3.261768e-09	-1.262127e-08	-1.754212e+01	-1.625507e+03
6.010000e-06	-3.322613e-09	-1.273541e-08	-1.786935e+01	-1.640010e+03
6.020000e-06	-3.383197e-09	-1.284774e-08	-1.819518e+01	-1.654187e+03
6.030000e-06	-3.443512e-09	-1.295841e-08	-1.851955e+01	-1.668055e+03
6.040000e-06	-3.503555e-09	-1.306737e-08	-1.884247e+01	-1.681630e+03
6.050000e-06	-3.563326e-09	-1.317394e-08	-1.916393e+01	-1.694931e+03
6.060000e-06	-3.622832e-09	-1.327708e-08	-1.948396e+01	-1.707976e+03
6.070000e-06	-3.682087e-09	-1.337730e-08	-1.980264e+01	-1.720781e+03
6.080000e-06	-3.741095e-09	-1.347581e-08	-2.011999e+01	-1.733361e+03
6.090000e-06	-3.799851e-09	-1.357232e-08	-2.043599e+01	-1.745726e+03
6.100000e-06	-3.858351e-09	-1.366656e-08	-2.075060e+01	-1.757885e+03
6.110000e-06	-3.916596e-09	-1.375847e-08	-2.106385e+01	-1.769843e+03
6.120000e-06	-3.974589e-09	-1.384820e-08	-2.137575e+01	-1.781603e+03
6.130000e-06	-4.032310e-09	-1.393715e-08	-2.168617e+01	-1.793165e+03
6.140000e-06	-4.089716e-09	-1.402613e-08	-2.199491e+01	-1.804530e+03
6.150000e-06	-4.146775e-09	-1.411413e-08	-2.230178e+01	-1.815696e+03
6.160000e-06	-4.203474e-09	-1.420003e-08	-2.260671e+01	-1.826666e+03
6.170000e-06	-4.259807e-09	-1.428413e-08	-2.290968e+01	-1.837442e+03
6.180000e-06	-4.315791e-09	-1.436760e-08	-2.321076e+01	-1.848026e+03
6.190000e-06	-4.371439e-09	-1.445084e-08	-2.351004e+01	-1.858427e+03
6.200000e-06	-4.426756e-09	-1.453260e-08	-2.380754e+01	-1.868650e+03
6.210000e-06	-4.481765e-09	-1.461202e-08	-2.410339e+01	-1.878704e+03
6.220000e-06	-4.536488e-09	-1.468991e-08	-2.439770e+01	-1.888598e+03
6.230000e-06	-4.590919e-09	-1.476746e-08	-2.469043e+01	-1.898340e+03
6.240000e-06	-4.645026e-09	-1.484449e-08	-2.498143e+01	-1.907935e+03
6.250000e-06	-4.698770e-09	-1.491981e-08	-2.527047e+01	-1.917389e+03
6.260000e-06	-4.752134e-09	-1.499298e-08	-2.555746e+01	-1.926701e+03
6.270000e-06	-4.805128e-09	-1.506474e-08	-2.584247e+01	-1.935870e+03
6.280000e-06	-4.857769e-09	-1.513542e-08	-2.612558e+01	-1.944891e+03
6.290000e-06	-4.910064e-09	-1.520491e-08	-2.640683e+01	-1.953758e+03
6.300000e-06	-4.962019e-09	-1.527233e-08	-2.668625e+01	-1.962460e+03
6.310000e-06	-5.013654e-09	-1.533717e-08	-2.696395e+01	-1.970989e+03
6.320000e-06	-5.064969e-09	-1.540119e-08	-2.723992e+01	-1.979336e+03
6.330000e-06	-5.115947e-09	-1.546520e-08	-2.751409e+01	-1.987494e+03
6.340000e-06	-5.166554e-09	-1.552780e-08	-2.778626e+01	-1.995459e+03
6.350000e-06	-5.216764e-09	-1.558778e-08	-2.805629e+01	-2.003229e+03
6.360000e-06	-5.266582e-09	-1.564561e-08	-2.832422e+01	-2.010809e+03
6.370000e-06	-5.316006e-09	-1.570265e-08	-2.859003e+01	-2.018204e+03
6.380000e-06	-5.365031e-09	-1.575917e-08	-2.885369e+01	-2.025427e+03
6.390000e-06	-5.413665e-09	-1.581464e-08	-2.911525e+01	-2.032490e+03
6.400000e-06	-5.461923e-09	-1.586900e-08	-2.937478e+01	-2.039410e+03
6.410000e-06	-5.509792e-09	-1.592242e-08	-2.963223e+01	-2.046203e+03
6.420000e-06	-5.557213e-09	-1.597525e-08	-2.988726e+01	-2.052886e+03
6.430000e-06	-5.604152e-09	-1.602777e-08	-3.013970e+01	-2.059473e+03
6.440000e-06	-5.650622e-09	-1.607988e-08	-3.038963e+01	-2.065978e+03
6.450000e-06	-5.696641e-09	-1.613077e-08	-3.063712e+01	-2.072409e+03
6.460000e-06	-5.742202e-09	-1.618032e-08	-3.088215e+01	-2.078772e+03
6.470000e-06	-5.787272e-09	-1.622947e-08	-3.112455e+01	-2.085070e+03
6.480000e-06	-5.831855e-09	-1.627857e-08	-3.136432e+01	-2.091299e+03
6.490000e-06	-5.875993e-09	-1.632706e-08	-3.160170e+01	-2.097458e+03
6.500000e-06	-5.919725e-09	-1.637432e-08	-3.183689e+01	-2.103539e+03
6.510000e-06	-5.963090e-09	-1.642045e-08	-3.207011e+01	-2.109536e+03
6.520000e-06	-6.006094e-09	-1.646619e-08	-3.230139e+01	-2.115442e+03
6.530000e-06	-6.048711e-09	-1.651202e-08	-3.253059e+01	-2.121253e+03
6.540000e-06	-6.090907e-09	-1.655752e-08	-3.275753e+01	-2.126963e+03
6.550000e-06	-6.132658e-09	-1.660197e-08	-3.298207e+01	-2.132571e+03
6.560000e-06	-6.173922e-09	-1.664528e-08	-3.320399e+01	-2.138077e+03
6.570000e-06	-6.214661e-09	-1.668804e-08	-3.342309e+01	-2.143484e+03
6.580000e-06	-6.254901e-09	-1.673039e-08	-3.363951e+01	-2.148794e+03
6.590000e-06	-6.294710e-09	-1.677193e-08	-3.385360e+01	-2.154014e+03
6.600000e-06	-6.334109e-09	-1.681213e-08	-3.406549e+01	-2.159146e+03
6.610000e-06	-6.373100e-09	-1.685129e-08	-3.427519e+01	-2.164196e+03
6.620000e-06	-6.411693e-09	-1.689051e-08	-3.448275e+01	-2.169166e+03
6.630000e-06	-6.449879e-09	-1.692976e-08	-3.468812e+01	-2.174056e+03
6.640000e-06	-6.487592e-09	-1.696794e-08	-3.489094e+01	-2.178865e+03
6.650000e-06	-6.524785e-09	-1.700473e-08	-3.509097e+01	-2.183588e+03
6.660000e-06	-6.561487e-09	-1.704031e-08	-3.528835e+01	-2.188220e+03
6.670000e-06	-6.597710e-09	-1.707480e-08	-3.548317e+01	-2.192754e+03
6.680000e-06	-6.633448e-09	-1.710865e-08	-3.567537e+01	-2.197183e+03
6.690000e-06	-6.668736e-09	-1.714163e-08	-3.586515e+01	-2.201498e+03
6.700000e-06	-6.703574e-09	-1.717335e-08	-3.605252e+01	-2.205694e+03
6.710000e-06	-6.737885e-09	-1.720429e-08	-3.623704e+01	-2.209766e+03
6.720000e-06	-6.771661e-09	-1.723492e-08	-3.641869e+01	-2.213714e+03
6.730000e-06	-6.804969e-09	-1.726499e-08	-3.659783e+01	-2.217539e+03
6.740000e-06	-6.837839e-09	-1.729396e-08	-3.677461e+01	-2.221245e+03
6.750000e-06	-6.870265e-09	-1.732159e-08	-3.694900e+01	-2.224840e+03
6.760000e-06	-6.902244e-09	-1.734855e-08	-3.712099e+01	-2.228333e+03
6.770000e-06	-6.933713e-09	-1.737547e-08	-3.729023e+01	-2.231735e+03
6.780000e-06	-6.964582e-09	-1.740233e-08	-3.745624e+01	-2.235060e+03
6.790000e-06	-6.994865e-09	-1.742911e-08	-3.761911e+01	-2.238316e+03
6.800000e-06	-7.024615e-09	-1.745509e-08	-3.777911e+01	-2.241516e+03
6.810000e-06	-7.053872e-09	-1.748011e-08	-3.793645e+01	-2.244667e+03
6.820000e-06	-7.082667e-09	-1.750508e-08	-3.809132e+01	-2.247773e+03
6.830000e-06	-7.110951e-09	-1.753024e-08	-3.824343e+01	-2.250838e+03
6.840000e-06	-7.138647e-09	-1.755518e-08	-3.839238e+01	-2.253861e+03
6.850000e-06	-7.165805e-09	-1.757918e-08	-3.853845e+01	-2.256838e+03
6.860000e-06	-7.192493e-09	-1.760216e-08	-3.868197e+01	-2.259766e+03
6.870000e-06	-7.218709e-09	-1.762499e-08	-3.882297e+01	-2.262637e+03
6.880000e-06	-7.244466e-09	-1.764813e-08	-3.896149e+01	-2.265446e+03
6.890000e-06	-7.269737e-09	-1.767129e-08	-3.909740e+01	-2.268186e+03
6.900000e-06	-7.294416e-09	-1.769359e-08	-3.923013e+01	-2.270853e+03
6.910000e-06	-7.318513e-09	-1.771472e-08	-3.935972e+01	-2.273445e+03
6.920000e-06	-7.342128e-09	-1.773517e-08	-3.948673e+01	-2.275962e+03
6.930000e-06	-7.365250e-09	-1.775520e-08	-3.961108e+01	-2.278406e+03
6.940000e-06	-7.387859e-09	-1.777508e-08	-3.973267e+01	-2.280780e+03
6.950000e-06	-7.409925e-09	-1.779495e-08	-3.985135e+01	-2.283093e+03
6.960000e-06	-7.431333e-09	-1.781416e-08	-3.996648e+01	-2.285351e+03
6.970000e-06	-7.452086e-09	-1.783256e-08	-4.007809e+01	-2.287560e+03
6.980000e-06	-7.472262e-09	-1.785107e-08	-4.018660e+01	-2.289729e+03
6.990000e-06	-7.491784e-09	-1.786979e-08	-4.029159e+01	-2.291863e+03
7.000000e-06	-7.510635e-09	-1.788759e-08	-4.039298e+01	-2.293965e+03
7.010000e-06	-7.528968e-09	-1.790395e-08	-4.049157e+01	-2.296036e+03
7.020000e-06	-7.546863e-09	-1.791983e-08	-4.058781e+01	-2.298076e+03
7.030000e-06	-7.564333e-09	-1.793585e-08	-4.068177e+01	-2.300079e+03
7.040000e-06	-7.581354e-09	-1.795172e-08	-4.077331e+01	-2.302042e+03
7.050000e-06	-7.597868e-09	-1.796689e-08	-4.086213e+01	-2.303956e+03
7.060000e-06	-7.613890e-09	-1.798145e-08	-4.094829e+01	-2.305815e+03
7.070000e-06	-7.629370e-09	-1.799595e-08	-4.103155e+01	-2.307611e+03
7.080000e-06	-7.644206e-09	-1.801035e-08	-4.111134e+01	-2.309337e+03
7.090000e-06	-7.658466e-09	-1.802366e-08	-4.118803e+01	-2.310989e+03
7.100000e-06	-7.672213e-09	-1.803569e-08	-4.126196e+01	-2.312564e+03
7.110000e-06	-7.685426e-09	-1.804727e-08	-4.133302e+01	-2.314062e+03
7.120000e-06	-7.698108e-09	-1.805887e-08	-4.140123e+01	-2.315485e+03
7.130000e-06	-7.710185e-09	-1.807040e-08	-4.146618e+01	-2.316836e+03
7.140000e-06	-7.721640e-09	-1.808094e-08	-4.152778e+01	-2.318122e+03
7.150000e-06	-7.732577e-09	-1.809054e-08	-4.158660e+01	-2.319348e+03
7.160000e-06	-7.742999e-09	-1.810009e-08	-4.164266e+01	-2.320521e+03
7.170000e-06	-7.752889e-09	-1.810968e-08	-4.169585e+01	-2.321646e+03
7.180000e-06	-7.762269e-09	-1.811855e-08	-4.174629e+01	-2.322728e+03
7.190000e-06	-7.771039e-09	-1.812641e-08	-4.179346e+01	-2.323768e+03
7.200000e-06	-7.779184e-09	-1.813350e-08	-4.183726e+01	-2.324767e+03
7.210000e-06	-7.786809e-09	-1.814009e-08	-4.187827e+01	-2.325722e+03
7.220000e-06	-7.793919e-09	-1.814655e-08	-4.191651e+01	-2.326630e+03
7.230000e-06	-7.800505e-09	-1.815319e-08	-4.195193e+01	-2.327485e+03
7.240000e-06	-7.806510e-09	-1.815969e-08	-4.198422e+01	-2.328280e+03
7.250000e-06	-7.811818e-09	-1.816510e-08	-4.201277e+01	-2.329007e+03
7.260000e-06	-7.816470e-09	-1.816959e-08	-4.203779e+01	-2.329661e+03
7.270000e-06	-7.820569e-09	-1.817327e-08	-4.205984e+01	-2.330234e+03
7.280000e-06	-7.824142e-09	-1.817607e-08	-4.207906e+01	-2.330723e+03
7.290000e-06	-7.827212e-09	-1.817871e-08	-4.209556e+01	-2.331125e+03
7.300000e-06	-7.829686e-09	-1.818113e-08	-4.210887e+01	-2.331440e+03
7.310000e-06	-7.831523e-09	-1.818292e-08	-4.211875e+01	-2.331670e+03
7.320000e-06	-7.832838e-09	-1.818440e-08	-4.212582e+01	-2.331816e+03
7.330000e-06	-7.833652e-09	-1.818527e-08	-4.213020e+01	-2.331885e+03
