# Concentracion g/m^3_=_53300.0
# C_Vs_to_Am_M_A/Vsm_=_128687336408.14134
# pendiente_HvsI_1/m_=_3716.3
# ordenada_HvsI_A/m_=_1297.0
# frecuencia_Hz_=_135982.52228754156
# Promedio de 28 ciclos

Tiempo_(s)	Campo_(V.s)	Magnetizacion_(V.s)	Campo_(kA/m)	Magnetizacion_(A/m)
0.000000e+00	-2.847868e-09	-1.188866e-08	-1.613954e+01	-1.524237e+03
1.000000e-08	-2.847868e-09	-1.188777e-08	-1.613954e+01	-1.524201e+03
2.000000e-08	-2.847637e-09	-1.188589e-08	-1.613823e+01	-1.524103e+03
3.000000e-08	-2.847110e-09	-1.188310e-08	-1.613524e+01	-1.523945e+03
4.000000e-08	-2.846367e-09	-1.188004e-08	-1.613103e+01	-1.523730e+03
5.000000e-08	-2.845530e-09	-1.187756e-08	-1.612629e+01	-1.523458e+03
6.000000e-08	-2.844572e-09	-1.187342e-08	-1.612086e+01	-1.523131e+03
7.000000e-08	-2.843406e-09	-1.186961e-08	-1.611425e+01	-1.522750e+03
8.000000e-08	-2.841985e-09	-1.186976e-08	-1.610620e+01	-1.522316e+03
9.000000e-08	-2.840307e-09	-1.186701e-08	-1.609669e+01	-1.521828e+03
1.000000e-07	-2.838383e-09	-1.185839e-08	-1.608579e+01	-1.521288e+03
1.100000e-07	-2.836187e-09	-1.185230e-08	-1.607334e+01	-1.520693e+03
1.200000e-07	-2.833699e-09	-1.184777e-08	-1.605924e+01	-1.520044e+03
1.300000e-07	-2.830991e-09	-1.183898e-08	-1.604389e+01	-1.519339e+03
1.400000e-07	-2.828194e-09	-1.183046e-08	-1.602804e+01	-1.518577e+03
1.500000e-07	-2.825349e-09	-1.182743e-08	-1.601192e+01	-1.517756e+03
1.600000e-07	-2.822384e-09	-1.182302e-08	-1.599512e+01	-1.516875e+03
1.700000e-07	-2.819189e-09	-1.181325e-08	-1.597701e+01	-1.515931e+03
1.800000e-07	-2.815700e-09	-1.180375e-08	-1.595724e+01	-1.514923e+03
1.900000e-07	-2.811962e-09	-1.179477e-08	-1.593605e+01	-1.513851e+03
2.000000e-07	-2.808013e-09	-1.178470e-08	-1.591367e+01	-1.512712e+03
2.100000e-07	-2.803799e-09	-1.177507e-08	-1.588979e+01	-1.511507e+03
2.200000e-07	-2.799304e-09	-1.176539e-08	-1.586432e+01	-1.510235e+03
2.300000e-07	-2.794579e-09	-1.175369e-08	-1.583754e+01	-1.508897e+03
2.400000e-07	-2.789675e-09	-1.174244e-08	-1.580974e+01	-1.507493e+03
2.500000e-07	-2.784560e-09	-1.173211e-08	-1.578076e+01	-1.506026e+03
2.600000e-07	-2.779181e-09	-1.171892e-08	-1.575028e+01	-1.504497e+03
2.700000e-07	-2.773545e-09	-1.170309e-08	-1.571833e+01	-1.502907e+03
2.800000e-07	-2.767674e-09	-1.168929e-08	-1.568506e+01	-1.501259e+03
2.900000e-07	-2.761548e-09	-1.167735e-08	-1.565034e+01	-1.499554e+03
3.000000e-07	-2.755143e-09	-1.166384e-08	-1.561404e+01	-1.497795e+03
3.100000e-07	-2.748485e-09	-1.164842e-08	-1.557631e+01	-1.495983e+03
3.200000e-07	-2.741628e-09	-1.163260e-08	-1.553745e+01	-1.494119e+03
3.300000e-07	-2.734611e-09	-1.161688e-08	-1.549768e+01	-1.492203e+03
3.400000e-07	-2.727410e-09	-1.160090e-08	-1.545687e+01	-1.490236e+03
3.500000e-07	-2.720010e-09	-1.158440e-08	-1.541494e+01	-1.488216e+03
3.600000e-07	-2.712435e-09	-1.156724e-08	-1.537201e+01	-1.486142e+03
3.700000e-07	-2.704705e-09	-1.155023e-08	-1.532820e+01	-1.484014e+03
3.800000e-07	-2.696824e-09	-1.153331e-08	-1.528354e+01	-1.481828e+03
3.900000e-07	-2.688807e-09	-1.151461e-08	-1.523810e+01	-1.479584e+03
4.000000e-07	-2.680632e-09	-1.149403e-08	-1.519177e+01	-1.477278e+03
4.100000e-07	-2.672269e-09	-1.147357e-08	-1.514438e+01	-1.474909e+03
4.200000e-07	-2.663696e-09	-1.145374e-08	-1.509579e+01	-1.472475e+03
4.300000e-07	-2.654927e-09	-1.143405e-08	-1.504610e+01	-1.469974e+03
4.400000e-07	-2.645991e-09	-1.141404e-08	-1.499546e+01	-1.467406e+03
4.500000e-07	-2.636875e-09	-1.139312e-08	-1.494380e+01	-1.464769e+03
4.600000e-07	-2.627581e-09	-1.137107e-08	-1.489112e+01	-1.462064e+03
4.700000e-07	-2.618129e-09	-1.134825e-08	-1.483756e+01	-1.459290e+03
4.800000e-07	-2.608532e-09	-1.132504e-08	-1.478317e+01	-1.456448e+03
4.900000e-07	-2.598759e-09	-1.130138e-08	-1.472778e+01	-1.453538e+03
5.000000e-07	-2.588743e-09	-1.127690e-08	-1.467102e+01	-1.450562e+03
5.100000e-07	-2.578459e-09	-1.125198e-08	-1.461274e+01	-1.447518e+03
5.200000e-07	-2.567905e-09	-1.122733e-08	-1.455292e+01	-1.444409e+03
5.300000e-07	-2.557088e-09	-1.120283e-08	-1.449162e+01	-1.441235e+03
5.400000e-07	-2.546068e-09	-1.117757e-08	-1.442917e+01	-1.437995e+03
5.500000e-07	-2.534907e-09	-1.115109e-08	-1.436592e+01	-1.434689e+03
5.600000e-07	-2.523631e-09	-1.112335e-08	-1.430201e+01	-1.431318e+03
5.700000e-07	-2.512206e-09	-1.109486e-08	-1.423727e+01	-1.427881e+03
5.800000e-07	-2.500595e-09	-1.106662e-08	-1.417146e+01	-1.424378e+03
5.900000e-07	-2.488796e-09	-1.103877e-08	-1.410459e+01	-1.420807e+03
6.000000e-07	-2.476838e-09	-1.101063e-08	-1.403683e+01	-1.417170e+03
6.100000e-07	-2.464731e-09	-1.098124e-08	-1.396821e+01	-1.413464e+03
6.200000e-07	-2.452442e-09	-1.095052e-08	-1.389857e+01	-1.409691e+03
6.300000e-07	-2.439962e-09	-1.091898e-08	-1.382784e+01	-1.405850e+03
6.400000e-07	-2.427328e-09	-1.088679e-08	-1.375624e+01	-1.401941e+03
6.500000e-07	-2.414578e-09	-1.085445e-08	-1.368398e+01	-1.397964e+03
6.600000e-07	-2.401728e-09	-1.082246e-08	-1.361116e+01	-1.393918e+03
6.700000e-07	-2.388737e-09	-1.079073e-08	-1.353754e+01	-1.389805e+03
6.800000e-07	-2.375527e-09	-1.075834e-08	-1.346267e+01	-1.385624e+03
6.900000e-07	-2.362050e-09	-1.072464e-08	-1.338630e+01	-1.381374e+03
7.000000e-07	-2.348291e-09	-1.069000e-08	-1.330832e+01	-1.377054e+03
7.100000e-07	-2.334275e-09	-1.065490e-08	-1.322888e+01	-1.372662e+03
7.200000e-07	-2.320060e-09	-1.061947e-08	-1.314833e+01	-1.368198e+03
7.300000e-07	-2.305719e-09	-1.058340e-08	-1.306705e+01	-1.363660e+03
7.400000e-07	-2.291286e-09	-1.054681e-08	-1.298526e+01	-1.359044e+03
7.500000e-07	-2.276748e-09	-1.050973e-08	-1.290287e+01	-1.354348e+03
7.600000e-07	-2.262068e-09	-1.047181e-08	-1.281968e+01	-1.349571e+03
7.700000e-07	-2.247212e-09	-1.043333e-08	-1.273548e+01	-1.344710e+03
7.800000e-07	-2.232183e-09	-1.039414e-08	-1.265031e+01	-1.339762e+03
7.900000e-07	-2.216992e-09	-1.035372e-08	-1.256422e+01	-1.334727e+03
8.000000e-07	-2.201635e-09	-1.031295e-08	-1.247718e+01	-1.329603e+03
8.100000e-07	-2.186100e-09	-1.027276e-08	-1.238915e+01	-1.324389e+03
8.200000e-07	-2.170399e-09	-1.023220e-08	-1.230016e+01	-1.319087e+03
8.300000e-07	-2.154558e-09	-1.018986e-08	-1.221039e+01	-1.313696e+03
8.400000e-07	-2.138622e-09	-1.014606e-08	-1.212007e+01	-1.308218e+03
8.500000e-07	-2.122604e-09	-1.010193e-08	-1.202930e+01	-1.302654e+03
8.600000e-07	-2.106482e-09	-1.005772e-08	-1.193793e+01	-1.297007e+03
8.700000e-07	-2.090208e-09	-1.001339e-08	-1.184570e+01	-1.291278e+03
8.800000e-07	-2.073737e-09	-9.968688e-09	-1.175236e+01	-1.285468e+03
8.900000e-07	-2.057041e-09	-9.923503e-09	-1.165773e+01	-1.279581e+03
9.000000e-07	-2.040101e-09	-9.877511e-09	-1.156173e+01	-1.273616e+03
9.100000e-07	-2.022937e-09	-9.830242e-09	-1.146446e+01	-1.267574e+03
9.200000e-07	-2.005586e-09	-9.781417e-09	-1.136613e+01	-1.261456e+03
9.300000e-07	-1.988099e-09	-9.730661e-09	-1.126703e+01	-1.255260e+03
9.400000e-07	-1.970521e-09	-9.678934e-09	-1.116741e+01	-1.248985e+03
9.500000e-07	-1.952854e-09	-9.627974e-09	-1.106729e+01	-1.242629e+03
9.600000e-07	-1.935079e-09	-9.578127e-09	-1.096655e+01	-1.236190e+03
9.700000e-07	-1.917171e-09	-9.527868e-09	-1.086506e+01	-1.229664e+03
9.800000e-07	-1.899118e-09	-9.475969e-09	-1.076275e+01	-1.223049e+03
9.900000e-07	-1.880922e-09	-9.422690e-09	-1.065963e+01	-1.216340e+03
1.000000e-06	-1.862602e-09	-9.368664e-09	-1.055580e+01	-1.209535e+03
1.010000e-06	-1.844169e-09	-9.313865e-09	-1.045134e+01	-1.202628e+03
1.020000e-06	-1.825613e-09	-9.258282e-09	-1.034618e+01	-1.195616e+03
1.030000e-06	-1.806927e-09	-9.201992e-09	-1.024028e+01	-1.188495e+03
1.040000e-06	-1.788110e-09	-9.145183e-09	-1.013364e+01	-1.181260e+03
1.050000e-06	-1.769165e-09	-9.088130e-09	-1.002628e+01	-1.173909e+03
1.060000e-06	-1.750109e-09	-9.030418e-09	-9.918280e+00	-1.166435e+03
1.070000e-06	-1.730961e-09	-8.970727e-09	-9.809763e+00	-1.158837e+03
1.080000e-06	-1.711734e-09	-8.908959e-09	-9.700798e+00	-1.151108e+03
1.090000e-06	-1.692414e-09	-8.846694e-09	-9.591307e+00	-1.143246e+03
1.100000e-06	-1.672970e-09	-8.783933e-09	-9.481115e+00	-1.135248e+03
1.110000e-06	-1.653365e-09	-8.719460e-09	-9.370012e+00	-1.127109e+03
1.120000e-06	-1.633575e-09	-8.653904e-09	-9.257854e+00	-1.118828e+03
1.130000e-06	-1.613577e-09	-8.588494e-09	-9.144523e+00	-1.110403e+03
1.140000e-06	-1.593363e-09	-8.522194e-09	-9.029967e+00	-1.101833e+03
1.150000e-06	-1.572972e-09	-8.453972e-09	-8.914405e+00	-1.093119e+03
1.160000e-06	-1.552446e-09	-8.384234e-09	-8.798080e+00	-1.084260e+03
1.170000e-06	-1.531802e-09	-8.313547e-09	-8.681086e+00	-1.075260e+03
1.180000e-06	-1.511055e-09	-8.242286e-09	-8.563505e+00	-1.066122e+03
1.190000e-06	-1.490215e-09	-8.170802e-09	-8.445402e+00	-1.056850e+03
1.200000e-06	-1.469273e-09	-8.098783e-09	-8.326720e+00	-1.047448e+03
1.210000e-06	-1.448215e-09	-8.025576e-09	-8.207377e+00	-1.037921e+03
1.220000e-06	-1.427036e-09	-7.950650e-09	-8.087350e+00	-1.028274e+03
1.230000e-06	-1.405733e-09	-7.874251e-09	-7.966622e+00	-1.018512e+03
1.240000e-06	-1.384328e-09	-7.797382e-09	-7.845315e+00	-1.008639e+03
1.250000e-06	-1.362833e-09	-7.720252e-09	-7.723496e+00	-9.986561e+02
1.260000e-06	-1.341253e-09	-7.642685e-09	-7.601195e+00	-9.885652e+02
1.270000e-06	-1.319597e-09	-7.564580e-09	-7.478468e+00	-9.783654e+02
1.280000e-06	-1.297864e-09	-7.485730e-09	-7.355300e+00	-9.680544e+02
1.290000e-06	-1.276051e-09	-7.405711e-09	-7.231682e+00	-9.576278e+02
1.300000e-06	-1.254140e-09	-7.323999e-09	-7.107506e+00	-9.470796e+02
1.310000e-06	-1.232118e-09	-7.240626e-09	-6.982706e+00	-9.364023e+02
1.320000e-06	-1.209994e-09	-7.156623e-09	-6.857324e+00	-9.255874e+02
1.330000e-06	-1.187785e-09	-7.072097e-09	-6.731459e+00	-9.146256e+02
1.340000e-06	-1.165503e-09	-6.986415e-09	-6.605183e+00	-9.035074e+02
1.350000e-06	-1.143162e-09	-6.899909e-09	-6.478567e+00	-8.922237e+02
1.360000e-06	-1.120783e-09	-6.812019e-09	-6.351741e+00	-8.807659e+02
1.370000e-06	-1.098373e-09	-6.722033e-09	-6.224737e+00	-8.691266e+02
1.380000e-06	-1.075930e-09	-6.630432e-09	-6.097548e+00	-8.573001e+02
1.390000e-06	-1.053448e-09	-6.536844e-09	-5.970140e+00	-8.452818e+02
1.400000e-06	-1.030913e-09	-6.440858e-09	-5.842426e+00	-8.330693e+02
1.410000e-06	-1.008309e-09	-6.343186e-09	-5.714322e+00	-8.206615e+02
1.420000e-06	-9.856249e-10	-6.244450e-09	-5.585769e+00	-8.080587e+02
1.430000e-06	-9.628535e-10	-6.144592e-09	-5.456718e+00	-7.952625e+02
1.440000e-06	-9.399714e-10	-6.043259e-09	-5.327040e+00	-7.822748e+02
1.450000e-06	-9.169738e-10	-5.940238e-09	-5.196707e+00	-7.690978e+02
1.460000e-06	-8.938609e-10	-5.835862e-09	-5.065721e+00	-7.557336e+02
1.470000e-06	-8.706189e-10	-5.730488e-09	-4.934003e+00	-7.421832e+02
1.480000e-06	-8.472471e-10	-5.623905e-09	-4.801549e+00	-7.284466e+02
1.490000e-06	-8.237541e-10	-5.515935e-09	-4.668409e+00	-7.145224e+02
1.500000e-06	-8.001523e-10	-5.407295e-09	-4.534652e+00	-7.004075e+02
1.510000e-06	-7.764555e-10	-5.297904e-09	-4.400357e+00	-6.860971e+02
1.520000e-06	-7.526769e-10	-5.186623e-09	-4.265598e+00	-6.715847e+02
1.530000e-06	-7.288378e-10	-5.073092e-09	-4.130496e+00	-6.568625e+02
1.540000e-06	-7.049594e-10	-4.957419e-09	-3.995172e+00	-6.419215e+02
1.550000e-06	-6.810531e-10	-4.840199e-09	-3.859689e+00	-6.267521e+02
1.560000e-06	-6.571199e-10	-4.721450e-09	-3.724054e+00	-6.113441e+02
1.570000e-06	-6.331641e-10	-4.599855e-09	-3.588291e+00	-5.956877e+02
1.580000e-06	-6.091930e-10	-4.475182e-09	-3.452440e+00	-5.797734e+02
1.590000e-06	-5.852062e-10	-4.348351e-09	-3.316502e+00	-5.635926e+02
1.600000e-06	-5.612039e-10	-4.219147e-09	-3.180475e+00	-5.471380e+02
1.610000e-06	-5.371804e-10	-4.087050e-09	-3.044328e+00	-5.304033e+02
1.620000e-06	-5.131414e-10	-3.952192e-09	-2.908093e+00	-5.133836e+02
1.630000e-06	-4.890852e-10	-3.815287e-09	-2.771761e+00	-4.960754e+02
1.640000e-06	-4.650057e-10	-3.676753e-09	-2.635297e+00	-4.784763e+02
1.650000e-06	-4.409092e-10	-3.537233e-09	-2.498737e+00	-4.605847e+02
1.660000e-06	-4.167892e-10	-3.396647e-09	-2.362043e+00	-4.423998e+02
1.670000e-06	-3.926437e-10	-3.253901e-09	-2.225204e+00	-4.239212e+02
1.680000e-06	-3.684801e-10	-3.109237e-09	-2.088264e+00	-4.051488e+02
1.690000e-06	-3.442992e-10	-2.962591e-09	-1.951225e+00	-3.860822e+02
1.700000e-06	-3.200929e-10	-2.813313e-09	-1.814042e+00	-3.667210e+02
1.710000e-06	-2.958653e-10	-2.661435e-09	-1.676738e+00	-3.470648e+02
1.720000e-06	-2.716184e-10	-2.506640e-09	-1.539326e+00	-3.271129e+02
1.730000e-06	-2.473486e-10	-2.348887e-09	-1.401783e+00	-3.068645e+02
1.740000e-06	-2.230512e-10	-2.188626e-09	-1.264084e+00	-2.863193e+02
1.750000e-06	-1.987259e-10	-2.026069e-09	-1.126227e+00	-2.654776e+02
1.760000e-06	-1.743826e-10	-1.861055e-09	-9.882673e-01	-2.443406e+02
1.770000e-06	-1.500210e-10	-1.693304e-09	-8.502046e-01	-2.229109e+02
1.780000e-06	-1.256473e-10	-1.523426e-09	-7.120729e-01	-2.011930e+02
1.790000e-06	-1.012649e-10	-1.352479e-09	-5.738922e-01	-1.791932e+02
1.800000e-06	-7.687731e-11	-1.180207e-09	-4.356820e-01	-1.569208e+02
1.810000e-06	-5.248481e-11	-1.005587e-09	-2.974440e-01	-1.343872e+02
1.820000e-06	-2.808422e-11	-8.285971e-10	-1.591601e-01	-1.116071e+02
1.830000e-06	-3.688591e-12	-6.503578e-10	-2.090432e-02	-8.859776e+01
1.840000e-06	2.069780e-11	-4.716302e-10	1.172991e-01	-6.537940e+01
1.850000e-06	4.508723e-11	-2.914386e-10	2.555198e-01	-4.197478e+01
1.860000e-06	6.946895e-11	-1.089658e-10	3.936967e-01	-1.840904e+01
1.870000e-06	9.383544e-11	7.536375e-11	5.317874e-01	5.290649e+00
1.880000e-06	1.181943e-10	2.610031e-10	6.698351e-01	2.909545e+01
1.890000e-06	1.425451e-10	4.472814e-10	8.078364e-01	5.297529e+01
1.900000e-06	1.668935e-10	6.336954e-10	9.458244e-01	7.689930e+01
1.910000e-06	1.912374e-10	8.203851e-10	1.083787e+00	1.008362e+02
1.920000e-06	2.155675e-10	1.006946e-09	1.221672e+00	1.247547e+02
1.930000e-06	2.398726e-10	1.192744e-09	1.359414e+00	1.486240e+02
1.940000e-06	2.641520e-10	1.377711e-09	1.497011e+00	1.724137e+02
1.950000e-06	2.884183e-10	1.561460e-09	1.634534e+00	1.960946e+02
1.960000e-06	3.126604e-10	1.743666e-09	1.771920e+00	2.196385e+02
1.970000e-06	3.368701e-10	1.924435e-09	1.909122e+00	2.430185e+02
1.980000e-06	3.610462e-10	2.104010e-09	2.046134e+00	2.662092e+02
1.990000e-06	3.851901e-10	2.281655e-09	2.182963e+00	2.891866e+02
2.000000e-06	4.093119e-10	2.456299e-09	2.319667e+00	3.119283e+02
2.010000e-06	4.334085e-10	2.628421e-09	2.456228e+00	3.344134e+02
2.020000e-06	4.574819e-10	2.799021e-09	2.592658e+00	3.566229e+02
2.030000e-06	4.815373e-10	2.968667e-09	2.728985e+00	3.785391e+02
2.040000e-06	5.055751e-10	3.136463e-09	2.865213e+00	4.001463e+02
2.050000e-06	5.295966e-10	3.301220e-09	3.001349e+00	4.214303e+02
2.060000e-06	5.536056e-10	3.463183e-09	3.137413e+00	4.423788e+02
2.070000e-06	5.776033e-10	3.622491e-09	3.273414e+00	4.629814e+02
2.080000e-06	6.015844e-10	3.778515e-09	3.409321e+00	4.832295e+02
2.090000e-06	6.255489e-10	3.930946e-09	3.545133e+00	5.031164e+02
2.100000e-06	6.494940e-10	4.080301e-09	3.680836e+00	5.226376e+02
2.110000e-06	6.734151e-10	4.226735e-09	3.816403e+00	5.417903e+02
2.120000e-06	6.973068e-10	4.370903e-09	3.951802e+00	5.605740e+02
2.130000e-06	7.211573e-10	4.513088e-09	4.086968e+00	5.789898e+02
2.140000e-06	7.449479e-10	4.652985e-09	4.221796e+00	5.970410e+02
2.150000e-06	7.686777e-10	4.790391e-09	4.356278e+00	6.147323e+02
2.160000e-06	7.923348e-10	4.925237e-09	4.490349e+00	6.320703e+02
2.170000e-06	8.159086e-10	5.058125e-09	4.623947e+00	6.490625e+02
2.180000e-06	8.393932e-10	5.188442e-09	4.757039e+00	6.657178e+02
2.190000e-06	8.627716e-10	5.315139e-09	4.889530e+00	6.820457e+02
2.200000e-06	8.860340e-10	5.438577e-09	5.021364e+00	6.980562e+02
2.210000e-06	9.091683e-10	5.559399e-09	5.152471e+00	7.137595e+02
2.220000e-06	9.321796e-10	5.677611e-09	5.282881e+00	7.291655e+02
2.230000e-06	9.550679e-10	5.793632e-09	5.412595e+00	7.442838e+02
2.240000e-06	9.778398e-10	5.907661e-09	5.541649e+00	7.591233e+02
2.250000e-06	1.000508e-09	6.019103e-09	5.670115e+00	7.736919e+02
2.260000e-06	1.023083e-09	6.128488e-09	5.798051e+00	7.879966e+02
2.270000e-06	1.045587e-09	6.236425e-09	5.925589e+00	8.020434e+02
2.280000e-06	1.068045e-09	6.343068e-09	6.052861e+00	8.158374e+02
2.290000e-06	1.090466e-09	6.448403e-09	6.179930e+00	8.293826e+02
2.300000e-06	1.112851e-09	6.552368e-09	6.306792e+00	8.426826e+02
2.310000e-06	1.135199e-09	6.654587e-09	6.433441e+00	8.557404e+02
2.320000e-06	1.157504e-09	6.754327e-09	6.559846e+00	8.685588e+02
2.330000e-06	1.179744e-09	6.852089e-09	6.685887e+00	8.811410e+02
2.340000e-06	1.201900e-09	6.948746e-09	6.811451e+00	8.934905e+02
2.350000e-06	1.223969e-09	7.044105e-09	6.936522e+00	9.056115e+02
2.360000e-06	1.245952e-09	7.137347e-09	7.061103e+00	9.175091e+02
2.370000e-06	1.267844e-09	7.228320e-09	7.185172e+00	9.291897e+02
2.380000e-06	1.289636e-09	7.316993e-09	7.308673e+00	9.406605e+02
2.390000e-06	1.311337e-09	7.403154e-09	7.431656e+00	9.519301e+02
2.400000e-06	1.332964e-09	7.487222e-09	7.554224e+00	9.630075e+02
2.410000e-06	1.354513e-09	7.569965e-09	7.676342e+00	9.739028e+02
2.420000e-06	1.375972e-09	7.651948e-09	7.797956e+00	9.846261e+02
2.430000e-06	1.397335e-09	7.733354e-09	7.919026e+00	9.951874e+02
2.440000e-06	1.418586e-09	7.813924e-09	8.039459e+00	1.005596e+03
2.450000e-06	1.439713e-09	7.893460e-09	8.159196e+00	1.015861e+03
2.460000e-06	1.460721e-09	7.972000e-09	8.278253e+00	1.025989e+03
2.470000e-06	1.481624e-09	8.049412e-09	8.396716e+00	1.035985e+03
2.480000e-06	1.502430e-09	8.125017e-09	8.514627e+00	1.045853e+03
2.490000e-06	1.523134e-09	8.199038e-09	8.631961e+00	1.055594e+03
2.500000e-06	1.543725e-09	8.272367e-09	8.748652e+00	1.065208e+03
2.510000e-06	1.564167e-09	8.345138e-09	8.864504e+00	1.074691e+03
2.520000e-06	1.584432e-09	8.417327e-09	8.979351e+00	1.084040e+03
2.530000e-06	1.604501e-09	8.488990e-09	9.093084e+00	1.093248e+03
2.540000e-06	1.624357e-09	8.559721e-09	9.205615e+00	1.102311e+03
2.550000e-06	1.644013e-09	8.628773e-09	9.317012e+00	1.111221e+03
2.560000e-06	1.663501e-09	8.696298e-09	9.427451e+00	1.119972e+03
2.570000e-06	1.682859e-09	8.763132e-09	9.537158e+00	1.128559e+03
2.580000e-06	1.702123e-09	8.829107e-09	9.646331e+00	1.136979e+03
2.590000e-06	1.721316e-09	8.893556e-09	9.755105e+00	1.145229e+03
2.600000e-06	1.740445e-09	8.956174e-09	9.863511e+00	1.153309e+03
2.610000e-06	1.759484e-09	9.017271e-09	9.971413e+00	1.161220e+03
2.620000e-06	1.778397e-09	9.077529e-09	1.007859e+01	1.168968e+03
2.630000e-06	1.797161e-09	9.136946e-09	1.018493e+01	1.176557e+03
2.640000e-06	1.815781e-09	9.194823e-09	1.029046e+01	1.183996e+03
2.650000e-06	1.834272e-09	9.251268e-09	1.039525e+01	1.191293e+03
2.660000e-06	1.852651e-09	9.306684e-09	1.049941e+01	1.198457e+03
2.670000e-06	1.870911e-09	9.361180e-09	1.060289e+01	1.205498e+03
2.680000e-06	1.889042e-09	9.415403e-09	1.070565e+01	1.212425e+03
2.690000e-06	1.907043e-09	9.468841e-09	1.080767e+01	1.219248e+03
2.700000e-06	1.924908e-09	9.520419e-09	1.090891e+01	1.225975e+03
2.710000e-06	1.942654e-09	9.570636e-09	1.100948e+01	1.232612e+03
2.720000e-06	1.960314e-09	9.620604e-09	1.110956e+01	1.239164e+03
2.730000e-06	1.977907e-09	9.670283e-09	1.120927e+01	1.245636e+03
2.740000e-06	1.995426e-09	9.719629e-09	1.130855e+01	1.252030e+03
2.750000e-06	2.012828e-09	9.768380e-09	1.140717e+01	1.258349e+03
2.760000e-06	2.030049e-09	9.815777e-09	1.150477e+01	1.264591e+03
2.770000e-06	2.047036e-09	9.862389e-09	1.160103e+01	1.270759e+03
2.780000e-06	2.063759e-09	9.909088e-09	1.169581e+01	1.276850e+03
2.790000e-06	2.080224e-09	9.955667e-09	1.178912e+01	1.282864e+03
2.800000e-06	2.096482e-09	1.000111e-08	1.188126e+01	1.288802e+03
2.810000e-06	2.112601e-09	1.004543e-08	1.197261e+01	1.294662e+03
2.820000e-06	2.128625e-09	1.008943e-08	1.206342e+01	1.300446e+03
2.830000e-06	2.144565e-09	1.013361e-08	1.215375e+01	1.306152e+03
2.840000e-06	2.160394e-09	1.017769e-08	1.224346e+01	1.311781e+03
2.850000e-06	2.176087e-09	1.022108e-08	1.233240e+01	1.317335e+03
2.860000e-06	2.191620e-09	1.026361e-08	1.242043e+01	1.322812e+03
2.870000e-06	2.206984e-09	1.030500e-08	1.250750e+01	1.328214e+03
2.880000e-06	2.222191e-09	1.034582e-08	1.259368e+01	1.333539e+03
2.890000e-06	2.237243e-09	1.038645e-08	1.267898e+01	1.338787e+03
2.900000e-06	2.252128e-09	1.042615e-08	1.276334e+01	1.343956e+03
2.910000e-06	2.266854e-09	1.046562e-08	1.284680e+01	1.349043e+03
2.920000e-06	2.281443e-09	1.050563e-08	1.292948e+01	1.354045e+03
2.930000e-06	2.295917e-09	1.054509e-08	1.301151e+01	1.358958e+03
2.940000e-06	2.310297e-09	1.058316e-08	1.309300e+01	1.363778e+03
2.950000e-06	2.324570e-09	1.061955e-08	1.317389e+01	1.368502e+03
2.960000e-06	2.338686e-09	1.065403e-08	1.325388e+01	1.373124e+03
2.970000e-06	2.352571e-09	1.068818e-08	1.333258e+01	1.377643e+03
2.980000e-06	2.366183e-09	1.072309e-08	1.340972e+01	1.382055e+03
2.990000e-06	2.379512e-09	1.075801e-08	1.348526e+01	1.386360e+03
3.000000e-06	2.392603e-09	1.079227e-08	1.355944e+01	1.390556e+03
3.010000e-06	2.405529e-09	1.082558e-08	1.363270e+01	1.394645e+03
3.020000e-06	2.418339e-09	1.085752e-08	1.370530e+01	1.398629e+03
3.030000e-06	2.431040e-09	1.088809e-08	1.377727e+01	1.402511e+03
3.040000e-06	2.443598e-09	1.091749e-08	1.384845e+01	1.406296e+03
3.050000e-06	2.455974e-09	1.094566e-08	1.391858e+01	1.409988e+03
3.060000e-06	2.468166e-09	1.097325e-08	1.398768e+01	1.413592e+03
3.070000e-06	2.480184e-09	1.100060e-08	1.405579e+01	1.417115e+03
3.080000e-06	2.492028e-09	1.102792e-08	1.412291e+01	1.420562e+03
3.090000e-06	2.503708e-09	1.105516e-08	1.418911e+01	1.423937e+03
3.100000e-06	2.515226e-09	1.108098e-08	1.425438e+01	1.427245e+03
3.110000e-06	2.526594e-09	1.110524e-08	1.431880e+01	1.430489e+03
3.120000e-06	2.537848e-09	1.112888e-08	1.438259e+01	1.433672e+03
3.130000e-06	2.548995e-09	1.115161e-08	1.444576e+01	1.436797e+03
3.140000e-06	2.559992e-09	1.117375e-08	1.450808e+01	1.439864e+03
3.150000e-06	2.570776e-09	1.119591e-08	1.456920e+01	1.442874e+03
3.160000e-06	2.581277e-09	1.121798e-08	1.462871e+01	1.445827e+03
3.170000e-06	2.591467e-09	1.124012e-08	1.468646e+01	1.448724e+03
3.180000e-06	2.601390e-09	1.126203e-08	1.474269e+01	1.451564e+03
3.190000e-06	2.611112e-09	1.128292e-08	1.479779e+01	1.454347e+03
3.200000e-06	2.620672e-09	1.130230e-08	1.485196e+01	1.457073e+03
3.210000e-06	2.630071e-09	1.132031e-08	1.490523e+01	1.459743e+03
3.220000e-06	2.639290e-09	1.133835e-08	1.495748e+01	1.462358e+03
3.230000e-06	2.648319e-09	1.135688e-08	1.500865e+01	1.464919e+03
3.240000e-06	2.657170e-09	1.137584e-08	1.505881e+01	1.467427e+03
3.250000e-06	2.665851e-09	1.139463e-08	1.510801e+01	1.469885e+03
3.260000e-06	2.674349e-09	1.141215e-08	1.515617e+01	1.472293e+03
3.270000e-06	2.682656e-09	1.142878e-08	1.520325e+01	1.474654e+03
3.280000e-06	2.690803e-09	1.144460e-08	1.524941e+01	1.476968e+03
3.290000e-06	2.698830e-09	1.146014e-08	1.529491e+01	1.479236e+03
3.300000e-06	2.706729e-09	1.147609e-08	1.533967e+01	1.481460e+03
3.310000e-06	2.714455e-09	1.149176e-08	1.538346e+01	1.483639e+03
3.320000e-06	2.721973e-09	1.150722e-08	1.542606e+01	1.485772e+03
3.330000e-06	2.729276e-09	1.152303e-08	1.546745e+01	1.487860e+03
3.340000e-06	2.736378e-09	1.153821e-08	1.550770e+01	1.489900e+03
3.350000e-06	2.743310e-09	1.155201e-08	1.554699e+01	1.491892e+03
3.360000e-06	2.750088e-09	1.156505e-08	1.558540e+01	1.493835e+03
3.370000e-06	2.756679e-09	1.157829e-08	1.562275e+01	1.495726e+03
3.380000e-06	2.763026e-09	1.159200e-08	1.565872e+01	1.497566e+03
3.390000e-06	2.769108e-09	1.160565e-08	1.569319e+01	1.499352e+03
3.400000e-06	2.774948e-09	1.161843e-08	1.572628e+01	1.501085e+03
3.410000e-06	2.780567e-09	1.163056e-08	1.575813e+01	1.502765e+03
3.420000e-06	2.785980e-09	1.164262e-08	1.578881e+01	1.504390e+03
3.430000e-06	2.791181e-09	1.165381e-08	1.581828e+01	1.505962e+03
3.440000e-06	2.796181e-09	1.166409e-08	1.584662e+01	1.507481e+03
3.450000e-06	2.801000e-09	1.167427e-08	1.587393e+01	1.508947e+03
3.460000e-06	2.805621e-09	1.168472e-08	1.590012e+01	1.510361e+03
3.470000e-06	2.809990e-09	1.169487e-08	1.592488e+01	1.511722e+03
3.480000e-06	2.814045e-09	1.170466e-08	1.594786e+01	1.513031e+03
3.490000e-06	2.817783e-09	1.171450e-08	1.596904e+01	1.514287e+03
3.500000e-06	2.821261e-09	1.172349e-08	1.598875e+01	1.515489e+03
3.510000e-06	2.824557e-09	1.173136e-08	1.600743e+01	1.516636e+03
3.520000e-06	2.827713e-09	1.173919e-08	1.602532e+01	1.517727e+03
3.530000e-06	2.830710e-09	1.174714e-08	1.604230e+01	1.518759e+03
3.540000e-06	2.833515e-09	1.175485e-08	1.605820e+01	1.519730e+03
3.550000e-06	2.836117e-09	1.176258e-08	1.607295e+01	1.520640e+03
3.560000e-06	2.838521e-09	1.176979e-08	1.608657e+01	1.521484e+03
3.570000e-06	2.840723e-09	1.177607e-08	1.609905e+01	1.522262e+03
3.580000e-06	2.842715e-09	1.178214e-08	1.611034e+01	1.522971e+03
3.590000e-06	2.844522e-09	1.178769e-08	1.612058e+01	1.523610e+03
3.600000e-06	2.846190e-09	1.179187e-08	1.613003e+01	1.524178e+03
3.610000e-06	2.847728e-09	1.179550e-08	1.613875e+01	1.524675e+03
3.620000e-06	2.849084e-09	1.179939e-08	1.614643e+01	1.525099e+03
3.630000e-06	2.850190e-09	1.180332e-08	1.615270e+01	1.525452e+03
3.640000e-06	2.850997e-09	1.180647e-08	1.615727e+01	1.525734e+03
3.650000e-06	2.851508e-09	1.180886e-08	1.616017e+01	1.525947e+03
3.660000e-06	2.851774e-09	1.181072e-08	1.616168e+01	1.526091e+03
3.670000e-06	2.851864e-09	1.181180e-08	1.616219e+01	1.526168e+03
3.680000e-06	2.851809e-09	1.181253e-08	1.616187e+01	1.526180e+03
3.690000e-06	2.851580e-09	1.181274e-08	1.616058e+01	1.526129e+03
3.700000e-06	2.851140e-09	1.181235e-08	1.615808e+01	1.526017e+03
3.710000e-06	2.850506e-09	1.181340e-08	1.615449e+01	1.525846e+03
3.720000e-06	2.849691e-09	1.181294e-08	1.614987e+01	1.525617e+03
3.730000e-06	2.848627e-09	1.181133e-08	1.614384e+01	1.525333e+03
3.740000e-06	2.847290e-09	1.181155e-08	1.613626e+01	1.524993e+03
3.750000e-06	2.845779e-09	1.180621e-08	1.612770e+01	1.524599e+03
3.760000e-06	2.844191e-09	1.179830e-08	1.611870e+01	1.524152e+03
3.770000e-06	2.842529e-09	1.179832e-08	1.610928e+01	1.523652e+03
3.780000e-06	2.840704e-09	1.179890e-08	1.609894e+01	1.523099e+03
3.790000e-06	2.838591e-09	1.179184e-08	1.608697e+01	1.522492e+03
3.800000e-06	2.836127e-09	1.178648e-08	1.607300e+01	1.521830e+03
3.810000e-06	2.833354e-09	1.178516e-08	1.605728e+01	1.521112e+03
3.820000e-06	2.830373e-09	1.177845e-08	1.604039e+01	1.520336e+03
3.830000e-06	2.827235e-09	1.176999e-08	1.602261e+01	1.519501e+03
3.840000e-06	2.823914e-09	1.176555e-08	1.600379e+01	1.518605e+03
3.850000e-06	2.820390e-09	1.175931e-08	1.598382e+01	1.517646e+03
3.860000e-06	2.816699e-09	1.175129e-08	1.596290e+01	1.516623e+03
3.870000e-06	2.812871e-09	1.174544e-08	1.594120e+01	1.515535e+03
3.880000e-06	2.808840e-09	1.173782e-08	1.591836e+01	1.514381e+03
3.890000e-06	2.804543e-09	1.172553e-08	1.589401e+01	1.513160e+03
3.900000e-06	2.800001e-09	1.171403e-08	1.586827e+01	1.511873e+03
3.910000e-06	2.795290e-09	1.170524e-08	1.584157e+01	1.510519e+03
3.920000e-06	2.790419e-09	1.169508e-08	1.581396e+01	1.509101e+03
3.930000e-06	2.785297e-09	1.168444e-08	1.578494e+01	1.507619e+03
3.940000e-06	2.779826e-09	1.167497e-08	1.575393e+01	1.506075e+03
3.950000e-06	2.774023e-09	1.166336e-08	1.572104e+01	1.504471e+03
3.960000e-06	2.767967e-09	1.164939e-08	1.568672e+01	1.502810e+03
3.970000e-06	2.761711e-09	1.163665e-08	1.565127e+01	1.501092e+03
3.980000e-06	2.755289e-09	1.162443e-08	1.561487e+01	1.499321e+03
3.990000e-06	2.748710e-09	1.161061e-08	1.557759e+01	1.497496e+03
4.000000e-06	2.741976e-09	1.159693e-08	1.553943e+01	1.495620e+03
4.010000e-06	2.735071e-09	1.158416e-08	1.550029e+01	1.493692e+03
4.020000e-06	2.727965e-09	1.156996e-08	1.546002e+01	1.491712e+03
4.030000e-06	2.720651e-09	1.155389e-08	1.541857e+01	1.489680e+03
4.040000e-06	2.713138e-09	1.153662e-08	1.537599e+01	1.487594e+03
4.050000e-06	2.705447e-09	1.151899e-08	1.533241e+01	1.485452e+03
4.060000e-06	2.697604e-09	1.150258e-08	1.528796e+01	1.483253e+03
4.070000e-06	2.689641e-09	1.148736e-08	1.524283e+01	1.480994e+03
4.080000e-06	2.681563e-09	1.147095e-08	1.519705e+01	1.478674e+03
4.090000e-06	2.673305e-09	1.145277e-08	1.515025e+01	1.476289e+03
4.100000e-06	2.664748e-09	1.143436e-08	1.510176e+01	1.473840e+03
4.110000e-06	2.655840e-09	1.141589e-08	1.505127e+01	1.471323e+03
4.120000e-06	2.646643e-09	1.139640e-08	1.499915e+01	1.468739e+03
4.130000e-06	2.637245e-09	1.137595e-08	1.494589e+01	1.466086e+03
4.140000e-06	2.627690e-09	1.135562e-08	1.489174e+01	1.463365e+03
4.150000e-06	2.617998e-09	1.133585e-08	1.483681e+01	1.460575e+03
4.160000e-06	2.608166e-09	1.131591e-08	1.478109e+01	1.457717e+03
4.170000e-06	2.598176e-09	1.129476e-08	1.472447e+01	1.454791e+03
4.180000e-06	2.588006e-09	1.127199e-08	1.466684e+01	1.451799e+03
4.190000e-06	2.577631e-09	1.124767e-08	1.460804e+01	1.448740e+03
4.200000e-06	2.567046e-09	1.122275e-08	1.454806e+01	1.445616e+03
4.210000e-06	2.556273e-09	1.119880e-08	1.448700e+01	1.442426e+03
4.220000e-06	2.545335e-09	1.117536e-08	1.442501e+01	1.439170e+03
4.230000e-06	2.534267e-09	1.115074e-08	1.436229e+01	1.435849e+03
4.240000e-06	2.523083e-09	1.112482e-08	1.429891e+01	1.432463e+03
4.250000e-06	2.511760e-09	1.109864e-08	1.423474e+01	1.429010e+03
4.260000e-06	2.500235e-09	1.107212e-08	1.416942e+01	1.425491e+03
4.270000e-06	2.488445e-09	1.104446e-08	1.410261e+01	1.421905e+03
4.280000e-06	2.476372e-09	1.101604e-08	1.403419e+01	1.418251e+03
4.290000e-06	2.464025e-09	1.098795e-08	1.396421e+01	1.414530e+03
4.300000e-06	2.451457e-09	1.096053e-08	1.389299e+01	1.410741e+03
4.310000e-06	2.438742e-09	1.093285e-08	1.382093e+01	1.406884e+03
4.320000e-06	2.425906e-09	1.090415e-08	1.374818e+01	1.402959e+03
4.330000e-06	2.412920e-09	1.087442e-08	1.367459e+01	1.398966e+03
4.340000e-06	2.399754e-09	1.084370e-08	1.359997e+01	1.394905e+03
4.350000e-06	2.386423e-09	1.081155e-08	1.352442e+01	1.390776e+03
4.360000e-06	2.372937e-09	1.077865e-08	1.344800e+01	1.386578e+03
4.370000e-06	2.359297e-09	1.074602e-08	1.337069e+01	1.382312e+03
4.380000e-06	2.345486e-09	1.071295e-08	1.329242e+01	1.377975e+03
4.390000e-06	2.331489e-09	1.067897e-08	1.321310e+01	1.373567e+03
4.400000e-06	2.317323e-09	1.064496e-08	1.313282e+01	1.369085e+03
4.410000e-06	2.303037e-09	1.061108e-08	1.305186e+01	1.364529e+03
4.420000e-06	2.288667e-09	1.057612e-08	1.297042e+01	1.359894e+03
4.430000e-06	2.274177e-09	1.053989e-08	1.288830e+01	1.355180e+03
4.440000e-06	2.259494e-09	1.050392e-08	1.280509e+01	1.350383e+03
4.450000e-06	2.244571e-09	1.046846e-08	1.272051e+01	1.345501e+03
4.460000e-06	2.229395e-09	1.043133e-08	1.263451e+01	1.340533e+03
4.470000e-06	2.213973e-09	1.039151e-08	1.254711e+01	1.335477e+03
4.480000e-06	2.198336e-09	1.035072e-08	1.245849e+01	1.330332e+03
4.490000e-06	2.182529e-09	1.031030e-08	1.236890e+01	1.325097e+03
4.500000e-06	2.166603e-09	1.026996e-08	1.227865e+01	1.319774e+03
4.510000e-06	2.150577e-09	1.022930e-08	1.218783e+01	1.314363e+03
4.520000e-06	2.134429e-09	1.018756e-08	1.209631e+01	1.308864e+03
4.530000e-06	2.118128e-09	1.014433e-08	1.200393e+01	1.303281e+03
4.540000e-06	2.101673e-09	1.010024e-08	1.191068e+01	1.297614e+03
4.550000e-06	2.085077e-09	1.005546e-08	1.181663e+01	1.291866e+03
4.560000e-06	2.068358e-09	1.000913e-08	1.172187e+01	1.286038e+03
4.570000e-06	2.051510e-09	9.961904e-09	1.162639e+01	1.280133e+03
4.580000e-06	2.034504e-09	9.915719e-09	1.153001e+01	1.274150e+03
4.590000e-06	2.017327e-09	9.870547e-09	1.143267e+01	1.268090e+03
4.600000e-06	2.000002e-09	9.824876e-09	1.133448e+01	1.261953e+03
4.610000e-06	1.982562e-09	9.778049e-09	1.123565e+01	1.255739e+03
4.620000e-06	1.965041e-09	9.729834e-09	1.113635e+01	1.249445e+03
4.630000e-06	1.947450e-09	9.680209e-09	1.103666e+01	1.243070e+03
4.640000e-06	1.929766e-09	9.630248e-09	1.093644e+01	1.236611e+03
4.650000e-06	1.911958e-09	9.580554e-09	1.083552e+01	1.230064e+03
4.660000e-06	1.893995e-09	9.530281e-09	1.073372e+01	1.223427e+03
4.670000e-06	1.875873e-09	9.478748e-09	1.063102e+01	1.216696e+03
4.680000e-06	1.857597e-09	9.426580e-09	1.052744e+01	1.209867e+03
4.690000e-06	1.839178e-09	9.374210e-09	1.042306e+01	1.202936e+03
4.700000e-06	1.820650e-09	9.320870e-09	1.031806e+01	1.195899e+03
4.710000e-06	1.802037e-09	9.265800e-09	1.021257e+01	1.188751e+03
4.720000e-06	1.783326e-09	9.209298e-09	1.010653e+01	1.181490e+03
4.730000e-06	1.764507e-09	9.152221e-09	9.999877e+00	1.174110e+03
4.740000e-06	1.745575e-09	9.094679e-09	9.892584e+00	1.166607e+03
4.750000e-06	1.726495e-09	9.036190e-09	9.784454e+00	1.158978e+03
4.760000e-06	1.707253e-09	8.976733e-09	9.675406e+00	1.151219e+03
4.770000e-06	1.687837e-09	8.916013e-09	9.565373e+00	1.143325e+03
4.780000e-06	1.668241e-09	8.853986e-09	9.454317e+00	1.135294e+03
4.790000e-06	1.648499e-09	8.790775e-09	9.342431e+00	1.127122e+03
4.800000e-06	1.628637e-09	8.725910e-09	9.229868e+00	1.118807e+03
4.810000e-06	1.608653e-09	8.659432e-09	9.116616e+00	1.110348e+03
4.820000e-06	1.588540e-09	8.592380e-09	9.002631e+00	1.101744e+03
4.830000e-06	1.568298e-09	8.524811e-09	8.887913e+00	1.092996e+03
4.840000e-06	1.547926e-09	8.455988e-09	8.772464e+00	1.084104e+03
4.850000e-06	1.527435e-09	8.386305e-09	8.656333e+00	1.075071e+03
4.860000e-06	1.506838e-09	8.315683e-09	8.539604e+00	1.065901e+03
4.870000e-06	1.486148e-09	8.243499e-09	8.422354e+00	1.056598e+03
4.880000e-06	1.465372e-09	8.170163e-09	8.304606e+00	1.047166e+03
4.890000e-06	1.444501e-09	8.096044e-09	8.186330e+00	1.037611e+03
4.900000e-06	1.423518e-09	8.020856e-09	8.067412e+00	1.027937e+03
4.910000e-06	1.402402e-09	7.945050e-09	7.947743e+00	1.018148e+03
4.920000e-06	1.381127e-09	7.868137e-09	7.827170e+00	1.008249e+03
4.930000e-06	1.359669e-09	7.789294e-09	7.705565e+00	9.982407e+02
4.940000e-06	1.338032e-09	7.709234e-09	7.582944e+00	9.881244e+02
4.950000e-06	1.316229e-09	7.629038e-09	7.459379e+00	9.778988e+02
4.960000e-06	1.294270e-09	7.548473e-09	7.334932e+00	9.675610e+02
4.970000e-06	1.272177e-09	7.466546e-09	7.209727e+00	9.571064e+02
4.980000e-06	1.249984e-09	7.383140e-09	7.083954e+00	9.465285e+02
4.990000e-06	1.227724e-09	7.298481e-09	6.957802e+00	9.358196e+02
5.000000e-06	1.205417e-09	7.212734e-09	6.831383e+00	9.249710e+02
5.010000e-06	1.183066e-09	7.126058e-09	6.704715e+00	9.139732e+02
5.020000e-06	1.160672e-09	7.038600e-09	6.577803e+00	9.028169e+02
5.030000e-06	1.138228e-09	6.950474e-09	6.450606e+00	8.914929e+02
5.040000e-06	1.115722e-09	6.862028e-09	6.323058e+00	8.799930e+02
5.050000e-06	1.093141e-09	6.772729e-09	6.195087e+00	8.683101e+02
5.060000e-06	1.070478e-09	6.681763e-09	6.066652e+00	8.564388e+02
5.070000e-06	1.047728e-09	6.589193e-09	5.937720e+00	8.443750e+02
5.080000e-06	1.024894e-09	6.494973e-09	5.808314e+00	8.321166e+02
5.090000e-06	1.001982e-09	6.398738e-09	5.678467e+00	8.196629e+02
5.100000e-06	9.789972e-10	6.300715e-09	5.548208e+00	8.070145e+02
5.110000e-06	9.559526e-10	6.201438e-09	5.417609e+00	7.941730e+02
5.120000e-06	9.328531e-10	6.100628e-09	5.286699e+00	7.811406e+02
5.130000e-06	9.096935e-10	5.997572e-09	5.155448e+00	7.679195e+02
5.140000e-06	8.864718e-10	5.892561e-09	5.023845e+00	7.545114e+02
5.150000e-06	8.631828e-10	5.785904e-09	4.891861e+00	7.409173e+02
5.160000e-06	8.398243e-10	5.677584e-09	4.759482e+00	7.271369e+02
5.170000e-06	8.164016e-10	5.568661e-09	4.626741e+00	7.131682e+02
5.180000e-06	7.929146e-10	5.458465e-09	4.493634e+00	6.990078e+02
5.190000e-06	7.693593e-10	5.345820e-09	4.360141e+00	6.846505e+02
5.200000e-06	7.457390e-10	5.232057e-09	4.226279e+00	6.700895e+02
5.210000e-06	7.220562e-10	5.117660e-09	4.092063e+00	6.553167e+02
5.220000e-06	6.983155e-10	5.001455e-09	3.957519e+00	6.403228e+02
5.230000e-06	6.745243e-10	4.883476e-09	3.822688e+00	6.250981e+02
5.240000e-06	6.506919e-10	4.764026e-09	3.687625e+00	6.096326e+02
5.250000e-06	6.268337e-10	4.642889e-09	3.552415e+00	5.939163e+02
5.260000e-06	6.029557e-10	4.520525e-09	3.417093e+00	5.779400e+02
5.270000e-06	5.790575e-10	4.396585e-09	3.281656e+00	5.616955e+02
5.280000e-06	5.551388e-10	4.269678e-09	3.146103e+00	5.451754e+02
5.290000e-06	5.312051e-10	4.139308e-09	3.010464e+00	5.283741e+02
5.300000e-06	5.072587e-10	4.006397e-09	2.874755e+00	5.112868e+02
5.310000e-06	4.832995e-10	3.871226e-09	2.738973e+00	4.939104e+02
5.320000e-06	4.593291e-10	3.733538e-09	2.603126e+00	4.762426e+02
5.330000e-06	4.353428e-10	3.593696e-09	2.467190e+00	4.582821e+02
5.340000e-06	4.113388e-10	3.451705e-09	2.331154e+00	4.400282e+02
5.350000e-06	3.873189e-10	3.307291e-09	2.195028e+00	4.214806e+02
5.360000e-06	3.632828e-10	3.160650e-09	2.058809e+00	4.026390e+02
5.370000e-06	3.392280e-10	3.012054e-09	1.922485e+00	3.835032e+02
5.380000e-06	3.151549e-10	2.861308e-09	1.786057e+00	3.640728e+02
5.390000e-06	2.910687e-10	2.708220e-09	1.649555e+00	3.443471e+02
5.400000e-06	2.669678e-10	2.553233e-09	1.512969e+00	3.243255e+02
5.410000e-06	2.428461e-10	2.396447e-09	1.376266e+00	3.040074e+02
5.420000e-06	2.187041e-10	2.237160e-09	1.239448e+00	2.833925e+02
5.430000e-06	1.945538e-10	2.074783e-09	1.102582e+00	2.624812e+02
5.440000e-06	1.703967e-10	1.909167e-09	9.656781e-01	2.412751e+02
5.450000e-06	1.462259e-10	1.740777e-09	8.286964e-01	2.197772e+02
5.460000e-06	1.220371e-10	1.570171e-09	6.916129e-01	1.979924e+02
5.470000e-06	9.783700e-11	1.397328e-09	5.544653e-01	1.759277e+02
5.480000e-06	7.362889e-11	1.222371e-09	4.172723e-01	1.535927e+02
5.490000e-06	4.941531e-11	1.046110e-09	2.800482e-01	1.309999e+02
5.500000e-06	2.519486e-11	8.689548e-10	1.427852e-01	1.081643e+02
5.510000e-06	9.685526e-13	6.903341e-10	5.489069e-03	8.510409e+01
5.520000e-06	-2.325717e-11	5.098382e-10	-1.318038e-01	6.183996e+01
5.530000e-06	-4.747955e-11	3.277974e-10	-2.690778e-01	3.839528e+01
5.540000e-06	-7.169365e-11	1.444944e-10	-4.063047e-01	1.479572e+01
5.550000e-06	-9.590439e-11	-4.007936e-11	-5.435127e-01	-8.931122e+00
5.560000e-06	-1.200970e-10	-2.253751e-10	-6.806179e-01	-3.275609e+01
5.570000e-06	-1.442688e-10	-4.105411e-10	-8.176050e-01	-5.664890e+01
5.580000e-06	-1.684276e-10	-5.955927e-10	-9.545188e-01	-8.057853e+01
5.590000e-06	-1.925760e-10	-7.809085e-10	-1.091374e+00	-1.045137e+02
5.600000e-06	-2.167134e-10	-9.661790e-10	-1.228166e+00	-1.284232e+02
5.610000e-06	-2.408267e-10	-1.150843e-09	-1.364822e+00	-1.522762e+02
5.620000e-06	-2.649254e-10	-1.335195e-09	-1.501395e+00	-1.760427e+02
5.630000e-06	-2.890177e-10	-1.519690e-09	-1.637932e+00	-1.996937e+02
5.640000e-06	-3.130937e-10	-1.703518e-09	-1.774376e+00	-2.232012e+02
5.650000e-06	-3.371469e-10	-1.885638e-09	-1.910691e+00	-2.465387e+02
5.660000e-06	-3.611813e-10	-2.065725e-09	-2.046899e+00	-2.696812e+02
5.670000e-06	-3.851992e-10	-2.243646e-09	-2.183015e+00	-2.926050e+02
5.680000e-06	-4.091987e-10	-2.420133e-09	-2.319026e+00	-3.152880e+02
5.690000e-06	-4.331868e-10	-2.595920e-09	-2.454972e+00	-3.377099e+02
5.700000e-06	-4.571638e-10	-2.770611e-09	-2.590855e+00	-3.598518e+02
5.710000e-06	-4.811251e-10	-2.943416e-09	-2.726650e+00	-3.816966e+02
5.720000e-06	-5.050737e-10	-3.113373e-09	-2.862372e+00	-4.032289e+02
5.730000e-06	-5.290089e-10	-3.279362e-09	-2.998018e+00	-4.244350e+02
5.740000e-06	-5.529253e-10	-3.441350e-09	-3.133558e+00	-4.453030e+02
5.750000e-06	-5.768255e-10	-3.600134e-09	-3.269006e+00	-4.658229e+02
5.760000e-06	-6.007063e-10	-3.755715e-09	-3.404344e+00	-4.859866e+02
5.770000e-06	-6.245573e-10	-3.909000e-09	-3.539514e+00	-5.057878e+02
5.780000e-06	-6.483784e-10	-4.061106e-09	-3.674514e+00	-5.252225e+02
5.790000e-06	-6.721613e-10	-4.211274e-09	-3.809297e+00	-5.442885e+02
5.800000e-06	-6.958925e-10	-4.358781e-09	-3.943787e+00	-5.629855e+02
5.810000e-06	-7.195599e-10	-4.503341e-09	-4.077916e+00	-5.813152e+02
5.820000e-06	-7.431619e-10	-4.644259e-09	-4.211674e+00	-5.992813e+02
5.830000e-06	-7.667008e-10	-4.781408e-09	-4.345075e+00	-6.168890e+02
5.840000e-06	-7.901682e-10	-4.915718e-09	-4.478070e+00	-6.341449e+02
5.850000e-06	-8.135650e-10	-5.048212e-09	-4.610665e+00	-6.510572e+02
5.860000e-06	-8.368965e-10	-5.178357e-09	-4.742890e+00	-6.676346e+02
5.870000e-06	-8.601573e-10	-5.305639e-09	-4.874714e+00	-6.838871e+02
5.880000e-06	-8.833575e-10	-5.430353e-09	-5.006195e+00	-6.998245e+02
5.890000e-06	-9.065095e-10	-5.552077e-09	-5.137403e+00	-7.154570e+02
5.900000e-06	-9.296061e-10	-5.670640e-09	-5.268297e+00	-7.307946e+02
5.910000e-06	-9.526418e-10	-5.786680e-09	-5.398846e+00	-7.458466e+02
5.920000e-06	-9.756100e-10	-5.900867e-09	-5.529012e+00	-7.606217e+02
5.930000e-06	-9.984990e-10	-6.013816e-09	-5.658729e+00	-7.751276e+02
5.940000e-06	-1.021298e-09	-6.125703e-09	-5.787938e+00	-7.893712e+02
5.950000e-06	-1.044010e-09	-6.236212e-09	-5.916650e+00	-8.033582e+02
5.960000e-06	-1.066634e-09	-6.345296e-09	-6.044865e+00	-8.170934e+02
5.970000e-06	-1.089174e-09	-6.452616e-09	-6.172606e+00	-8.305807e+02
5.980000e-06	-1.111642e-09	-6.557501e-09	-6.299936e+00	-8.438235e+02
5.990000e-06	-1.134050e-09	-6.659124e-09	-6.426929e+00	-8.568248e+02
6.000000e-06	-1.156422e-09	-6.757517e-09	-6.553717e+00	-8.695874e+02
6.010000e-06	-1.178764e-09	-6.853854e-09	-6.680334e+00	-8.821146e+02
6.020000e-06	-1.201068e-09	-6.948834e-09	-6.806736e+00	-8.944099e+02
6.030000e-06	-1.223316e-09	-7.042331e-09	-6.932820e+00	-9.064779e+02
6.040000e-06	-1.245496e-09	-7.134181e-09	-7.058517e+00	-9.183239e+02
6.050000e-06	-1.267579e-09	-7.224453e-09	-7.183671e+00	-9.299545e+02
6.060000e-06	-1.289532e-09	-7.313287e-09	-7.308084e+00	-9.413773e+02
6.070000e-06	-1.311327e-09	-7.400888e-09	-7.431597e+00	-9.526008e+02
6.080000e-06	-1.332944e-09	-7.487435e-09	-7.554108e+00	-9.636345e+02
6.090000e-06	-1.354386e-09	-7.573135e-09	-7.675624e+00	-9.744885e+02
6.100000e-06	-1.375652e-09	-7.657541e-09	-7.796147e+00	-9.851728e+02
6.110000e-06	-1.396760e-09	-7.740592e-09	-7.915771e+00	-9.956974e+02
6.120000e-06	-1.417740e-09	-7.822498e-09	-8.034668e+00	-1.006072e+03
6.130000e-06	-1.438614e-09	-7.902866e-09	-8.152966e+00	-1.016304e+03
6.140000e-06	-1.459404e-09	-7.982192e-09	-8.270789e+00	-1.026400e+03
6.150000e-06	-1.480124e-09	-8.060882e-09	-8.388212e+00	-1.036366e+03
6.160000e-06	-1.500760e-09	-8.138541e-09	-8.505158e+00	-1.046204e+03
6.170000e-06	-1.521288e-09	-8.214850e-09	-8.621498e+00	-1.055915e+03
6.180000e-06	-1.541692e-09	-8.290254e-09	-8.737132e+00	-1.065499e+03
6.190000e-06	-1.561962e-09	-8.364750e-09	-8.852005e+00	-1.074951e+03
6.200000e-06	-1.582100e-09	-8.437668e-09	-8.966134e+00	-1.084267e+03
6.210000e-06	-1.602118e-09	-8.508915e-09	-9.079580e+00	-1.093442e+03
6.220000e-06	-1.622011e-09	-8.578738e-09	-9.192316e+00	-1.102469e+03
6.230000e-06	-1.641746e-09	-8.647409e-09	-9.304164e+00	-1.111342e+03
6.240000e-06	-1.661306e-09	-8.714647e-09	-9.415012e+00	-1.120055e+03
6.250000e-06	-1.680677e-09	-8.780476e-09	-9.524793e+00	-1.128603e+03
6.260000e-06	-1.699840e-09	-8.845323e-09	-9.633395e+00	-1.136983e+03
6.270000e-06	-1.718811e-09	-8.909038e-09	-9.740905e+00	-1.145193e+03
6.280000e-06	-1.737631e-09	-8.970939e-09	-9.847564e+00	-1.153233e+03
6.290000e-06	-1.756335e-09	-9.030949e-09	-9.953563e+00	-1.161106e+03
6.300000e-06	-1.774949e-09	-9.090084e-09	-1.005905e+01	-1.168815e+03
6.310000e-06	-1.793487e-09	-9.148642e-09	-1.016411e+01	-1.176369e+03
6.320000e-06	-1.811945e-09	-9.206044e-09	-1.026872e+01	-1.183773e+03
6.330000e-06	-1.830318e-09	-9.262485e-09	-1.037284e+01	-1.191038e+03
6.340000e-06	-1.848591e-09	-9.318575e-09	-1.047640e+01	-1.198172e+03
6.350000e-06	-1.866735e-09	-9.374024e-09	-1.057923e+01	-1.205186e+03
6.360000e-06	-1.884722e-09	-9.428313e-09	-1.068117e+01	-1.212088e+03
6.370000e-06	-1.902553e-09	-9.481095e-09	-1.078221e+01	-1.218888e+03
6.380000e-06	-1.920258e-09	-9.532451e-09	-1.088255e+01	-1.225593e+03
6.390000e-06	-1.937874e-09	-9.583228e-09	-1.098239e+01	-1.232209e+03
6.400000e-06	-1.955423e-09	-9.634082e-09	-1.108184e+01	-1.238742e+03
6.410000e-06	-1.972899e-09	-9.684915e-09	-1.118088e+01	-1.245196e+03
6.420000e-06	-1.990276e-09	-9.735352e-09	-1.127936e+01	-1.251572e+03
6.430000e-06	-2.007516e-09	-9.785319e-09	-1.137707e+01	-1.257873e+03
6.440000e-06	-2.024599e-09	-9.834556e-09	-1.147388e+01	-1.264098e+03
6.450000e-06	-2.041534e-09	-9.882637e-09	-1.156985e+01	-1.270247e+03
6.460000e-06	-2.058337e-09	-9.929808e-09	-1.166508e+01	-1.276320e+03
6.470000e-06	-2.075010e-09	-9.976418e-09	-1.175957e+01	-1.282317e+03
6.480000e-06	-2.091537e-09	-1.002259e-08	-1.185323e+01	-1.288236e+03
6.490000e-06	-2.107907e-09	-1.006827e-08	-1.194600e+01	-1.294078e+03
6.500000e-06	-2.124117e-09	-1.011337e-08	-1.203787e+01	-1.299843e+03
6.510000e-06	-2.140194e-09	-1.015830e-08	-1.212898e+01	-1.305531e+03
6.520000e-06	-2.156171e-09	-1.020263e-08	-1.221953e+01	-1.311143e+03
6.530000e-06	-2.172060e-09	-1.024579e-08	-1.230958e+01	-1.316678e+03
6.540000e-06	-2.187840e-09	-1.028824e-08	-1.239900e+01	-1.322138e+03
6.550000e-06	-2.203462e-09	-1.033044e-08	-1.248754e+01	-1.327522e+03
6.560000e-06	-2.218869e-09	-1.037222e-08	-1.257486e+01	-1.332829e+03
6.570000e-06	-2.234014e-09	-1.041313e-08	-1.266068e+01	-1.338059e+03
6.580000e-06	-2.248892e-09	-1.045271e-08	-1.274500e+01	-1.343209e+03
6.590000e-06	-2.263539e-09	-1.049127e-08	-1.282801e+01	-1.348276e+03
6.600000e-06	-2.278018e-09	-1.053004e-08	-1.291007e+01	-1.353257e+03
6.610000e-06	-2.292386e-09	-1.056866e-08	-1.299149e+01	-1.358149e+03
6.620000e-06	-2.306652e-09	-1.060625e-08	-1.307234e+01	-1.362947e+03
6.630000e-06	-2.320791e-09	-1.064260e-08	-1.315247e+01	-1.367647e+03
6.640000e-06	-2.334763e-09	-1.067782e-08	-1.323165e+01	-1.372245e+03
6.650000e-06	-2.348557e-09	-1.071211e-08	-1.330983e+01	-1.376739e+03
6.660000e-06	-2.362176e-09	-1.074546e-08	-1.338701e+01	-1.381126e+03
6.670000e-06	-2.375626e-09	-1.077800e-08	-1.346324e+01	-1.385405e+03
6.680000e-06	-2.388904e-09	-1.081019e-08	-1.353848e+01	-1.389576e+03
6.690000e-06	-2.402003e-09	-1.084224e-08	-1.361272e+01	-1.393640e+03
6.700000e-06	-2.414949e-09	-1.087357e-08	-1.368608e+01	-1.397600e+03
6.710000e-06	-2.427770e-09	-1.090371e-08	-1.375874e+01	-1.401458e+03
6.720000e-06	-2.440471e-09	-1.093253e-08	-1.383073e+01	-1.405221e+03
6.730000e-06	-2.453021e-09	-1.096048e-08	-1.390185e+01	-1.408892e+03
6.740000e-06	-2.465355e-09	-1.098766e-08	-1.397175e+01	-1.412477e+03
6.750000e-06	-2.477416e-09	-1.101470e-08	-1.404010e+01	-1.415981e+03
6.760000e-06	-2.489197e-09	-1.104174e-08	-1.410687e+01	-1.419411e+03
6.770000e-06	-2.500724e-09	-1.106823e-08	-1.417219e+01	-1.422769e+03
6.780000e-06	-2.512051e-09	-1.109425e-08	-1.423638e+01	-1.426062e+03
6.790000e-06	-2.523250e-09	-1.111993e-08	-1.429985e+01	-1.429292e+03
6.800000e-06	-2.534345e-09	-1.114546e-08	-1.436273e+01	-1.432461e+03
6.810000e-06	-2.545298e-09	-1.117052e-08	-1.442480e+01	-1.435572e+03
6.820000e-06	-2.556066e-09	-1.119471e-08	-1.448583e+01	-1.438626e+03
6.830000e-06	-2.566641e-09	-1.121831e-08	-1.454576e+01	-1.441623e+03
6.840000e-06	-2.577033e-09	-1.124174e-08	-1.460465e+01	-1.444563e+03
6.850000e-06	-2.587240e-09	-1.126547e-08	-1.466250e+01	-1.447446e+03
6.860000e-06	-2.597250e-09	-1.128937e-08	-1.471923e+01	-1.450272e+03
6.870000e-06	-2.607077e-09	-1.131277e-08	-1.477492e+01	-1.453041e+03
6.880000e-06	-2.616758e-09	-1.133539e-08	-1.482978e+01	-1.455754e+03
6.890000e-06	-2.626322e-09	-1.135733e-08	-1.488399e+01	-1.458411e+03
6.900000e-06	-2.635755e-09	-1.137895e-08	-1.493745e+01	-1.461014e+03
6.910000e-06	-2.644992e-09	-1.140008e-08	-1.498980e+01	-1.463562e+03
6.920000e-06	-2.653975e-09	-1.142060e-08	-1.504070e+01	-1.466058e+03
6.930000e-06	-2.662669e-09	-1.144055e-08	-1.508997e+01	-1.468504e+03
6.940000e-06	-2.671081e-09	-1.146039e-08	-1.513764e+01	-1.470901e+03
6.950000e-06	-2.679266e-09	-1.148017e-08	-1.518403e+01	-1.473251e+03
6.960000e-06	-2.687296e-09	-1.149917e-08	-1.522954e+01	-1.475554e+03
6.970000e-06	-2.695202e-09	-1.151768e-08	-1.527434e+01	-1.477812e+03
6.980000e-06	-2.702959e-09	-1.153613e-08	-1.531831e+01	-1.480025e+03
6.990000e-06	-2.710534e-09	-1.155429e-08	-1.536124e+01	-1.482193e+03
7.000000e-06	-2.717919e-09	-1.157159e-08	-1.540309e+01	-1.484316e+03
7.010000e-06	-2.725126e-09	-1.158797e-08	-1.544393e+01	-1.486392e+03
7.020000e-06	-2.732151e-09	-1.160464e-08	-1.548374e+01	-1.488422e+03
7.030000e-06	-2.738979e-09	-1.162161e-08	-1.552244e+01	-1.490402e+03
7.040000e-06	-2.745616e-09	-1.163781e-08	-1.556006e+01	-1.492333e+03
7.050000e-06	-2.752094e-09	-1.165282e-08	-1.559676e+01	-1.494212e+03
7.060000e-06	-2.758437e-09	-1.166723e-08	-1.563272e+01	-1.496039e+03
7.070000e-06	-2.764612e-09	-1.168171e-08	-1.566771e+01	-1.497813e+03
7.080000e-06	-2.770544e-09	-1.169581e-08	-1.570133e+01	-1.499534e+03
7.090000e-06	-2.776155e-09	-1.170921e-08	-1.573313e+01	-1.501200e+03
7.100000e-06	-2.781439e-09	-1.172268e-08	-1.576307e+01	-1.502813e+03
7.110000e-06	-2.786464e-09	-1.173611e-08	-1.579155e+01	-1.504373e+03
7.120000e-06	-2.791288e-09	-1.174855e-08	-1.581889e+01	-1.505879e+03
7.130000e-06	-2.795927e-09	-1.176008e-08	-1.584518e+01	-1.507333e+03
7.140000e-06	-2.800366e-09	-1.177109e-08	-1.587033e+01	-1.508734e+03
7.150000e-06	-2.804600e-09	-1.178152e-08	-1.589433e+01	-1.510083e+03
7.160000e-06	-2.808640e-09	-1.179152e-08	-1.591723e+01	-1.511380e+03
7.170000e-06	-2.812495e-09	-1.180173e-08	-1.593907e+01	-1.512623e+03
7.180000e-06	-2.816152e-09	-1.181213e-08	-1.595980e+01	-1.513812e+03
7.190000e-06	-2.819602e-09	-1.182155e-08	-1.597935e+01	-1.514946e+03
7.200000e-06	-2.822892e-09	-1.182977e-08	-1.599800e+01	-1.516023e+03
7.210000e-06	-2.826059e-09	-1.183753e-08	-1.601594e+01	-1.517041e+03
7.220000e-06	-2.829076e-09	-1.184488e-08	-1.603304e+01	-1.517998e+03
7.230000e-06	-2.831879e-09	-1.185166e-08	-1.604893e+01	-1.518892e+03
7.240000e-06	-2.834405e-09	-1.185729e-08	-1.606324e+01	-1.519721e+03
7.250000e-06	-2.836619e-09	-1.186231e-08	-1.607579e+01	-1.520483e+03
7.260000e-06	-2.838540e-09	-1.186764e-08	-1.608668e+01	-1.521176e+03
7.270000e-06	-2.840247e-09	-1.187288e-08	-1.609635e+01	-1.521798e+03
7.280000e-06	-2.841811e-09	-1.187765e-08	-1.610522e+01	-1.522349e+03
7.290000e-06	-2.843230e-09	-1.188153e-08	-1.611325e+01	-1.522829e+03
7.300000e-06	-2.844461e-09	-1.188430e-08	-1.612023e+01	-1.523237e+03
7.310000e-06	-2.845491e-09	-1.188635e-08	-1.612607e+01	-1.523573e+03
7.320000e-06	-2.846341e-09	-1.188794e-08	-1.613089e+01	-1.523839e+03
7.330000e-06	-2.847028e-09	-1.188904e-08	-1.613478e+01	-1.524035e+03
7.340000e-06	-2.847489e-09	-1.188945e-08	-1.613739e+01	-1.524163e+03
7.350000e-06	-2.847737e-09	-1.188910e-08	-1.613880e+01	-1.524225e+03
